Date/Time	Green Algae	Bluegreen	Diatoms	Cryptophyta	#5	#6	#7	Yellow substances	Total conc.	Transmission	Depth	Temp. Sample	Green Algae	Bluegreen	Diatoms	Cryptophyta	#5	#6	#7	Yellow substances	Total cell count	Trans. 700 nm	LED 3 [525 nm]	LED 4 [570 nm]	LED 5 [610 nm]	LED 6 [370 nm]	LED 7 [590 nm]	LED 8 [470 nm]	Pressure	Temp. LEDs	Temp. Sensor
date	µg/l	µg/l	µg/l	µg/l	µg/l	µg/l	µg/l	r.u.	µg/l	%	m	°C	cells/ml	cells/ml	cells/ml	cells/ml	cells/ml	cells/ml	cells/ml	r.u.	cells/ml	digits	digits	digits	digits	digits	digits	digits	bar	°C	°C
5/7/2018 12:04:37 PM	0.81	1.72	0.00	0.00	0.00	0.00	0.00	0.00	2.52	35.77	0.11	32.09	428	1716	0	0	0	0	0	0	2143	62.40	1.25	-1.38	10.46	-0.95	10.96	4.24	1.01	23.65	7.75
5/7/2018 12:04:39 PM	0.00	1.76	0.00	0.00	0.00	0.00	0.00	0.00	1.76	36.95	0.10	32.08	0	1761	0	0	0	0	0	0	1761	64.46	-2.46	-1.23	11.66	1.34	8.90	-0.52	1.01	23.75	7.76
5/7/2018 12:04:42 PM	0.46	1.97	0.00	0.00	0.00	0.00	0.00	0.00	2.43	35.77	0.10	32.10	242	1974	0	0	0	0	0	0	2215	62.41	0.36	1.12	13.18	1.00	9.24	2.41	1.01	23.82	7.79
5/7/2018 12:04:44 PM	0.29	1.48	0.00	0.00	0.00	0.00	0.00	0.13	1.77	38.39	0.11	32.12	156	1477	0	0	0	0	0	0	1633	66.97	-0.10	-1.28	10.37	3.35	7.82	2.19	1.01	23.91	7.79
5/7/2018 12:04:47 PM	0.00	2.30	0.00	0.00	0.00	0.00	0.00	0.00	2.30	36.31	0.10	32.12	0	2299	0	0	0	0	0	0	2299	63.35	5.31	4.48	10.23	-1.00	13.43	-2.52	1.01	24.01	7.81
5/7/2018 12:04:49 PM	0.00	1.27	0.00	0.00	0.00	0.00	0.00	0.00	1.27	36.40	0.11	32.14	0	1271	0	0	0	0	0	0	1271	63.50	0.40	1.91	8.10	0.36	7.31	-3.83	1.01	24.08	7.83
5/7/2018 12:04:51 PM	0.00	1.53	0.00	0.00	0.00	0.00	0.00	0.12	1.53	38.92	0.10	32.16	0	1529	0	0	0	0	0	0	1529	67.90	2.06	-1.79	11.03	3.76	6.69	-0.68	1.01	24.16	7.83
5/7/2018 12:04:54 PM	0.00	1.81	0.80	0.00	0.00	0.00	0.00	0.00	2.61	34.91	0.11	32.16	0	1814	358	0	0	0	0	0	2172	60.92	5.58	2.25	11.05	1.06	10.22	3.37	1.01	24.25	7.83
5/7/2018 12:04:56 PM	0.00	1.29	0.00	0.34	0.00	0.00	0.00	0.00	1.63	29.82	0.10	32.19	0	1287	0	10	0	0	0	0	1297	52.04	1.60	4.14	9.64	-6.48	8.47	4.46	1.01	24.33	7.85
5/7/2018 12:04:58 PM	0.00	1.44	0.00	0.00	0.00	0.00	0.00	0.63	1.44	33.06	0.20	34.13	0	1440	0	0	0	0	0	0	1440	57.68	3.13	-2.07	11.16	9.16	6.45	3.30	1.02	24.41	7.86
5/7/2018 12:05:01 PM	0.62	0.00	1.60	0.00	0.00	0.00	0.00	0.80	2.21	90.73	0.39	39.21	326	0	719	0	0	0	0	0	1045	158.14	6.95	2.24	7.71	11.85	0.99	15.05	1.04	24.47	7.87
5/7/2018 12:05:03 PM	3.04	0.00	0.41	0.00	0.00	0.00	0.00	0.42	3.45	88.18	0.52	41.24	1611	0	184	0	0	0	0	0	1795	153.70	3.67	4.07	3.11	8.59	3.53	15.70	1.05	24.58	7.85
5/7/2018 12:05:06 PM	3.92	0.00	0.00	0.00	0.00	0.00	0.00	0.32	3.92	83.07	0.61	41.17	2078	0	0	0	0	0	0	0	2078	144.80	-1.65	-1.15	3.22	9.57	7.97	15.34	1.06	24.63	7.92
5/7/2018 12:05:08 PM	1.91	0.00	2.05	0.00	0.00	0.00	0.00	0.04	3.96	77.47	0.72	40.94	1010	0	924	0	0	0	0	0	1934	135.05	6.12	1.85	4.40	5.27	0.68	17.33	1.07	24.71	7.89
5/7/2018 12:05:10 PM	0.00	0.41	3.29	0.00	0.00	0.00	0.00	0.35	3.70	92.16	0.86	41.08	0	409	1481	0	0	0	0	0	1890	160.64	12.11	0.35	7.46	9.99	7.10	15.70	1.08	24.81	7.86
5/7/2018 12:05:13 PM	2.51	0.21	0.71	0.37	0.00	0.00	0.00	0.50	3.79	96.81	0.97	41.43	1329	205	318	11	0	0	0	0	1863	168.74	6.19	1.73	5.97	10.60	8.31	16.44	1.10	24.91	7.90
5/7/2018 12:05:15 PM	4.13	0.00	0.00	0.27	0.00	0.00	0.00	0.42	4.41	93.99	1.02	41.42	2190	0	0	8	0	0	0	0	2199	163.83	4.38	3.01	4.72	10.47	7.50	17.68	1.10	25.00	7.90
5/7/2018 12:05:17 PM	4.51	0.23	0.00	0.00	0.00	0.00	0.00	0.33	4.74	93.48	1.00	41.38	2389	229	0	0	0	0	0	0	2619	162.93	3.67	1.13	6.48	9.97	7.46	16.80	1.10	25.13	7.91
5/7/2018 12:05:20 PM	0.94	0.24	1.66	0.00	0.00	0.00	0.00	0.54	2.84	95.19	1.04	41.16	500	236	746	0	0	0	0	0	1482	165.91	6.71	1.44	7.04	9.84	4.46	14.31	1.10	25.17	7.94
5/7/2018 12:05:22 PM	4.19	0.22	0.00	0.00	0.00	0.00	0.00	0.40	4.41	93.93	1.07	41.06	2223	217	0	0	0	0	0	0	2440	163.72	2.89	2.09	5.77	10.39	7.56	16.42	1.11	25.25	7.95
5/7/2018 12:05:25 PM	3.45	0.42	0.00	0.06	0.00	0.00	0.00	0.63	3.93	94.19	1.10	41.06	1828	423	0	2	0	0	0	0	2252	164.17	3.63	1.27	5.15	11.93	9.58	16.25	1.11	25.37	7.93
5/7/2018 12:05:27 PM	2.30	0.00	1.18	0.22	0.00	0.00	0.00	0.61	3.70	92.57	1.11	40.97	1219	0	531	7	0	0	0	0	1757	161.35	6.96	-0.18	4.35	11.81	8.30	18.05	1.11	25.44	7.94
5/7/2018 12:05:29 PM	2.07	0.00	2.02	0.00	0.00	0.00	0.00	0.14	4.09	93.41	1.13	40.97	1096	0	911	0	0	0	0	0	2008	162.81	6.59	4.26	6.02	7.62	4.06	16.74	1.11	25.51	7.96
5/7/2018 12:05:32 PM	3.65	0.00	0.24	0.00	0.00	0.00	0.00	0.53	3.89	95.97	1.16	41.06	1935	0	106	0	0	0	0	0	2042	167.27	4.37	0.57	4.00	10.49	5.04	17.42	1.11	25.62	7.97
5/7/2018 12:05:34 PM	3.69	0.00	0.62	0.00	0.00	0.00	0.00	0.47	4.31	95.54	1.18	41.12	1954	0	279	0	0	0	0	0	2233	166.53	4.98	1.06	2.99	10.53	6.79	18.78	1.12	25.69	7.96
5/7/2018 12:05:36 PM	3.09	0.00	0.97	0.38	0.00	0.00	0.00	0.43	4.45	95.38	1.20	41.03	1640	0	436	12	0	0	0	0	2088	166.25	6.81	1.84	5.34	11.02	8.46	19.06	1.12	25.78	7.98
5/7/2018 12:05:39 PM	4.12	0.00	0.01	0.00	0.00	0.00	0.00	0.68	4.13	96.30	1.19	40.97	2182	0	4	0	0	0	0	0	2186	167.84	4.66	0.05	4.82	12.54	6.09	18.60	1.12	25.88	7.99
5/7/2018 12:05:41 PM	3.79	0.00	0.00	0.00	0.00	0.00	0.00	0.67	3.79	96.08	1.22	41.19	2008	0	0	0	0	0	0	0	2008	167.47	2.71	3.01	4.32	12.00	4.32	18.04	1.12	25.97	8.00
5/7/2018 12:05:44 PM	2.31	0.17	1.28	0.22	0.00	0.00	0.00	0.62	3.98	96.23	1.23	41.33	1226	170	575	7	0	0	0	0	1978	167.73	7.16	3.73	6.72	12.36	6.95	18.70	1.12	26.04	8.00
5/7/2018 12:05:46 PM	4.51	0.00	0.26	0.00	0.00	0.00	0.00	0.53	4.77	95.48	1.25	41.23	2391	0	116	0	0	0	0	0	2507	166.41	5.38	-1.14	6.50	12.22	6.30	19.54	1.12	26.14	8.01
5/7/2018 12:05:48 PM	2.04	0.00	0.00	0.61	0.00	0.00	0.00	0.84	2.65	95.90	1.27	41.28	1083	0	0	18	0	0	0	0	1102	167.15	6.19	3.59	2.98	11.94	6.81	16.26	1.12	26.21	8.04
5/7/2018 12:05:51 PM	3.17	0.00	1.10	0.00	0.00	0.00	0.00	0.36	4.27	95.28	1.28	41.28	1681	0	495	0	0	0	0	0	2176	166.07	5.40	4.11	4.75	9.51	4.31	18.38	1.13	26.30	8.02
5/7/2018 12:05:53 PM	5.06	0.12	0.03	0.00	0.00	0.00	0.00	0.37	5.20	95.62	1.29	41.16	2682	116	11	0	0	0	0	0	2810	166.66	4.78	-0.78	7.02	11.05	7.19	18.95	1.13	26.38	8.04
5/7/2018 12:05:55 PM	4.78	0.00	0.00	0.32	0.00	0.00	0.00	0.27	5.10	94.96	1.30	41.18	2532	0	0	10	0	0	0	0	2542	165.52	5.13	3.15	4.85	9.71	7.79	19.02	1.13	26.48	8.06
5/7/2018 12:05:58 PM	3.23	0.00	0.00	0.32	0.00	0.00	0.00	0.77	3.55	95.98	1.32	41.34	1712	0	0	10	0	0	0	0	1721	167.29	5.40	2.90	4.72	12.82	6.57	17.79	1.13	26.55	8.07
5/7/2018 12:06:00 PM	3.82	0.00	0.00	0.14	0.00	0.00	0.00	0.61	3.96	95.31	1.35	41.29	2024	0	0	4	0	0	0	0	2028	166.13	4.51	2.68	4.11	11.72	6.74	17.71	1.13	26.66	8.09
5/7/2018 12:06:03 PM	3.07	0.00	0.25	0.76	0.00	0.00	0.00	0.45	4.08	96.54	1.36	41.26	1629	0	113	23	0	0	0	0	1765	168.26	6.35	1.81	5.71	10.63	9.12	17.54	1.13	26.73	8.08
5/7/2018 12:06:05 PM	5.27	0.00	0.00	0.00	0.00	0.00	0.00	0.27	5.27	94.87	1.38	41.11	2794	0	0	0	0	0	0	0	2794	165.36	3.13	3.97	4.08	9.96	7.05	19.34	1.14	26.81	8.10
5/7/2018 12:06:07 PM	3.55	0.00	0.00	0.86	0.00	0.00	0.00	0.41	4.41	96.42	1.40	41.04	1884	0	0	26	0	0	0	0	1909	168.05	6.76	1.74	4.78	10.31	9.80	18.50	1.14	26.90	8.10
5/7/2018 12:06:10 PM	3.65	0.00	0.00	0.69	0.00	0.00	0.00	0.50	4.33	97.18	1.42	40.78	1933	0	0	21	0	0	0	0	1953	169.38	6.52	2.78	3.74	10.85	9.01	19.06	1.14	26.99	8.11
5/7/2018 12:06:12 PM	1.35	0.00	2.87	0.00	0.00	0.00	0.00	0.25	4.22	98.16	1.44	40.45	715	0	1293	0	0	0	0	0	2007	171.09	8.66	2.26	5.73	9.20	6.07	18.76	1.14	27.05	8.13
5/7/2018 12:06:14 PM	2.50	0.03	1.33	0.00	0.00	0.00	0.00	0.68	3.87	95.68	1.47	40.49	1327	33	600	0	0	0	0	0	1959	166.77	6.78	3.52	6.48	12.80	5.04	18.96	1.14	27.16	8.15
5/7/2018 12:06:17 PM	2.86	0.00	0.57	0.33	0.00	0.00	0.00	0.67	3.76	97.51	1.49	40.75	1515	0	254	10	0	0	0	0	1780	169.96	6.07	2.35	4.57	12.32	7.59	18.31	1.15	27.25	8.13
5/7/2018 12:06:19 PM	2.96	0.24	0.82	0.00	0.00	0.00	0.00	0.71	4.02	96.38	1.50	41.04	1571	242	367	0	0	0	0	0	2180	167.98	6.31	-0.95	5.15	12.95	8.82	18.48	1.15	27.30	8.15
5/7/2018 12:06:22 PM	1.02	0.00	2.55	0.00	0.00	0.00	0.00	0.57	3.57	95.02	1.50	41.10	541	0	1146	0	0	0	0	0	1687	165.62	8.15	2.34	2.54	10.97	6.16	19.74	1.15	27.39	8.17
5/7/2018 12:06:24 PM	2.92	0.23	1.27	0.00	0.00	0.00	0.00	0.61	4.41	94.91	1.52	41.01	1548	227	569	0	0	0	0	0	2345	165.43	7.22	1.81	9.44	12.79	4.49	19.53	1.15	27.49	8.17
5/7/2018 12:06:26 PM	2.73	0.05	0.00	0.58	0.00	0.00	0.00	1.02	3.37	96.40	1.53	40.95	1449	48	0	17	0	0	0	0	1515	168.02	6.22	2.90	5.64	15.37	7.94	19.15	1.15	27.56	8.17
5/7/2018 12:06:29 PM	5.74	0.00	0.00	0.00	0.00	0.00	0.00	0.12	5.74	96.14	1.55	40.86	3042	0	0	0	0	0	0	0	3042	167.57	2.76	-0.36	7.50	9.62	6.58	19.05	1.15	27.64	8.18
5/7/2018 12:06:31 PM	3.42	0.00	1.16	0.00	0.00	0.00	0.00	0.40	4.58	96.27	1.55	40.70	1813	0	523	0	0	0	0	0	2336	167.79	5.98	2.23	3.93	10.71	7.49	19.37	1.15	27.73	8.20
5/7/2018 12:06:33 PM	1.72	0.00	1.88	0.00	0.00	0.00	0.00	0.69	3.61	96.76	1.57	40.56	914	0	846	0	0	0	0	0	1761	168.64	7.70	-0.08	3.71	12.39	6.90	19.41	1.15	27.81	8.22
5/7/2018 12:06:36 PM	2.83	0.00	1.31	0.00	0.00	0.00	0.00	0.52	4.15	95.95	1.58	40.54	1502	0	591	0	0	0	0	0	2092	167.24	6.28	2.59	4.58	11.07	5.06	19.42	1.15	27.87	8.21
5/7/2018 12:06:38 PM	3.46	0.02	0.72	0.44	0.00	0.00	0.00	0.30	4.64	94.92	1.60	40.64	1832	23	323	13	0	0	0	0	2191	165.44	6.34	2.00	6.14	9.98	8.38	18.24	1.16	27.96	8.22
5/7/2018 12:06:41 PM	2.86	0.04	1.42	0.00	0.00	0.00	0.00	0.54	4.32	96.27	1.62	40.89	1515	35	639	0	0	0	0	0	2190	167.80	7.34	-1.01	7.21	12.03	5.73	19.38	1.16	28.05	8.21
5/7/2018 12:06:43 PM	3.78	0.00	0.00	0.12	0.00	0.00	0.00	0.66	3.89	95.85	1.63	41.11	2003	0	0	3	0	0	0	0	2007	167.07	3.82	2.67	2.86	12.17	7.79	17.99	1.16	28.14	8.26
5/7/2018 12:06:45 PM	5.03	0.01	0.00	0.20	0.00	0.00	0.00	0.28	5.24	96.53	1.65	41.01	2665	13	0	6	0	0	0	0	2685	168.25	4.44	2.12	6.07	10.31	7.89	18.85	1.16	28.21	8.26
5/7/2018 12:06:48 PM	4.86	0.17	0.59	0.00	0.00	0.00	0.00	0.36	5.63	97.20	1.66	40.85	2578	174	268	0	0	0	0	0	3020	169.42	5.87	1.49	7.87	11.71	7.34	20.77	1.16	28.29	8.28
5/7/2018 12:06:50 PM	4.12	0.20	0.00	0.59	0.00	0.00	0.00	0.27	4.92	96.89	1.69	40.89	2185	202	0	18	0	0	0	0	2404	168.88	4.93	2.15	6.40	9.83	10.31	17.70	1.17	28.35	8.27
5/7/2018 12:06:52 PM	2.52	0.00	1.85	0.00	0.00	0.00	0.00	0.42	4.38	97.36	1.71	41.14	1336	0	834	0	0	0	0	0	2171	169.70	7.56	-0.42	5.10	10.86	7.36	19.34	1.17	28.44	8.30
5/7/2018 12:06:55 PM	4.05	0.00	0.00	0.20	0.00	0.00	0.00	0.79	4.25	95.30	1.73	41.31	2145	0	0	6	0	0	0	0	2151	166.11	5.44	2.75	5.11	14.00	6.97	20.01	1.17	28.53	8.32
5/7/2018 12:06:57 PM	2.59	0.25	0.38	0.23	0.00	0.00	0.00	0.82	3.45	95.95	1.75	41.26	1371	247	173	7	0	0	0	0	1798	167.23	5.87	2.32	6.04	13.29	7.43	17.30	1.17	28.59	8.32
5/7/2018 12:07:00 PM	2.20	0.33	1.26	0.00	0.00	0.00	0.00	0.78	3.79	96.41	1.77	41.21	1164	335	565	0	0	0	0	0	2064	168.05	7.04	1.20	5.99	13.46	8.12	18.57	1.17	28.66	8.33
5/7/2018 12:07:02 PM	1.91	0.00	1.86	0.00	0.00	0.00	0.00	0.52	3.77	96.57	1.80	41.24	1011	0	838	0	0	0	0	0	1849	168.32	7.30	0.72	4.12	11.01	6.77	18.46	1.18	28.77	8.34
5/7/2018 12:07:04 PM	4.21	0.00	0.58	0.00	0.00	0.00	0.00	0.48	4.79	95.58	1.81	41.04	2229	0	261	0	0	0	0	0	2491	166.59	5.62	0.40	5.59	11.85	7.24	19.57	1.18	28.84	8.36
5/7/2018 12:07:07 PM	3.78	0.36	0.00	0.00	0.00	0.00	0.00	0.74	4.14	96.39	1.84	40.80	2003	365	0	0	0	0	0	0	2368	168.00	3.95	0.37	6.55	13.43	8.06	17.90	1.18	28.92	8.36
5/7/2018 12:07:09 PM	1.18	0.29	1.66	0.00	0.00	0.00	0.00	0.73	3.13	96.40	1.86	40.85	625	286	748	0	0	0	0	0	1659	168.03	7.39	-0.19	5.54	12.13	7.44	16.65	1.18	29.00	8.37
5/7/2018 12:07:11 PM	3.73	0.00	1.28	0.00	0.00	0.00	0.00	0.29	5.02	96.87	1.89	40.94	1979	0	578	0	0	0	0	0	2558	168.84	6.55	0.38	6.09	10.35	7.18	19.57	1.19	29.05	8.39
5/7/2018 12:07:14 PM	4.21	0.05	0.70	0.00	0.00	0.00	0.00	0.38	4.96	97.40	1.92	41.08	2234	47	316	0	0	0	0	0	2597	169.76	5.69	0.14	5.47	11.07	8.06	19.31	1.19	29.13	8.39
5/7/2018 12:07:16 PM	5.31	0.00	0.00	0.00	0.00	0.00	0.00	0.34	5.31	97.46	1.94	41.13	2817	0	0	0	0	0	0	0	2817	169.87	2.26	0.37	5.45	10.89	5.96	20.29	1.19	29.19	8.40
5/7/2018 12:07:19 PM	3.31	0.00	1.33	0.00	0.00	0.00	0.00	0.32	4.64	97.30	1.97	41.00	1755	0	599	0	0	0	0	0	2354	169.59	6.30	2.74	6.43	10.14	5.51	18.80	1.19	29.29	8.42
5/7/2018 12:07:21 PM	3.87	0.00	0.00	0.14	0.00	0.00	0.00	0.71	4.02	96.39	2.00	41.16	2054	0	0	4	0	0	0	0	2058	168.00	5.29	4.06	4.72	12.66	5.63	18.83	1.20	29.34	8.43
5/7/2018 12:07:23 PM	3.04	0.06	1.36	0.02	0.00	0.00	0.00	0.47	4.48	96.88	2.02	41.40	1609	61	613	1	0	0	0	0	2284	168.86	6.75	2.33	5.95	11.54	6.98	19.28	1.20	29.43	8.46
5/7/2018 12:07:26 PM	4.34	0.00	0.13	0.00	0.00	0.00	0.00	0.42	4.47	97.42	2.05	41.52	2300	4	58	0	0	0	0	0	2361	169.81	4.43	1.45	6.34	10.64	5.51	17.44	1.20	29.50	8.46
5/7/2018 12:07:28 PM	3.18	0.04	0.83	0.00	0.00	0.00	0.00	0.61	4.05	96.40	2.06	41.48	1686	44	373	0	0	0	0	0	2103	168.01	6.04	1.09	6.63	12.19	5.39	18.37	1.20	29.58	8.46
5/7/2018 12:07:30 PM	5.63	0.00	0.00	0.64	0.00	0.00	0.00	0.02	6.27	95.28	2.07	41.42	2982	0	0	19	0	0	0	0	3002	166.07	5.60	3.03	6.42	9.03	10.14	20.90	1.20	29.64	8.48
5/7/2018 12:07:33 PM	4.06	0.00	1.16	0.00	0.00	0.00	0.00	0.18	5.22	96.80	2.09	41.40	2153	0	522	0	0	0	0	0	2676	168.72	6.13	0.32	5.95	9.44	7.10	19.39	1.21	29.73	8.50
5/7/2018 12:07:35 PM	3.61	0.00	0.00	0.53	0.00	0.00	0.00	0.44	4.13	96.86	2.11	41.34	1912	0	0	16	0	0	0	0	1928	168.82	5.00	3.22	3.79	10.22	8.50	17.55	1.21	29.78	8.50
5/7/2018 12:07:38 PM	5.28	0.00	0.49	0.00	0.00	0.00	0.00	0.28	5.77	97.11	2.12	41.40	2800	0	220	0	0	0	0	0	3020	169.25	5.29	0.76	5.23	10.76	7.39	21.55	1.21	29.85	8.50
5/7/2018 12:07:40 PM	0.72	0.00	0.00	1.44	0.00	0.00	0.00	0.97	2.17	97.16	2.13	41.57	383	0	0	43	0	0	0	0	427	169.35	7.82	1.52	4.35	13.30	10.81	16.18	1.21	29.94	8.51
5/7/2018 12:07:42 PM	2.40	0.67	0.20	0.05	0.00	0.00	0.00	1.06	3.32	97.25	2.15	41.59	1272	666	91	2	0	0	0	0	2032	169.50	5.90	-0.05	6.30	15.19	9.74	17.22	1.21	30.00	8.53
5/7/2018 12:07:45 PM	1.67	0.00	2.60	0.00	0.00	0.00	0.00	0.45	4.27	96.08	2.17	41.60	887	0	1170	0	0	0	0	0	2057	167.46	8.73	2.22	6.15	11.11	5.13	20.46	1.21	30.07	8.52
5/7/2018 12:07:47 PM	3.85	0.00	0.76	0.00	0.00	0.00	0.00	0.39	4.61	96.77	2.17	41.58	2042	0	342	0	0	0	0	0	2384	168.67	5.24	1.68	3.96	10.30	6.36	19.25	1.21	30.14	8.57
5/7/2018 12:07:49 PM	1.93	0.00	1.76	0.00	0.00	0.00	0.00	0.63	3.69	96.31	2.21	41.61	1022	0	792	0	0	0	0	0	1813	167.87	7.16	1.21	4.01	11.45	4.27	19.80	1.22	30.22	8.59
5/7/2018 12:07:52 PM	4.29	0.00	0.73	0.00	0.00	0.00	0.00	0.36	5.03	95.89	2.23	41.66	2276	0	330	0	0	0	0	0	2606	167.13	5.76	-0.15	6.45	10.68	5.52	19.92	1.22	30.28	8.55
5/7/2018 12:07:54 PM	4.65	0.00	0.08	0.00	0.00	0.00	0.00	0.53	4.73	96.34	2.25	41.68	2466	0	36	0	0	0	0	0	2502	167.92	4.56	0.16	4.29	11.46	5.33	20.27	1.22	30.37	8.59
5/7/2018 12:07:57 PM	3.71	0.23	0.26	0.00	0.00	0.00	0.00	0.66	4.20	95.51	2.29	41.58	1966	229	119	0	0	0	0	0	2315	166.46	5.35	-0.15	6.74	12.58	6.91	18.02	1.22	30.40	8.58
5/7/2018 12:07:59 PM	3.31	0.00	1.21	0.00	0.00	0.00	0.00	0.50	4.53	96.84	2.25	41.41	1756	0	546	0	0	0	0	0	2302	168.79	6.45	-1.33	4.15	10.75	3.47	21.61	1.22	30.47	8.59
5/7/2018 12:08:01 PM	3.95	0.00	0.53	0.00	0.00	0.00	0.00	0.67	4.49	96.35	2.27	41.53	2095	0	240	0	0	0	0	0	2335	167.94	5.90	1.52	7.59	13.22	3.99	20.22	1.22	30.54	8.61
5/7/2018 12:08:04 PM	3.52	0.00	0.00	0.61	0.00	0.00	0.00	0.75	4.13	96.36	2.27	41.58	1864	0	0	18	0	0	0	0	1882	167.96	5.83	3.44	5.67	13.70	8.39	19.68	1.22	30.62	8.61
5/7/2018 12:08:06 PM	5.05	0.00	0.00	0.00	0.00	0.00	0.00	0.69	5.05	97.58	2.29	41.54	2678	0	0	0	0	0	0	0	2678	170.08	5.06	1.94	5.88	14.00	6.22	21.70	1.22	30.67	8.65
5/7/2018 12:08:09 PM	4.09	0.47	0.73	0.00	0.00	0.00	0.00	0.42	5.29	97.38	2.30	41.57	2168	471	329	0	0	0	0	0	2969	169.73	6.05	2.17	8.29	11.64	8.50	19.45	1.23	30.77	8.65
5/7/2018 12:08:11 PM	2.55	0.00	1.92	0.00	0.00	0.00	0.00	0.40	4.46	95.84	2.31	40.11	1350	0	863	0	0	0	0	0	2212	167.04	7.58	1.12	6.63	10.55	4.05	20.12	1.23	30.83	8.69
5/7/2018 12:08:13 PM	0.92	0.06	2.02	0.00	0.00	0.00	0.00	0.99	3.00	96.38	2.34	38.75	488	56	911	0	0	0	0	0	1455	167.98	8.69	-0.08	5.70	14.96	5.82	19.47	1.23	30.86	8.65
5/7/2018 12:08:16 PM	5.70	0.05	0.00	0.00	0.00	0.00	0.00	0.48	5.75	97.60	2.34	39.87	3019	54	0	0	0	0	0	0	3073	170.10	4.48	0.68	7.25	13.15	7.44	21.79	1.23	30.93	8.72
5/7/2018 12:08:18 PM	4.16	0.00	0.00	0.41	0.00	0.00	0.00	0.72	4.57	97.14	2.36	40.19	2207	0	0	12	0	0	0	0	2219	169.32	5.24	4.61	6.35	14.14	7.50	20.65	1.23	31.01	8.72
5/7/2018 12:08:20 PM	4.93	0.01	0.00	0.00	0.00	0.00	0.00	0.58	4.93	96.75	2.36	41.05	2611	8	0	0	0	0	0	0	2619	168.64	4.11	0.42	6.47	13.02	6.65	20.07	1.23	31.05	8.73
5/7/2018 12:08:23 PM	4.29	0.01	1.17	0.00	0.00	0.00	0.00	0.38	5.47	97.04	2.38	41.34	2275	12	525	0	0	0	0	0	2812	169.14	6.74	2.46	7.19	12.01	6.71	21.61	1.23	31.11	8.76
5/7/2018 12:08:25 PM	4.71	0.07	0.73	0.00	0.00	0.00	0.00	0.36	5.52	97.89	2.38	40.33	2498	73	330	0	0	0	0	0	2901	170.62	6.06	0.40	6.51	11.67	8.08	20.91	1.23	31.17	8.74
5/7/2018 12:08:27 PM	4.54	0.00	0.00	0.44	0.00	0.00	0.00	0.59	4.99	97.48	2.39	39.26	2408	0	0	13	0	0	0	0	2421	169.90	5.16	4.28	6.21	13.31	8.30	20.97	1.23	31.24	8.73
5/7/2018 12:08:30 PM	0.88	0.00	2.72	0.00	0.00	0.00	0.00	0.61	3.60	96.78	2.41	38.85	465	0	1226	0	0	0	0	0	1691	168.68	9.00	2.54	5.78	12.06	5.40	19.46	1.24	31.30	8.75
5/7/2018 12:08:32 PM	2.21	0.00	1.99	0.69	0.00	0.00	0.00	0.28	4.89	97.02	2.46	38.57	1171	0	897	21	0	0	0	0	2089	169.11	9.06	3.90	5.40	10.41	9.88	21.18	1.24	31.36	8.78
5/7/2018 12:08:35 PM	2.38	0.00	1.02	0.00	0.00	0.00	0.00	0.75	3.40	95.96	2.49	38.79	1262	0	457	0	0	0	0	0	1719	167.26	6.18	2.58	5.98	12.75	4.31	17.85	1.24	31.44	8.77
5/7/2018 12:08:37 PM	4.77	0.00	0.00	0.63	0.00	0.00	0.00	0.14	5.40	97.71	2.52	39.19	2526	0	0	19	0	0	0	0	2545	170.31	5.49	4.62	4.85	8.81	8.95	19.50	1.25	31.47	8.79
5/7/2018 12:08:39 PM	5.76	0.11	0.49	0.00	0.00	0.00	0.00	0.25	6.36	96.66	2.54	38.35	3053	110	219	0	0	0	0	0	3382	168.47	5.64	2.71	7.64	11.65	8.00	22.30	1.25	31.52	8.80
5/7/2018 12:08:42 PM	5.72	0.00	0.00	0.00	0.00	0.00	0.00	0.29	5.72	97.93	2.55	36.53	3029	0	0	0	0	0	0	0	3029	170.68	4.66	0.66	4.37	10.69	8.39	20.74	1.25	31.58	8.80
5/7/2018 12:08:44 PM	2.67	0.22	1.30	0.00	0.00	0.00	0.00	0.78	4.20	96.96	2.56	36.28	1415	224	586	0	0	0	0	0	2226	169.00	7.29	3.19	7.55	14.17	6.06	20.25	1.25	31.64	8.79
5/7/2018 12:08:46 PM	3.25	0.00	0.47	0.57	0.00	0.00	0.00	0.58	4.30	97.92	2.59	36.34	1724	0	213	17	0	0	0	0	1955	170.67	6.62	3.45	6.08	12.31	8.03	19.44	1.25	31.67	8.86
5/7/2018 12:08:49 PM	4.63	0.00	0.00	0.00	0.00	0.00	0.00	0.66	4.63	96.23	2.62	36.14	2455	0	0	0	0	0	0	0	2455	167.73	4.39	2.34	4.81	13.01	5.84	20.41	1.26	31.76	8.86
5/7/2018 12:08:51 PM	3.91	0.12	0.45	0.00	0.00	0.00	0.00	0.68	4.48	96.63	2.65	36.16	2072	123	203	0	0	0	0	0	2398	168.43	5.98	-0.12	7.71	13.35	5.70	19.61	1.26	31.80	8.86
5/7/2018 12:08:54 PM	4.33	0.00	0.00	0.00	0.00	0.00	0.00	0.77	4.33	96.53	2.68	36.22	2294	0	0	0	0	0	0	0	2294	168.25	4.31	3.20	5.90	13.84	4.51	20.18	1.26	31.83	8.88
5/7/2018 12:08:56 PM	4.04	0.00	0.11	0.00	0.00	0.00	0.00	0.70	4.15	97.32	2.69	36.26	2142	0	50	0	0	0	0	0	2192	169.63	4.81	2.08	6.82	12.53	1.91	19.64	1.26	31.88	8.87
5/7/2018 12:08:58 PM	6.02	0.00	0.00	0.19	0.00	0.00	0.00	0.23	6.22	95.17	2.71	36.37	3193	0	0	6	0	0	0	0	3198	165.88	5.21	5.31	4.79	10.54	7.76	22.44	1.27	31.93	8.88
5/7/2018 12:09:01 PM	2.96	0.00	1.11	0.00	0.00	0.00	0.00	0.61	4.08	95.53	2.74	36.66	1571	0	501	0	0	0	0	0	2072	166.51	6.37	2.25	5.75	12.30	5.58	19.10	1.27	31.97	8.90
5/7/2018 12:09:03 PM	4.11	0.00	0.74	0.02	0.00	0.00	0.00	0.48	4.87	97.62	2.74	36.55	2179	0	333	0	0	0	0	0	2513	170.15	5.83	1.58	5.29	11.96	7.49	20.08	1.27	32.03	8.90
5/7/2018 12:09:06 PM	4.44	0.04	0.44	0.00	0.00	0.00	0.00	0.70	4.92	97.45	2.78	36.54	2353	43	197	0	0	0	0	0	2592	169.84	6.17	-0.23	6.70	14.22	6.97	21.41	1.27	32.04	8.92
5/7/2018 12:09:08 PM	5.46	0.00	0.00	0.00	0.00	0.00	0.00	0.56	5.46	96.75	2.79	36.59	2896	0	0	0	0	0	0	0	2896	168.63	4.23	0.37	5.44	13.11	6.25	22.52	1.27	32.11	8.95
5/7/2018 12:09:10 PM	3.92	0.00	1.38	0.25	0.00	0.00	0.00	0.36	5.54	97.38	2.82	36.14	2076	0	621	7	0	0	0	0	2704	169.72	7.61	2.72	6.45	11.92	8.53	22.31	1.28	32.15	8.95
5/7/2018 12:09:13 PM	6.01	0.00	0.00	0.01	0.00	0.00	0.00	0.27	6.02	97.49	2.84	36.12	3184	0	0	0	0	0	0	0	3184	169.93	4.78	3.26	4.07	10.66	7.97	21.80	1.28	32.17	8.97
5/7/2018 12:09:15 PM	5.22	0.00	0.00	0.13	0.00	0.00	0.00	0.60	5.35	97.64	2.87	35.79	2767	0	0	4	0	0	0	0	2771	170.19	5.25	2.88	6.16	13.71	7.50	21.85	1.28	32.24	8.99
5/7/2018 12:09:17 PM	6.30	0.24	0.10	0.00	0.00	0.00	0.00	0.41	6.64	95.92	2.90	35.20	3341	240	44	0	0	0	0	0	3625	167.19	5.60	2.61	8.75	13.44	8.30	23.61	1.28	32.26	8.99
5/7/2018 12:09:20 PM	5.85	0.00	0.25	0.00	0.00	0.00	0.00	0.47	6.10	96.89	2.92	35.16	3101	0	114	0	0	0	0	0	3214	168.87	5.42	2.22	6.01	12.99	6.37	24.08	1.29	32.30	9.00
5/7/2018 12:09:22 PM	5.72	0.00	0.00	0.00	0.00	0.00	0.00	0.53	5.72	95.75	2.95	35.02	3032	0	0	0	0	0	0	0	3032	166.90	4.46	2.21	4.98	13.21	7.37	22.89	1.29	32.33	9.00
5/7/2018 12:09:25 PM	5.85	0.00	0.00	0.22	0.00	0.00	0.00	0.41	6.07	97.97	3.01	34.69	3101	0	0	6	0	0	0	0	3107	170.76	5.31	2.45	6.17	12.76	8.90	22.78	1.29	32.36	9.00
5/7/2018 12:09:27 PM	5.87	0.27	0.00	0.00	0.00	0.00	0.00	0.61	6.13	96.70	3.06	34.54	3109	265	0	0	0	0	0	0	3374	168.55	4.65	0.23	8.59	14.96	8.54	23.45	1.30	32.40	9.01
5/7/2018 12:09:29 PM	5.73	0.17	0.00	0.14	0.00	0.00	0.00	0.63	6.04	97.32	3.16	34.38	3035	170	0	4	0	0	0	0	3209	169.62	5.35	3.10	7.25	15.06	9.23	23.79	1.31	32.42	9.02
5/7/2018 12:09:32 PM	5.55	0.00	0.19	0.00	0.00	0.00	0.00	0.70	5.74	97.29	3.21	34.21	2941	0	85	0	0	0	0	0	3026	169.57	5.78	2.49	6.28	15.09	6.66	24.36	1.31	32.47	9.04
5/7/2018 12:09:34 PM	6.78	0.00	0.35	0.00	0.00	0.00	0.00	0.40	7.13	96.97	3.24	34.29	3594	0	156	0	0	0	0	0	3750	169.02	6.16	1.84	6.82	14.13	8.74	26.49	1.32	32.47	9.05
5/7/2018 12:09:36 PM	5.02	0.00	0.12	0.00	0.00	0.00	0.00	0.89	5.13	97.09	3.32	34.27	2659	0	52	0	0	0	0	0	2711	169.23	5.85	1.64	5.50	16.21	7.01	23.78	1.32	32.51	9.06
5/7/2018 12:09:39 PM	5.84	0.23	0.27	0.00	0.00	0.00	0.00	0.68	6.34	97.10	3.38	34.10	3095	229	121	0	0	0	0	0	3445	169.24	6.46	2.18	8.21	15.90	8.74	25.10	1.33	32.54	9.07
5/7/2018 12:09:41 PM	5.84	0.13	0.49	0.00	0.00	0.00	0.00	0.52	6.46	96.97	3.43	33.65	3097	127	221	0	0	0	0	0	3445	169.02	6.45	2.51	7.97	14.52	8.31	24.74	1.34	32.57	9.10
5/7/2018 12:09:44 PM	5.15	0.07	0.23	0.09	0.00	0.00	0.00	0.88	5.54	96.06	3.46	33.46	2731	73	104	3	0	0	0	0	2911	167.43	6.55	3.05	7.24	16.95	7.73	24.67	1.34	32.58	9.09
5/7/2018 12:09:46 PM	7.08	0.00	0.31	0.00	0.00	0.00	0.00	0.33	7.39	97.47	3.48	33.15	3753	0	139	0	0	0	0	0	3892	169.88	6.08	2.37	7.78	13.76	7.91	26.75	1.34	32.62	9.12
5/7/2018 12:09:48 PM	6.45	0.00	0.31	0.09	0.00	0.00	0.00	0.59	6.85	96.75	3.52	32.82	3421	0	140	3	0	0	0	0	3564	168.63	6.75	1.65	7.18	15.81	9.37	26.85	1.34	32.62	9.11
5/7/2018 12:09:51 PM	7.06	0.06	0.17	0.00	0.00	0.00	0.00	0.51	7.28	97.14	3.54	33.00	3740	57	77	0	0	0	0	0	3874	169.32	6.43	1.27	8.15	15.55	9.11	27.14	1.35	32.66	9.12
5/7/2018 12:09:53 PM	6.07	0.00	1.06	0.00	0.00	0.00	0.00	0.42	7.13	96.48	3.61	32.73	3217	0	476	0	0	0	0	0	3694	168.17	7.58	1.23	7.38	14.37	7.88	27.74	1.35	32.67	9.11
5/7/2018 12:09:55 PM	7.32	0.11	0.00	0.00	0.00	0.00	0.00	0.56	7.43	97.06	3.66	32.45	3881	106	0	0	0	0	0	0	3987	169.17	5.99	1.25	8.29	16.26	9.61	27.68	1.36	32.69	9.14
5/7/2018 12:09:58 PM	6.67	0.00	0.00	0.45	0.00	0.00	0.00	0.47	7.11	96.99	3.69	32.41	3533	0	0	13	0	0	0	0	3547	169.05	6.72	2.91	7.71	14.97	10.38	26.84	1.36	32.68	9.14
5/7/2018 12:10:00 PM	5.37	0.00	1.19	0.00	0.00	0.00	0.00	0.50	6.55	96.83	3.72	32.46	2844	0	534	0	0	0	0	0	3378	168.76	7.73	1.88	7.59	14.68	7.90	26.26	1.36	32.70	9.16
5/7/2018 12:10:03 PM	4.78	0.04	1.08	0.00	0.00	0.00	0.00	0.64	5.90	97.03	3.76	32.87	2532	45	486	0	0	0	0	0	3062	169.11	7.59	1.55	7.46	15.19	7.84	24.85	1.37	32.73	9.16
5/7/2018 12:10:05 PM	6.22	0.00	0.48	0.00	0.00	0.00	0.00	0.55	6.70	96.96	3.79	33.16	3299	0	215	0	0	0	0	0	3513	169.00	6.59	1.93	7.15	15.11	8.07	26.38	1.37	32.75	9.16
5/7/2018 12:10:07 PM	5.19	0.00	0.98	0.00	0.00	0.00	0.00	0.50	6.18	96.69	3.83	33.26	2753	0	443	0	0	0	0	0	3196	168.53	6.95	2.43	6.19	13.97	8.30	24.87	1.37	32.74	9.16
5/7/2018 12:10:10 PM	4.71	0.21	0.99	0.00	0.00	0.00	0.00	0.82	5.91	97.25	3.85	33.24	2495	209	447	0	0	0	0	0	3150	169.50	7.91	2.26	8.25	16.94	8.29	25.76	1.38	32.75	9.18
5/7/2018 12:10:12 PM	5.03	0.06	1.33	0.00	0.00	0.00	0.00	0.50	6.43	97.88	3.92	32.49	2668	63	599	0	0	0	0	0	3331	170.61	7.99	1.71	7.86	14.58	8.42	25.68	1.38	32.77	9.20
5/7/2018 12:10:14 PM	5.24	0.00	1.08	0.07	0.00	0.00	0.00	0.45	6.39	96.34	3.95	31.44	2778	0	485	2	0	0	0	0	3265	167.91	7.39	2.61	7.15	14.00	8.51	25.17	1.39	32.79	9.19
5/7/2018 12:10:17 PM	6.13	0.00	0.00	0.17	0.00	0.00	0.00	0.63	6.31	97.78	3.99	31.33	3251	0	0	5	0	0	0	0	3257	170.43	6.43	1.64	6.31	15.20	9.11	25.30	1.39	32.80	9.20
5/7/2018 12:10:19 PM	5.90	0.00	0.38	0.00	0.00	0.00	0.00	0.58	6.28	97.28	4.03	31.52	3127	0	171	0	0	0	0	0	3297	169.56	6.29	1.31	7.28	14.60	6.49	25.40	1.39	32.79	9.22
5/7/2018 12:10:22 PM	5.38	0.00	0.83	0.00	0.00	0.00	0.00	0.59	6.21	97.12	4.06	31.50	2849	0	375	0	0	0	0	0	3224	169.28	7.05	2.04	7.04	14.92	7.72	25.42	1.40	32.79	9.22
5/7/2018 12:10:24 PM	6.00	0.00	0.79	0.01	0.00	0.00	0.00	0.52	6.79	97.06	4.09	31.53	3178	0	354	0	0	0	0	0	3532	169.18	7.05	2.55	6.76	15.06	8.98	26.70	1.40	32.80	9.23
5/7/2018 12:10:26 PM	5.33	0.10	0.79	0.00	0.00	0.00	0.00	0.66	6.22	97.42	4.12	31.95	2825	103	353	0	0	0	0	0	3282	169.80	7.22	2.34	7.79	15.70	8.24	25.49	1.40	32.80	9.24
5/7/2018 12:10:29 PM	5.85	0.00	0.25	0.03	0.00	0.00	0.00	0.66	6.14	97.41	4.16	31.85	3101	0	115	1	0	0	0	0	3216	169.79	6.22	2.13	6.70	15.51	8.29	25.02	1.41	32.81	9.26
5/7/2018 12:10:31 PM	5.54	0.01	0.31	0.13	0.00	0.00	0.00	0.51	5.99	96.72	4.20	31.12	2938	6	141	4	0	0	0	0	3088	168.58	6.17	1.74	6.77	13.87	8.55	23.49	1.41	32.80	9.25
5/7/2018 12:10:33 PM	4.71	0.12	0.80	0.00	0.00	0.00	0.00	0.62	5.63	97.67	4.23	30.84	2495	121	362	0	0	0	0	0	2978	170.23	6.82	1.78	6.83	14.49	8.41	23.31	1.41	32.80	9.26
5/7/2018 12:10:36 PM	5.10	0.04	0.60	0.04	0.00	0.00	0.00	0.62	5.78	97.10	4.29	30.36	2701	43	269	1	0	0	0	0	3014	169.24	6.60	2.20	6.88	14.73	8.09	23.82	1.42	32.78	9.25
5/7/2018 12:10:38 PM	4.76	0.00	0.38	0.00	0.00	0.00	0.00	0.62	5.14	97.08	4.32	29.64	2523	0	170	0	0	0	0	0	2693	169.21	5.77	1.33	6.15	13.74	7.14	21.61	1.42	32.80	9.26
5/7/2018 12:10:41 PM	4.40	0.14	0.46	0.02	0.00	0.00	0.00	0.66	5.02	97.09	4.33	29.56	2331	144	207	1	0	0	0	0	2683	169.22	5.96	1.86	6.47	13.86	7.84	21.15	1.42	32.82	9.28
5/7/2018 12:10:43 PM	4.12	0.03	0.00	0.33	0.00	0.00	0.00	0.66	4.48	97.32	4.36	29.99	2183	30	0	10	0	0	0	0	2223	169.62	5.50	2.62	6.19	13.22	7.56	19.62	1.43	32.78	9.28
5/7/2018 12:10:45 PM	4.16	0.21	0.59	0.00	0.00	0.00	0.00	0.57	4.96	97.42	4.39	30.60	2207	206	267	0	0	0	0	0	2679	169.80	6.04	0.94	7.06	12.86	7.59	20.21	1.43	32.76	9.29
5/7/2018 12:10:48 PM	3.54	0.15	0.64	0.00	0.00	0.00	0.00	0.72	4.32	97.55	4.43	30.44	1874	147	287	0	0	0	0	0	2308	170.02	6.01	1.84	6.19	13.58	7.00	19.61	1.43	32.77	9.28
5/7/2018 12:10:50 PM	3.38	0.00	0.36	0.19	0.00	0.00	0.00	0.60	3.93	97.60	4.49	29.45	1792	0	164	6	0	0	0	0	1961	170.11	5.33	1.85	4.88	11.76	7.05	17.75	1.44	32.75	9.28
5/7/2018 12:10:52 PM	2.99	0.00	0.25	0.27	0.00	0.00	0.00	0.62	3.51	97.53	4.53	29.14	1582	0	114	8	0	0	0	0	1705	169.98	5.18	1.98	5.01	11.46	6.68	16.49	1.44	32.74	9.28
5/7/2018 12:10:55 PM	2.61	0.20	0.34	0.00	0.00	0.00	0.00	0.69	3.14	97.49	4.58	28.99	1382	197	152	0	0	0	0	0	1732	169.93	4.75	1.29	5.45	11.50	6.00	15.10	1.45	32.73	9.31
5/7/2018 12:10:57 PM	2.83	0.07	0.28	0.18	0.00	0.00	0.00	0.51	3.37	97.66	4.61	28.94	1502	71	128	5	0	0	0	0	1706	170.22	4.71	1.29	4.82	10.06	6.79	14.88	1.45	32.73	9.32
5/7/2018 12:11:00 PM	2.13	0.25	0.58	0.00	0.00	0.00	0.00	0.61	2.95	97.70	4.64	29.07	1126	249	259	0	0	0	0	0	1635	170.28	4.82	1.38	5.08	10.37	6.42	13.93	1.46	32.69	9.30
5/7/2018 12:11:02 PM	2.48	0.06	0.00	0.23	0.00	0.00	0.00	0.61	2.77	97.86	4.66	29.18	1316	57	0	7	0	0	0	0	1379	170.56	4.05	1.80	4.41	10.24	6.23	13.55	1.46	32.71	9.31
5/7/2018 12:11:04 PM	1.94	0.25	0.57	0.03	0.00	0.00	0.00	0.63	2.79	97.75	4.69	29.66	1031	253	256	1	0	0	0	0	1540	170.37	4.84	1.40	4.92	10.40	6.50	13.64	1.46	32.68	9.32
5/7/2018 12:11:07 PM	2.60	0.11	0.32	0.07	0.00	0.00	0.00	0.58	3.11	97.36	4.71	29.93	1379	108	145	2	0	0	0	0	1635	169.70	4.51	1.57	4.77	10.36	6.18	14.41	1.46	32.69	9.30
5/7/2018 12:11:09 PM	1.91	0.10	0.68	0.07	0.00	0.00	0.00	0.64	2.76	97.85	4.76	29.66	1012	100	306	2	0	0	0	0	1421	170.55	5.06	2.00	4.67	10.57	5.75	14.20	1.47	32.68	9.33
5/7/2018 12:11:11 PM	2.16	0.02	0.28	0.16	0.00	0.00	0.00	0.58	2.62	97.32	4.79	29.57	1142	25	126	5	0	0	0	0	1298	169.62	4.33	1.88	4.31	9.77	5.53	13.15	1.47	32.65	9.32
5/7/2018 12:11:14 PM	2.44	0.15	0.18	0.12	0.00	0.00	0.00	0.56	2.89	96.95	4.83	29.64	1294	149	80	4	0	0	0	0	1527	168.99	4.22	1.25	4.64	9.78	6.43	13.31	1.47	32.61	9.31
5/7/2018 12:11:16 PM	1.73	0.03	0.00	0.43	0.00	0.00	0.00	0.67	2.19	97.91	4.87	29.69	917	28	0	13	0	0	0	0	958	170.65	4.43	2.29	4.39	10.02	5.98	12.42	1.48	32.61	9.33
5/7/2018 12:11:19 PM	1.42	0.00	0.26	0.31	0.00	0.00	0.00	0.56	1.99	97.57	4.91	28.85	755	0	116	9	0	0	0	0	880	170.06	4.26	1.54	3.73	8.74	5.61	11.21	1.48	32.58	9.33
5/7/2018 12:11:21 PM	1.74	0.14	0.00	0.15	0.00	0.00	0.00	0.65	2.02	97.76	4.96	27.75	923	135	0	4	0	0	0	0	1062	170.40	3.61	1.57	4.04	9.42	5.53	11.09	1.49	32.59	9.31
5/7/2018 12:11:23 PM	1.14	0.17	0.62	0.00	0.00	0.00	0.00	0.62	1.93	97.52	4.99	27.91	602	170	281	0	0	0	0	0	1053	169.98	4.35	0.97	4.21	9.12	5.07	11.04	1.49	32.56	9.33
5/7/2018 12:11:26 PM	2.22	0.15	0.11	0.00	0.00	0.00	0.00	0.55	2.49	97.80	5.02	28.49	1179	154	51	0	0	0	0	0	1384	170.46	3.52	1.47	4.57	9.03	5.16	11.69	1.49	32.53	9.33
5/7/2018 12:11:28 PM	1.61	0.15	0.26	0.09	0.00	0.00	0.00	0.61	2.11	97.48	5.07	28.83	851	149	117	3	0	0	0	0	1120	169.90	3.93	1.28	4.03	9.14	5.63	11.21	1.50	32.52	9.33
5/7/2018 12:11:30 PM	1.58	0.19	0.36	0.00	0.00	0.00	0.00	0.61	2.13	97.70	5.11	28.53	837	193	162	0	0	0	0	0	1192	170.29	3.94	1.23	4.27	9.23	5.36	11.25	1.50	32.48	9.35
5/7/2018 12:11:33 PM	1.47	0.21	0.20	0.06	0.00	0.00	0.00	0.61	1.94	97.19	5.14	27.46	780	209	91	2	0	0	0	0	1081	169.40	3.64	1.78	4.27	8.92	5.26	10.46	1.50	32.47	9.36
5/7/2018 12:11:35 PM	1.28	0.30	0.25	0.00	0.00	0.00	0.00	0.65	1.83	97.39	5.16	27.21	676	299	114	0	0	0	0	0	1089	169.74	3.63	1.88	4.48	9.05	5.29	10.11	1.51	32.44	9.32
5/7/2018 12:11:38 PM	1.09	0.25	0.06	0.17	0.00	0.00	0.00	0.71	1.56	97.43	5.18	27.83	576	246	29	5	0	0	0	0	856	169.82	3.72	1.94	4.30	9.38	5.41	9.91	1.51	32.43	9.35
5/7/2018 12:11:40 PM	0.96	0.23	0.27	0.00	0.00	0.00	0.00	0.66	1.46	97.13	5.20	28.04	510	227	121	0	0	0	0	0	858	169.30	3.50	1.12	3.80	8.67	4.95	9.22	1.51	32.38	9.34
5/7/2018 12:11:42 PM	0.94	0.34	0.18	0.00	0.00	0.00	0.00	0.72	1.47	97.26	5.24	27.15	501	345	81	0	0	0	0	0	926	169.53	3.51	1.28	4.15	9.21	5.47	9.31	1.51	32.35	9.36
5/7/2018 12:11:45 PM	0.79	0.32	0.29	0.00	0.00	0.00	0.00	0.67	1.40	96.99	5.29	25.99	417	321	132	0	0	0	0	0	870	169.06	3.52	1.69	4.17	8.68	5.08	8.91	1.52	32.35	9.34
5/7/2018 12:11:47 PM	0.82	0.26	0.36	0.00	0.00	0.00	0.00	0.64	1.44	97.02	5.35	25.60	435	262	161	0	0	0	0	0	859	169.11	3.61	1.27	4.00	8.50	4.97	9.05	1.52	32.30	9.35
5/7/2018 12:11:49 PM	0.45	0.32	0.33	0.11	0.00	0.00	0.00	0.70	1.21	97.23	5.45	24.97	239	323	147	3	0	0	0	0	712	169.47	3.83	1.92	4.22	8.80	5.26	8.73	1.53	32.28	9.37
5/7/2018 12:11:52 PM	0.19	0.38	0.45	0.00	0.00	0.00	0.00	0.77	1.02	97.17	5.54	24.44	103	383	201	0	0	0	0	0	687	169.36	3.85	1.73	4.23	9.13	5.00	8.47	1.54	32.25	9.36
5/7/2018 12:11:54 PM	0.58	0.29	0.48	0.00	0.00	0.00	0.00	0.68	1.36	97.03	5.59	24.49	308	292	217	0	0	0	0	0	817	169.13	3.86	1.87	4.23	8.82	4.80	9.17	1.55	32.19	9.35
5/7/2018 12:11:57 PM	0.37	0.27	0.48	0.00	0.00	0.00	0.00	0.73	1.11	97.13	5.66	24.65	194	267	214	0	0	0	0	0	675	169.29	3.94	0.88	4.06	9.02	4.58	8.86	1.55	32.16	9.35
5/7/2018 12:11:59 PM	0.46	0.14	0.00	0.42	0.00	0.00	0.00	0.73	1.02	97.22	5.69	24.53	245	140	0	13	0	0	0	0	397	169.46	3.91	1.80	3.65	8.97	5.60	8.87	1.56	32.13	9.37
5/7/2018 12:12:01 PM	0.66	0.34	0.29	0.03	0.00	0.00	0.00	0.71	1.31	97.03	5.73	24.99	349	344	129	1	0	0	0	0	823	169.12	3.66	1.40	4.08	8.97	5.41	8.93	1.56	32.10	9.37
5/7/2018 12:12:04 PM	0.14	0.41	0.52	0.00	0.00	0.00	0.00	0.80	1.08	97.24	5.79	25.43	76	412	235	0	0	0	0	0	723	169.49	4.13	1.50	4.39	9.52	5.24	8.90	1.57	32.07	9.36
5/7/2018 12:12:06 PM	0.60	0.39	0.31	0.00	0.00	0.00	0.00	0.65	1.31	96.79	5.82	24.65	320	394	139	0	0	0	0	0	852	168.70	3.48	1.85	4.72	8.33	4.83	8.26	1.57	32.02	9.35
5/7/2018 12:12:08 PM	0.05	0.33	0.54	0.07	0.00	0.00	0.00	0.77	0.99	97.05	5.85	23.88	25	327	245	2	0	0	0	0	599	169.15	4.18	1.79	4.01	9.21	5.16	8.77	1.57	31.98	9.37
5/7/2018 12:12:11 PM	0.50	0.29	0.22	0.09	0.00	0.00	0.00	0.69	1.11	96.80	5.90	23.95	267	293	97	3	0	0	0	0	660	168.72	3.50	1.48	3.84	8.49	5.18	8.22	1.58	31.93	9.36
5/7/2018 12:12:13 PM	0.41	0.28	0.17	0.19	0.00	0.00	0.00	0.71	1.05	96.85	5.94	24.11	217	280	75	6	0	0	0	0	578	168.80	3.68	1.60	3.90	8.59	5.39	8.27	1.58	31.91	9.35
5/7/2018 12:12:16 PM	0.77	0.36	0.08	0.00	0.00	0.00	0.00	0.73	1.21	97.31	5.98	23.97	409	359	37	0	0	0	0	0	805	169.61	3.21	1.36	4.06	8.93	5.17	8.42	1.59	31.84	9.36
5/7/2018 12:12:18 PM	0.40	0.22	0.13	0.27	0.00	0.00	0.00	0.74	1.02	97.16	6.04	23.92	214	219	59	8	0	0	0	0	500	169.35	3.86	1.64	3.77	8.96	5.41	8.67	1.59	31.80	9.36
5/7/2018 12:12:20 PM	0.61	0.39	0.14	0.00	0.00	0.00	0.00	0.73	1.14	96.94	6.08	23.93	322	389	65	0	0	0	0	0	776	168.96	3.31	1.43	4.38	8.83	4.95	8.18	1.60	31.77	9.35
5/7/2018 12:12:23 PM	0.24	0.39	0.31	0.00	0.00	0.00	0.00	0.77	0.94	97.05	6.12	24.33	125	390	140	0	0	0	0	0	656	169.16	3.63	1.21	4.24	9.04	4.91	8.07	1.60	31.72	9.35
5/7/2018 12:12:25 PM	0.60	0.17	0.00	0.28	0.00	0.00	0.00	0.70	1.05	96.82	6.20	24.54	315	172	0	9	0	0	0	0	496	168.76	3.49	1.99	3.72	8.59	5.09	8.43	1.61	31.67	9.35
5/7/2018 12:12:27 PM	0.32	0.25	0.22	0.18	0.00	0.00	0.00	0.73	0.96	97.12	6.27	24.52	167	246	101	5	0	0	0	0	519	169.27	3.71	1.81	3.80	8.73	5.03	8.30	1.61	31.65	9.37
5/7/2018 12:12:30 PM	0.33	0.30	0.09	0.11	0.00	0.00	0.00	0.80	0.82	97.10	6.39	24.29	174	296	42	3	0	0	0	0	515	169.24	3.46	1.35	3.62	9.23	5.10	8.10	1.63	31.58	9.36
5/7/2018 12:12:32 PM	0.38	0.34	0.41	0.00	0.00	0.00	0.00	0.72	1.13	96.27	6.49	23.94	202	336	184	0	0	0	0	0	722	167.79	3.75	1.43	4.11	8.87	4.94	8.56	1.64	31.54	9.35
5/7/2018 12:12:35 PM	0.30	0.21	0.09	0.28	0.00	0.00	0.00	0.75	0.87	96.99	6.54	23.89	157	212	39	8	0	0	0	0	417	169.05	3.73	1.91	3.75	8.86	5.12	8.26	1.64	31.50	9.35
5/7/2018 12:12:37 PM	0.10	0.33	0.51	0.00	0.00	0.00	0.00	0.78	0.94	96.59	6.60	23.98	52	334	230	0	0	0	0	0	616	168.36	3.97	1.41	3.91	9.23	4.93	8.56	1.65	31.45	9.35
5/7/2018 12:12:39 PM	0.35	0.37	0.43	0.00	0.00	0.00	0.00	0.71	1.15	96.96	6.64	24.14	185	371	193	0	0	0	0	0	749	169.00	3.74	1.49	4.08	8.72	5.25	8.42	1.65	31.40	9.35
5/7/2018 12:12:42 PM	0.48	0.26	0.08	0.19	0.00	0.00	0.00	0.75	1.01	96.91	6.70	24.37	256	257	36	6	0	0	0	0	554	168.91	3.60	1.59	3.80	9.02	5.26	8.48	1.66	31.34	9.33
5/7/2018 12:12:44 PM	0.35	0.37	0.34	0.00	0.00	0.00	0.00	0.75	1.06	96.72	6.78	24.50	183	370	155	0	0	0	0	0	708	168.57	3.65	1.56	4.18	8.97	4.97	8.35	1.66	31.32	9.35
5/7/2018 12:12:47 PM	0.24	0.40	0.25	0.00	0.00	0.00	0.00	0.81	0.89	96.94	6.85	24.19	129	398	112	0	0	0	0	0	638	168.97	3.53	1.56	4.09	9.30	5.00	8.10	1.67	31.27	9.33
5/7/2018 12:12:49 PM	0.25	0.37	0.37	0.00	0.00	0.00	0.00	0.76	0.99	96.99	6.90	23.89	134	367	165	0	0	0	0	0	666	169.04	3.71	1.23	4.02	9.02	5.07	8.27	1.68	31.24	9.33
5/7/2018 12:12:51 PM	0.29	0.23	0.18	0.18	0.00	0.00	0.00	0.74	0.87	96.76	6.95	23.85	153	226	80	5	0	0	0	0	464	168.65	3.60	1.78	3.65	8.70	4.88	8.09	1.68	31.19	9.35
5/7/2018 12:12:54 PM	0.48	0.32	0.14	0.14	0.00	0.00	0.00	0.75	1.08	97.27	6.99	24.04	255	319	63	4	0	0	0	0	641	169.53	3.61	1.79	4.09	9.05	5.27	8.50	1.68	31.13	9.33
5/7/2018 12:12:56 PM	0.22	0.29	0.28	0.15	0.00	0.00	0.00	0.74	0.95	97.09	7.03	24.38	115	295	128	4	0	0	0	0	542	169.22	3.79	1.64	3.86	8.77	5.23	8.22	1.69	31.08	9.33
5/7/2018 12:12:58 PM	0.88	0.32	0.02	0.00	0.00	0.00	0.00	0.73	1.22	96.64	7.09	24.26	465	317	10	0	0	0	0	0	791	168.44	3.08	1.48	3.99	8.90	4.89	8.44	1.69	31.03	9.32
5/7/2018 12:13:01 PM	0.66	0.28	0.04	0.10	0.00	0.00	0.00	0.75	1.08	97.01	7.13	24.01	348	277	19	3	0	0	0	0	646	169.08	3.33	1.55	3.81	8.99	5.06	8.43	1.70	30.98	9.32
5/7/2018 12:13:03 PM	0.43	0.30	0.25	0.12	0.00	0.00	0.00	0.73	1.09	96.84	7.20	24.09	226	304	111	3	0	0	0	0	645	168.79	3.69	1.73	4.00	8.85	5.20	8.50	1.71	30.93	9.31
5/7/2018 12:13:06 PM	0.14	0.36	0.38	0.00	0.00	0.00	0.00	0.76	0.89	96.81	7.33	24.09	77	356	173	0	0	0	0	0	606	168.74	3.65	1.21	3.76	8.84	5.09	7.97	1.72	30.88	9.30
5/7/2018 12:13:08 PM	0.39	0.40	0.24	0.01	0.00	0.00	0.00	0.81	1.03	96.96	7.45	23.95	206	397	107	0	0	0	0	0	710	168.99	3.60	1.83	4.23	9.50	5.10	8.56	1.73	30.84	9.30
5/7/2018 12:13:10 PM	0.24	0.31	0.11	0.15	0.00	0.00	0.00	0.80	0.81	96.70	7.56	23.92	128	310	49	4	0	0	0	0	492	168.54	3.57	1.75	3.86	9.22	5.08	8.08	1.74	30.79	9.28
5/7/2018 12:13:13 PM	0.35	0.37	0.28	0.02	0.00	0.00	0.00	0.75	1.03	96.93	7.63	23.89	187	371	128	1	0	0	0	0	686	168.95	3.55	1.59	4.03	8.89	5.13	8.18	1.75	30.74	9.30
5/7/2018 12:13:15 PM	0.25	0.36	0.45	0.04	0.00	0.00	0.00	0.72	1.10	96.84	7.71	23.99	135	358	202	1	0	0	0	0	696	168.79	3.87	1.74	4.13	8.82	5.20	8.49	1.76	30.68	9.30
5/7/2018 12:13:17 PM	0.40	0.31	0.39	0.04	0.00	0.00	0.00	0.70	1.14	97.03	7.79	24.00	211	307	177	1	0	0	0	0	696	169.11	3.74	1.66	3.95	8.67	5.06	8.53	1.76	30.64	9.31
5/7/2018 12:13:20 PM	0.33	0.34	0.12	0.09	0.00	0.00	0.00	0.78	0.89	96.72	7.84	23.95	176	341	56	3	0	0	0	0	575	168.58	3.42	1.70	3.93	9.03	5.05	7.98	1.77	30.59	9.30
5/7/2018 12:13:22 PM	0.62	0.41	0.20	0.00	0.00	0.00	0.00	0.72	1.24	96.69	7.87	23.99	330	413	90	0	0	0	0	0	833	168.53	3.41	1.66	4.46	8.83	5.18	8.37	1.77	30.55	9.28
5/7/2018 12:13:25 PM	0.33	0.37	0.33	0.00	0.00	0.00	0.00	0.76	1.03	96.71	7.91	24.06	177	374	147	0	0	0	0	0	698	168.56	3.64	1.40	4.05	9.06	5.13	8.35	1.77	30.48	9.28
5/7/2018 12:13:27 PM	0.34	0.39	0.29	0.00	0.00	0.00	0.00	0.77	1.02	96.71	7.96	24.23	181	385	131	0	0	0	0	0	697	168.57	3.59	1.72	4.24	9.16	4.92	8.32	1.78	30.44	9.28
5/7/2018 12:13:29 PM	0.15	0.40	0.51	0.00	0.00	0.00	0.00	0.76	1.06	96.82	8.03	24.37	77	401	230	0	0	0	0	0	708	168.75	4.00	1.39	4.11	9.17	5.40	8.60	1.79	30.38	9.27
5/7/2018 12:13:32 PM	0.00	0.39	0.53	0.00	0.00	0.00	0.00	0.78	0.93	96.87	8.07	24.19	0	395	239	0	0	0	0	0	634	168.85	4.04	1.80	4.16	9.13	5.00	8.27	1.79	30.34	9.27
5/7/2018 12:13:34 PM	0.28	0.37	0.38	0.00	0.00	0.00	0.00	0.77	1.03	96.74	8.13	23.97	149	370	173	0	0	0	0	0	692	168.61	3.79	1.51	4.24	9.22	4.92	8.53	1.80	30.29	9.28
5/7/2018 12:13:36 PM	0.26	0.31	0.30	0.15	0.00	0.00	0.00	0.75	1.01	96.78	8.20	23.88	135	305	134	5	0	0	0	0	579	168.68	3.90	1.83	4.03	9.03	5.25	8.55	1.80	30.26	9.26
5/7/2018 12:13:39 PM	0.31	0.37	0.14	0.10	0.00	0.00	0.00	0.81	0.93	96.58	8.27	23.92	167	370	64	3	0	0	0	0	604	168.34	3.62	1.78	4.13	9.43	5.25	8.34	1.81	30.22	9.24
5/7/2018 12:13:41 PM	0.24	0.39	0.37	0.00	0.00	0.00	0.00	0.76	1.00	96.80	8.40	23.88	127	395	167	0	0	0	0	0	688	168.71	3.69	1.64	4.12	9.04	5.14	8.26	1.82	30.16	9.26
5/7/2018 12:13:44 PM	0.09	0.37	0.36	0.00	0.00	0.00	0.00	0.80	0.82	96.91	8.56	23.79	48	370	164	0	0	0	0	0	582	168.92	3.67	1.50	3.87	9.19	4.96	8.05	1.84	30.10	9.26
5/7/2018 12:13:46 PM	0.11	0.34	0.53	0.00	0.00	0.00	0.00	0.76	0.98	96.82	8.70	23.79	58	337	239	0	0	0	0	0	634	168.76	3.99	1.35	3.99	9.10	4.92	8.55	1.85	30.04	9.25
5/7/2018 12:13:48 PM	0.57	0.28	0.20	0.15	0.00	0.00	0.00	0.71	1.20	96.84	8.73	23.79	302	277	92	4	0	0	0	0	675	168.78	3.73	1.60	3.97	8.86	5.36	8.79	1.86	30.01	9.24
5/7/2018 12:13:51 PM	0.27	0.35	0.47	0.00	0.00	0.00	0.00	0.74	1.09	96.65	8.75	23.80	143	353	212	0	0	0	0	0	708	168.46	3.90	1.55	4.28	9.04	4.86	8.64	1.86	29.96	9.25
5/7/2018 12:13:53 PM	0.08	0.42	0.28	0.10	0.00	0.00	0.00	0.79	0.88	96.70	8.80	23.90	40	422	127	3	0	0	0	0	592	168.55	3.80	1.77	4.26	9.16	5.45	8.05	1.86	29.90	9.24
5/7/2018 12:13:55 PM	0.69	0.37	0.12	0.00	0.00	0.00	0.00	0.75	1.18	96.76	8.84	23.86	368	367	54	0	0	0	0	0	789	168.65	3.31	1.57	4.15	9.13	5.09	8.53	1.87	29.87	9.23
5/7/2018 12:13:58 PM	0.34	0.25	0.07	0.22	0.00	0.00	0.00	0.77	0.87	96.87	8.86	23.84	179	250	32	6	0	0	0	0	467	168.84	3.61	1.70	3.74	9.02	5.16	8.23	1.87	29.82	9.22
5/7/2018 12:14:00 PM	0.32	0.42	0.34	0.00	0.00	0.00	0.00	0.76	1.08	96.93	8.91	23.82	172	423	152	0	0	0	0	0	747	168.94	3.69	1.61	4.34	9.10	5.24	8.38	1.87	29.76	9.22
5/7/2018 12:14:03 PM	0.46	0.40	0.25	0.00	0.00	0.00	0.00	0.75	1.11	96.79	8.97	23.75	246	400	111	0	0	0	0	0	756	168.70	3.53	1.45	4.24	9.05	5.19	8.36	1.88	29.71	9.20
5/7/2018 12:14:05 PM	0.21	0.41	0.32	0.00	0.00	0.00	0.00	0.77	0.94	96.80	9.03	23.74	110	406	146	0	0	0	0	0	662	168.73	3.60	1.49	4.06	8.99	5.17	8.01	1.88	29.67	9.21
5/7/2018 12:14:07 PM	0.06	0.36	0.50	0.00	0.00	0.00	0.00	0.76	0.92	96.80	9.11	23.78	30	363	224	0	0	0	0	0	617	168.72	3.89	1.41	4.01	8.97	4.97	8.22	1.89	29.61	9.21
5/7/2018 12:14:10 PM	0.26	0.39	0.37	0.00	0.00	0.00	0.00	0.76	1.02	96.89	9.21	23.74	136	391	165	0	0	0	0	0	693	168.88	3.68	1.53	4.06	8.99	5.19	8.25	1.90	29.57	9.20
5/7/2018 12:14:12 PM	0.25	0.35	0.35	0.07	0.00	0.00	0.00	0.77	1.02	96.91	9.25	23.72	133	346	158	2	0	0	0	0	639	168.91	3.85	1.66	4.04	9.16	5.24	8.55	1.91	29.52	9.20
5/7/2018 12:14:14 PM	0.15	0.40	0.34	0.00	0.00	0.00	0.00	0.79	0.89	96.72	9.30	23.85	77	404	155	0	0	0	0	0	637	168.57	3.66	1.67	4.16	9.16	4.99	8.07	1.91	29.47	9.18
5/7/2018 12:14:17 PM	0.05	0.37	0.50	0.01	0.00	0.00	0.00	0.78	0.93	96.85	9.32	24.07	27	368	225	0	0	0	0	0	621	168.80	3.95	1.66	3.99	9.18	5.09	8.42	1.91	29.43	9.19
5/7/2018 12:14:19 PM	0.32	0.41	0.26	0.00	0.00	0.00	0.00	0.79	0.99	96.95	9.38	24.03	169	409	116	0	0	0	0	0	694	168.98	3.57	1.58	4.19	9.29	5.13	8.27	1.92	29.38	9.19
5/7/2018 12:14:22 PM	0.02	0.42	0.43	0.00	0.00	0.00	0.00	0.80	0.87	96.74	9.41	23.81	10	418	195	0	0	0	0	0	622	168.62	3.85	1.54	4.20	9.23	5.07	8.13	1.92	29.33	9.18
5/7/2018 12:14:24 PM	0.29	0.40	0.27	0.00	0.00	0.00	0.00	0.79	0.95	97.01	9.45	23.78	152	397	122	0	0	0	0	0	671	169.09	3.57	1.48	4.10	9.23	5.10	8.21	1.93	29.30	9.16
5/7/2018 12:14:26 PM	0.34	0.41	0.28	0.00	0.00	0.00	0.00	0.79	1.03	97.01	9.49	23.81	179	412	126	0	0	0	0	0	717	169.09	3.62	1.63	4.20	9.34	5.22	8.42	1.93	29.25	9.18
5/7/2018 12:14:29 PM	0.06	0.40	0.48	0.00	0.00	0.00	0.00	0.78	0.94	97.00	9.54	23.98	34	400	216	0	0	0	0	0	650	169.07	3.89	1.70	4.21	9.12	5.03	8.29	1.93	29.19	9.16
5/7/2018 12:14:31 PM	0.27	0.39	0.31	0.00	0.00	0.00	0.00	0.78	0.97	96.76	9.58	24.00	143	386	140	0	0	0	0	0	670	168.65	3.63	1.37	3.98	9.19	5.20	8.27	1.94	29.15	9.14
5/7/2018 12:14:33 PM	0.42	0.37	0.29	0.00	0.00	0.00	0.00	0.76	1.08	96.67	9.64	23.82	224	368	132	0	0	0	0	0	724	168.49	3.60	1.58	4.16	9.11	5.01	8.47	1.94	29.10	9.12
5/7/2018 12:14:36 PM	0.16	0.42	0.32	0.00	0.00	0.00	0.00	0.80	0.90	96.85	9.74	23.77	86	418	146	0	0	0	0	0	649	168.81	3.67	1.43	4.18	9.24	5.13	8.11	1.95	29.07	9.14
5/7/2018 12:14:38 PM	0.45	0.37	0.26	0.00	0.00	0.00	0.00	0.75	1.07	96.94	9.81	23.75	238	365	115	0	0	0	0	0	719	168.95	3.49	1.49	4.06	8.95	5.05	8.29	1.96	29.01	9.14
5/7/2018 12:14:41 PM	0.12	0.39	0.37	0.00	0.00	0.00	0.00	0.81	0.88	96.68	9.84	23.75	64	395	165	0	0	0	0	0	623	168.51	3.74	1.58	4.00	9.36	5.11	8.25	1.96	28.96	9.14
5/7/2018 12:14:43 PM	0.21	0.35	0.39	0.01	0.00	0.00	0.00	0.77	0.97	96.79	9.88	23.77	110	352	177	0	0	0	0	0	640	168.70	3.77	1.60	3.94	9.14	5.05	8.40	1.97	28.92	9.12
5/7/2018 12:14:45 PM	0.08	0.43	0.41	0.00	0.00	0.00	0.00	0.79	0.91	96.68	9.91	23.81	40	427	184	0	0	0	0	0	651	168.51	3.78	1.66	4.23	9.13	5.13	8.10	1.97	28.86	9.12
5/7/2018 12:14:48 PM	0.12	0.44	0.32	0.01	0.00	0.00	0.00	0.83	0.89	96.25	10.00	23.77	64	436	145	0	0	0	0	0	645	167.76	3.75	1.48	4.12	9.49	5.36	8.24	1.98	28.85	9.11
5/7/2018 12:14:50 PM	0.21	0.39	0.36	0.00	0.00	0.00	0.00	0.79	0.96	96.59	10.05	23.74	113	387	164	0	0	0	0	0	664	168.35	3.74	1.46	4.10	9.26	5.10	8.36	1.98	28.80	9.11
5/7/2018 12:14:52 PM	0.17	0.43	0.37	0.00	0.00	0.00	0.00	0.83	0.98	96.78	10.11	23.72	89	434	168	0	0	0	0	0	691	168.69	3.88	1.71	4.32	9.70	5.24	8.63	1.99	28.74	9.10
5/7/2018 12:14:55 PM	0.10	0.43	0.38	0.00	0.00	0.00	0.00	0.82	0.91	96.62	10.14	23.72	53	435	170	0	0	0	0	0	657	168.41	3.83	1.56	4.33	9.46	5.12	8.31	1.99	28.71	9.09
5/7/2018 12:14:57 PM	0.17	0.42	0.32	0.00	0.00	0.00	0.00	0.80	0.92	96.65	10.17	23.73	93	421	146	0	0	0	0	0	660	168.45	3.67	1.52	4.19	9.26	5.16	8.15	2.00	28.66	9.10
5/7/2018 12:15:00 PM	0.15	0.42	0.32	0.00	0.00	0.00	0.00	0.82	0.89	96.71	10.21	23.74	79	423	142	0	0	0	0	0	644	168.57	3.69	1.45	4.17	9.39	5.16	8.17	2.00	28.60	9.08
5/7/2018 12:15:02 PM	0.19	0.41	0.31	0.00	0.00	0.00	0.00	0.81	0.90	96.60	10.33	23.74	98	411	139	0	0	0	0	0	648	168.37	3.67	1.51	4.16	9.39	5.09	8.23	2.01	28.57	9.08
5/7/2018 12:15:04 PM	0.13	0.41	0.29	0.00	0.00	0.00	0.00	0.82	0.83	96.61	10.39	23.73	70	414	128	0	0	0	0	0	612	168.39	3.60	1.51	4.10	9.32	5.05	7.99	2.02	28.54	9.09
5/7/2018 12:15:07 PM	0.12	0.41	0.33	0.00	0.00	0.00	0.00	0.81	0.86	96.63	10.45	23.75	66	409	147	0	0	0	0	0	621	168.43	3.67	1.48	4.17	9.27	4.99	8.06	2.02	28.49	9.07
5/7/2018 12:15:09 PM	0.19	0.38	0.36	0.01	0.00	0.00	0.00	0.79	0.93	96.90	10.49	23.72	100	382	161	0	0	0	0	0	643	168.90	3.73	1.50	3.97	9.27	5.16	8.32	2.03	28.46	9.07
5/7/2018 12:15:11 PM	0.18	0.41	0.37	0.00	0.00	0.00	0.00	0.79	0.96	96.69	10.55	23.71	96	408	168	0	0	0	0	0	673	168.53	3.76	1.63	4.24	9.26	5.07	8.32	2.03	28.42	9.06
5/7/2018 12:15:14 PM	0.21	0.43	0.27	0.00	0.00	0.00	0.00	0.81	0.91	96.67	10.58	23.74	113	432	121	0	0	0	0	0	666	168.49	3.60	1.71	4.27	9.40	5.09	8.16	2.04	28.36	9.04
5/7/2018 12:15:16 PM	0.20	0.40	0.37	0.00	0.00	0.00	0.00	0.80	0.97	96.70	10.60	23.79	107	399	167	0	0	0	0	0	672	168.55	3.79	1.62	4.24	9.41	5.03	8.47	2.04	28.30	9.06
5/7/2018 12:15:19 PM	0.24	0.43	0.32	0.00	0.00	0.00	0.00	0.81	0.99	96.84	10.63	23.83	127	427	145	0	0	0	0	0	699	168.78	3.76	1.50	4.27	9.52	5.25	8.48	2.04	28.30	9.03
5/7/2018 12:15:21 PM	0.25	0.47	0.39	0.07	0.00	0.00	0.00	0.78	1.18	96.29	10.63	23.82	131	468	175	2	0	0	0	0	777	167.83	4.08	1.71	4.60	9.42	5.86	8.85	2.04	28.23	9.03
5/7/2018 12:15:23 PM	0.41	0.85	0.41	0.00	0.00	0.00	0.00	0.75	1.67	96.63	10.64	23.86	215	850	184	0	0	0	0	0	1250	168.42	4.22	2.00	6.33	9.53	7.25	9.00	2.04	28.22	9.02
5/7/2018 12:15:26 PM	0.53	0.79	0.93	0.20	0.00	0.00	0.00	0.80	2.45	89.45	10.64	23.91	281	790	418	6	0	0	0	0	1495	155.92	6.25	2.48	7.13	11.45	8.53	12.96	2.04	28.17	9.01
5/7/2018 12:15:28 PM	1.16	1.04	1.38	0.00	0.00	0.00	0.00	0.72	3.58	76.85	10.63	23.94	614	1043	622	0	0	0	0	0	2279	133.97	7.09	2.76	8.95	12.13	9.57	15.54	2.04	28.12	9.01
5/7/2018 12:15:30 PM	1.00	1.12	1.16	0.00	0.00	0.00	0.00	0.70	3.28	90.23	10.63	23.97	529	1120	524	0	0	0	0	0	2173	157.28	6.54	2.63	9.24	11.44	9.21	13.97	2.04	28.08	9.01
5/7/2018 12:15:33 PM	1.22	1.31	0.94	0.00	0.00	0.00	0.00	0.64	3.48	90.16	10.64	24.02	649	1312	423	0	0	0	0	0	2384	157.16	6.20	2.61	10.65	10.91	9.29	13.27	2.04	28.03	8.99
5/7/2018 12:15:35 PM	1.10	1.07	0.82	0.00	0.00	0.00	0.00	0.61	3.00	85.74	10.63	24.05	585	1073	370	0	0	0	0	0	2028	149.46	5.56	2.15	9.08	10.03	8.33	12.04	2.04	27.98	9.01
5/7/2018 12:15:38 PM	0.66	0.88	0.59	0.00	0.00	0.00	0.00	0.65	2.12	87.85	10.63	24.10	347	882	264	0	0	0	0	0	1494	153.13	4.65	1.95	7.44	9.25	7.10	9.82	2.04	27.95	9.01
5/7/2018 12:15:40 PM	0.41	0.76	0.46	0.00	0.00	0.00	0.00	0.71	1.63	88.14	10.63	24.14	220	756	206	0	0	0	0	0	1182	153.63	4.21	1.82	6.38	9.13	6.45	8.86	2.04	27.89	9.00
5/7/2018 12:15:42 PM	0.31	0.72	0.44	0.00	0.00	0.00	0.00	0.73	1.46	86.24	10.63	24.18	163	717	197	0	0	0	0	0	1077	150.32	4.12	1.85	6.05	9.19	6.23	8.64	2.04	27.83	9.01
5/7/2018 12:15:45 PM	0.33	0.70	0.50	0.00	0.00	0.00	0.00	0.73	1.53	85.90	10.63	24.21	172	703	226	0	0	0	0	0	1102	149.72	4.28	1.86	6.11	9.32	6.21	8.98	2.04	27.80	8.99
5/7/2018 12:15:47 PM	0.35	0.68	0.51	0.00	0.00	0.00	0.00	0.73	1.54	87.01	10.63	24.24	187	683	228	0	0	0	0	0	1098	151.66	4.27	1.87	5.98	9.28	6.22	9.02	2.04	27.75	8.99
5/7/2018 12:15:50 PM	0.45	0.70	0.50	0.00	0.00	0.00	0.00	0.72	1.66	81.73	10.63	24.26	240	703	226	0	0	0	0	0	1170	142.47	4.32	1.90	6.16	9.40	6.36	9.31	2.04	27.71	8.99
5/7/2018 12:15:52 PM	0.39	0.72	0.52	0.00	0.00	0.00	0.00	0.75	1.63	77.72	10.63	24.29	209	719	234	0	0	0	0	0	1163	135.48	4.42	1.92	6.23	9.62	6.41	9.41	2.04	27.64	8.99
5/7/2018 12:15:54 PM	0.38	0.76	0.54	0.00	0.00	0.00	0.00	0.74	1.68	74.70	10.63	24.32	201	762	244	0	0	0	0	0	1208	130.22	4.47	1.94	6.48	9.56	6.54	9.39	2.04	27.62	8.99
5/7/2018 12:15:57 PM	0.45	0.76	0.53	0.00	0.00	0.00	0.00	0.74	1.75	76.87	10.63	24.35	241	757	240	0	0	0	0	0	1238	134.00	4.47	2.01	6.45	9.62	6.63	9.57	2.04	27.56	8.99
5/7/2018 12:15:59 PM	0.49	0.78	0.60	0.00	0.00	0.00	0.00	0.71	1.87	74.79	10.63	24.38	259	783	269	0	0	0	0	0	1311	130.38	4.61	2.06	6.65	9.56	6.81	9.78	2.04	27.51	8.99
5/7/2018 12:16:01 PM	0.45	0.81	0.56	0.00	0.00	0.00	0.00	0.70	1.82	76.60	10.62	24.40	238	808	254	0	0	0	0	0	1300	133.54	4.49	1.89	6.62	9.30	6.94	9.39	2.04	27.50	8.98
5/7/2018 12:16:04 PM	0.65	0.87	0.46	0.00	0.00	0.00	0.00	0.70	1.98	83.01	10.63	24.41	344	870	206	0	0	0	0	0	1420	144.69	4.43	1.91	7.15	9.46	7.05	9.59	2.04	27.45	8.97
5/7/2018 12:16:06 PM	0.41	0.89	0.63	0.00	0.00	0.00	0.00	0.69	1.93	85.42	10.63	24.44	218	886	285	0	0	0	0	0	1389	148.89	4.71	1.94	7.22	9.38	7.09	9.56	2.04	27.40	8.97
5/7/2018 12:16:09 PM	0.37	0.89	0.74	0.00	0.00	0.00	0.00	0.71	2.01	69.75	10.65	24.27	195	894	335	0	0	0	0	0	1424	121.60	4.98	2.11	7.23	9.68	7.31	10.04	2.04	27.38	8.95
5/7/2018 12:16:11 PM	1.22	1.23	0.62	0.00	0.00	0.00	0.00	0.57	3.07	64.46	10.19	23.91	647	1230	281	0	0	0	0	0	2157	112.38	5.14	2.27	9.48	9.52	9.03	11.24	2.00	27.32	8.95
5/7/2018 12:16:13 PM	0.50	0.67	0.41	0.00	0.00	0.00	0.00	0.77	1.59	85.98	9.56	23.68	267	668	186	0	0	0	0	0	1121	149.87	4.21	1.88	5.83	9.73	6.34	9.42	1.94	27.31	8.96
5/7/2018 12:16:16 PM	0.15	0.44	0.43	0.00	0.00	0.00	0.00	0.80	1.02	94.32	8.86	23.67	79	441	194	0	0	0	0	0	714	164.41	3.95	1.51	4.56	9.42	5.13	8.54	1.87	27.28	8.96
5/7/2018 12:16:18 PM	0.20	0.42	0.23	0.00	0.00	0.00	0.00	0.84	0.85	96.38	8.27	23.66	107	419	104	0	0	0	0	0	630	167.99	3.59	1.46	4.16	9.61	5.07	8.19	1.81	27.25	8.94
5/7/2018 12:16:20 PM	0.12	0.38	0.43	0.00	0.00	0.00	0.00	0.79	0.92	96.45	7.83	23.66	61	377	194	0	0	0	0	0	632	168.12	3.81	1.63	3.99	9.19	5.05	8.31	1.77	27.20	8.93
5/7/2018 12:16:23 PM	0.21	0.35	0.29	0.00	0.00	0.00	0.00	0.82	0.86	96.56	7.18	23.70	110	352	133	0	0	0	0	0	595	168.31	3.62	1.63	3.90	9.47	4.83	8.31	1.70	27.20	8.93
5/7/2018 12:16:25 PM	0.17	0.40	0.29	0.00	0.00	0.00	0.00	0.82	0.86	96.38	6.56	23.67	90	399	129	0	0	0	0	0	618	167.99	3.61	1.57	4.08	9.39	4.99	8.13	1.64	27.18	8.92
5/7/2018 12:16:28 PM	0.22	0.43	0.54	0.00	0.00	0.00	0.00	0.76	1.19	96.60	5.60	23.75	116	426	245	0	0	0	0	0	787	168.36	4.15	1.58	4.49	9.34	5.39	8.98	1.55	27.14	8.92
5/7/2018 12:16:30 PM	1.09	0.32	0.39	0.00	0.00	0.00	0.00	0.73	1.80	96.84	4.48	25.96	577	324	174	0	0	0	0	0	1076	168.79	4.11	1.94	4.90	9.91	5.11	10.78	1.44	27.12	8.90
5/7/2018 12:16:32 PM	3.73	0.09	0.83	0.07	0.00	0.00	0.00	0.70	4.73	96.66	3.47	30.34	1979	94	371	2	0	0	0	0	2447	168.48	6.72	1.65	6.08	14.09	7.90	21.24	1.34	27.07	8.87
5/7/2018 12:16:35 PM	5.94	0.01	0.00	0.00	0.00	0.00	0.00	0.50	5.95	97.57	2.66	35.79	3149	12	0	0	0	0	0	0	3161	170.07	5.06	0.89	6.67	13.51	8.00	22.66	1.26	27.06	8.89
5/7/2018 12:16:37 PM	3.38	0.00	0.00	0.73	0.00	0.00	0.00	0.84	4.11	97.33	1.93	40.09	1793	0	0	22	0	0	0	0	1815	169.64	6.97	4.01	6.01	14.44	8.05	20.65	1.19	27.03	8.89
5/7/2018 12:16:39 PM	4.89	0.00	0.71	0.00	0.00	0.00	0.00	0.30	5.60	96.15	1.23	40.85	2592	0	318	0	0	0	0	0	2909	167.59	5.84	-0.26	5.52	11.07	8.40	20.94	1.12	27.06	8.88
5/7/2018 12:16:42 PM	0.00	0.65	0.00	0.29	0.00	0.00	0.00	0.48	0.94	50.77	0.27	40.31	0	649	0	9	0	0	0	0	657	88.54	1.94	3.73	4.48	6.16	7.21	4.91	1.03	27.05	8.88
5/7/2018 12:16:44 PM	0.82	0.00	0.00	0.00	0.00	0.00	0.00	0.00	0.82	69.64	0.21	38.97	435	0	0	0	0	0	0	0	435	121.41	-0.64	2.29	0.37	-2.01	3.43	4.14	1.02	27.05	8.86
5/7/2018 12:16:47 PM	0.00	0.23	0.00	0.00	0.00	0.00	0.00	0.00	0.23	80.32	0.22	37.72	0	235	0	0	0	0	0	0	235	140.02	-0.17	-2.33	1.74	-0.23	4.94	-0.53	1.02	27.06	8.87
5/7/2018 12:16:49 PM	0.02	0.12	0.00	0.00	0.00	0.00	0.00	0.17	0.13	79.87	0.22	36.73	9	117	0	0	0	0	0	0	126	139.22	0.63	-0.13	1.64	1.85	3.65	1.08	1.02	27.06	8.84
5/7/2018 12:16:51 PM	0.00	0.00	0.00	0.00	0.00	0.00	0.00	0.00	0.00	79.07	0.21	35.84	0	0	0	0	0	0	0	0	0	137.83	2.03	-0.98	-0.79	-2.46	-0.01	-3.78	1.02	27.09	8.84
