Date/Time	Green Algae	Bluegreen	Diatoms	Cryptophyta	#4	#5	#6	Yellow substances	Total conc.	Transmission	Depth	Temp. Sample	Green Algae	Bluegreen	Diatoms	Cryptophyta	#4	#5	#6	Yellow substances	Total cell count	Trans. 700 nm	LED 3 [525 nm]	LED 4 [570 nm]	LED 5 [610 nm]	LED 6 [370 nm]	LED 7 [590 nm]	LED 8 [470 nm]	Pressure	Temp. LEDs	Temp. Sensor
date	µg/l	µg/l	µg/l	µg/l	µg/l	µg/l	µg/l	µg/l	µg/l	%	m	°C	cells/ml	cells/ml	cells/ml	cells/ml	cells/ml	cells/ml	cells/ml	cells/ml	cells/ml	digits	digits	digits	digits	digits	digits	digits	bar	°C	°C
10/24/2014 4:05:12 PM	0.00	1.10	0.00	0.00	0.00	0.00	0.00	0.00	1.10	75.55	0.12	18.13	0	1096	0	0	0	0	0	0	1096	212.06	1.37	1.43	7.12	2.70	7.91	-2.35	1.01	17.35	14.30
10/24/2014 4:05:15 PM	0.00	1.46	0.00	0.00	0.00	0.00	0.00	0.00	1.46	75.57	0.31	18.14	0	1460	0	0	0	0	0	0	1460	212.13	0.89	-0.38	9.08	0.80	11.23	1.32	1.03	17.37	14.34
10/24/2014 4:05:18 PM	0.00	1.22	0.00	0.00	0.00	0.00	0.00	0.00	1.22	74.42	0.30	18.13	0	1225	0	0	0	0	0	0	1225	208.89	-0.87	0.49	9.03	0.07	8.53	-0.11	1.03	17.41	14.34
10/24/2014 4:05:21 PM	0.00	1.23	0.00	0.00	0.00	0.00	0.00	0.00	1.23	74.60	0.29	18.14	0	1226	0	0	0	0	0	0	1226	209.40	1.15	-1.33	7.29	-0.64	10.81	-1.28	1.03	17.44	14.37
10/24/2014 4:05:23 PM	0.00	1.31	0.00	0.00	0.00	0.00	0.00	0.00	1.31	75.60	0.28	18.13	0	1305	0	0	0	0	0	0	1305	212.22	1.15	-0.65	10.08	0.72	8.05	-0.18	1.03	17.49	14.39
10/24/2014 4:05:26 PM	0.10	1.09	0.00	0.00	0.00	0.00	0.00	0.00	1.19	75.90	0.29	18.14	51	1091	0	0	0	0	0	0	1142	213.06	0.68	-1.35	7.76	1.94	8.13	0.82	1.03	17.50	14.40
10/24/2014 4:05:29 PM	0.00	1.28	0.00	0.00	0.00	0.00	0.00	0.00	1.28	75.80	0.28	18.15	0	1279	0	0	0	0	0	0	1279	212.76	2.25	1.37	8.39	-0.25	9.39	-0.83	1.03	17.53	14.48
10/24/2014 4:05:32 PM	0.00	1.05	0.00	0.00	0.00	0.00	0.00	0.00	1.05	74.72	0.28	18.15	0	1049	0	0	0	0	0	0	1049	209.72	1.15	-0.95	6.63	1.95	8.48	-1.53	1.03	17.56	14.44
10/24/2014 4:05:35 PM	0.00	1.27	0.00	0.00	0.00	0.00	0.00	0.00	1.27	75.55	0.28	18.14	0	1266	0	0	0	0	0	0	1266	212.06	-0.90	2.02	8.47	2.19	8.97	-1.31	1.03	17.61	14.41
10/24/2014 4:05:37 PM	0.19	1.21	0.00	0.00	0.00	0.00	0.00	0.00	1.40	75.00	0.27	18.14	100	1207	0	0	0	0	0	0	1307	210.53	-1.52	-1.40	8.27	0.28	10.16	3.12	1.03	17.63	14.44
10/24/2014 4:05:40 PM	0.00	1.34	0.00	0.00	0.00	0.00	0.00	0.00	1.34	75.72	0.28	18.15	0	1336	0	0	0	0	0	0	1336	212.56	-0.61	1.78	9.16	0.85	9.35	0.66	1.03	17.65	14.48
10/24/2014 4:05:43 PM	0.00	1.27	0.00	0.00	0.00	0.00	0.00	0.00	1.27	75.52	0.28	18.16	0	1273	0	0	0	0	0	0	1273	211.98	0.81	1.79	7.77	0.07	10.17	-1.51	1.03	17.70	14.48
10/24/2014 4:05:46 PM	0.00	1.17	0.00	0.00	0.00	0.00	0.00	0.00	1.17	75.71	0.28	18.14	0	1173	0	0	0	0	0	0	1173	212.52	-0.18	0.71	7.37	-0.09	9.62	0.70	1.03	17.71	14.48
10/24/2014 4:05:49 PM	0.00	1.12	0.00	0.00	0.00	0.00	0.00	0.00	1.12	75.43	0.28	18.15	0	1120	0	0	0	0	0	0	1120	211.74	0.33	1.68	8.32	2.02	7.05	-0.67	1.03	17.75	14.47
10/24/2014 4:05:51 PM	0.00	1.12	0.00	0.00	0.00	0.00	0.00	0.00	1.12	74.71	0.28	18.15	0	1120	0	0	0	0	0	0	1120	209.71	2.05	-0.79	8.18	-1.09	8.14	-0.92	1.03	17.77	14.52
10/24/2014 4:05:54 PM	0.00	1.08	0.00	0.18	0.00	0.00	0.00	0.00	1.26	75.49	0.28	18.16	0	1079	0	5	0	0	0	0	1085	211.90	2.20	4.05	7.54	2.11	8.18	0.59	1.03	17.81	14.53
10/24/2014 4:05:57 PM	0.00	0.96	0.00	0.00	0.00	0.00	0.00	0.00	0.96	76.97	0.28	18.16	0	959	0	0	0	0	0	0	959	216.05	-3.75	0.12	6.28	1.93	8.40	-1.63	1.03	17.83	14.54
10/24/2014 4:06:00 PM	0.03	1.35	0.00	0.00	0.00	0.00	0.00	0.00	1.38	75.01	0.28	18.16	16	1351	0	0	0	0	0	0	1367	210.54	-0.94	1.34	8.65	1.08	10.32	1.50	1.03	17.86	14.53
10/24/2014 4:06:02 PM	0.14	1.02	0.00	0.07	0.00	0.00	0.00	0.10	1.23	90.18	0.41	17.86	77	1019	0	2	0	0	0	0	1098	253.17	1.58	1.30	6.59	4.96	8.66	1.81	1.04	17.89	14.53
10/24/2014 4:06:05 PM	0.00	0.00	0.84	0.49	0.00	0.00	0.00	0.20	1.33	100.00	0.95	17.58	0	0	380	15	0	0	0	0	395	341.72	5.40	2.75	1.18	10.46	5.68	9.52	1.09	17.92	14.58
10/24/2014 4:06:08 PM	0.56	0.02	0.44	0.61	0.00	0.00	0.00	0.23	1.63	100.00	0.96	17.58	299	22	196	18	0	0	0	0	535	340.06	4.98	1.89	3.27	11.84	6.09	10.15	1.09	17.93	14.57
10/24/2014 4:06:11 PM	1.52	0.00	0.24	0.38	0.00	0.00	0.00	0.20	2.14	100.00	0.96	17.59	807	0	106	11	0	0	0	0	925	340.32	4.12	1.98	3.22	12.73	5.63	11.83	1.09	17.97	14.58
10/24/2014 4:06:14 PM	0.87	0.00	1.12	0.19	0.00	0.00	0.00	0.09	2.18	100.00	0.96	17.57	463	0	504	6	0	0	0	0	972	339.98	5.46	2.43	2.44	11.41	5.51	12.56	1.09	17.98	14.58
10/24/2014 4:06:16 PM	0.41	0.04	0.89	0.58	0.00	0.00	0.00	0.14	1.93	100.00	0.96	17.59	219	43	401	17	0	0	0	0	681	339.62	5.94	2.64	3.97	11.28	6.20	11.25	1.09	18.01	14.58
10/24/2014 4:06:19 PM	0.00	0.03	1.45	0.56	0.00	0.00	0.00	0.11	2.04	100.00	0.97	17.59	0	35	651	17	0	0	0	0	703	339.35	8.59	2.48	4.09	11.72	6.32	11.62	1.10	18.03	14.60
10/24/2014 4:06:22 PM	0.00	0.00	1.24	0.46	0.00	0.00	0.00	0.17	1.70	100.00	0.97	17.60	0	0	558	14	0	0	0	0	571	341.25	7.81	1.91	2.55	11.73	5.95	10.58	1.10	18.06	14.64
10/24/2014 4:06:25 PM	0.51	0.00	1.12	0.24	0.00	0.00	0.00	0.18	1.88	100.00	0.96	17.61	272	0	504	7	0	0	0	0	783	340.08	5.64	1.96	1.48	12.09	5.94	12.11	1.09	18.08	14.61
10/24/2014 4:06:28 PM	0.00	0.00	1.08	0.57	0.00	0.00	0.00	0.19	1.65	100.00	1.21	17.55	0	0	486	17	0	0	0	0	503	341.46	6.74	2.87	2.90	11.78	5.83	10.87	1.12	18.10	14.62
10/24/2014 4:06:30 PM	0.00	0.06	1.22	0.36	0.00	0.00	0.00	0.19	1.63	100.00	1.60	17.43	0	58	547	11	0	0	0	0	616	340.49	6.59	2.16	3.49	11.80	5.46	10.53	1.16	18.13	14.66
10/24/2014 4:06:33 PM	0.00	0.00	1.52	0.35	0.00	0.00	0.00	0.13	1.87	100.00	2.01	17.38	0	0	682	11	0	0	0	0	693	339.69	7.08	2.57	3.50	11.52	5.41	11.78	1.20	18.14	14.66
10/24/2014 4:06:36 PM	0.32	0.00	1.28	0.51	0.00	0.00	0.00	0.15	2.11	100.00	2.35	17.38	168	0	578	15	0	0	0	0	762	341.08	6.90	2.84	3.81	12.64	6.17	13.02	1.23	18.17	14.67
10/24/2014 4:06:39 PM	0.42	0.12	1.15	0.44	0.00	0.00	0.00	0.16	2.13	100.00	2.77	17.37	223	121	515	13	0	0	0	0	873	340.13	6.51	2.23	4.38	12.55	6.67	12.36	1.27	18.18	14.69
10/24/2014 4:06:42 PM	0.31	0.00	1.14	0.58	0.00	0.00	0.00	0.26	2.03	100.00	3.16	17.35	164	0	511	18	0	0	0	0	692	339.98	7.03	2.78	3.95	14.66	6.35	13.49	1.31	18.20	14.69
10/24/2014 4:06:44 PM	0.46	0.00	1.61	0.37	0.00	0.00	0.00	0.13	2.44	100.00	3.55	17.34	242	0	724	11	0	0	0	0	977	339.99	7.59	1.96	3.27	13.69	6.91	14.85	1.35	18.23	14.72
10/24/2014 4:06:47 PM	0.39	0.00	1.23	0.77	0.00	0.00	0.00	0.16	2.40	100.00	3.91	17.34	209	0	556	23	0	0	0	0	788	340.24	7.79	2.03	3.73	13.82	8.12	14.53	1.38	18.24	14.71
10/24/2014 4:06:50 PM	0.05	0.00	1.73	0.43	0.00	0.00	0.00	0.20	2.22	100.00	4.27	17.33	27	0	779	13	0	0	0	0	820	339.85	8.08	2.60	3.87	14.54	6.43	14.63	1.42	18.26	14.71
10/24/2014 4:06:53 PM	0.08	0.04	1.79	0.37	0.00	0.00	0.00	0.16	2.28	100.00	4.65	17.34	40	38	807	11	0	0	0	0	897	340.29	8.07	2.23	4.20	13.95	6.56	14.41	1.46	18.28	14.74
10/24/2014 4:06:55 PM	0.00	0.00	1.73	0.51	0.00	0.00	0.00	0.19	2.24	100.00	5.00	17.32	0	0	778	15	0	0	0	0	793	340.02	8.39	2.20	3.92	14.44	6.95	14.63	1.49	18.30	14.74
10/24/2014 4:06:58 PM	0.32	0.00	1.41	0.59	0.00	0.00	0.00	0.17	2.33	100.00	5.39	17.31	171	0	636	18	0	0	0	0	825	338.97	7.69	2.33	3.37	13.99	7.39	14.57	1.53	18.31	14.76
10/24/2014 4:07:01 PM	0.18	0.00	1.36	0.64	0.00	0.00	0.00	0.21	2.18	100.00	5.76	17.31	94	0	611	19	0	0	0	0	724	340.37	7.73	2.40	3.97	14.29	7.08	14.06	1.56	18.33	14.76
10/24/2014 4:07:04 PM	0.37	0.00	1.38	0.60	0.00	0.00	0.00	0.20	2.35	100.00	6.15	17.32	198	0	620	18	0	0	0	0	836	339.79	7.75	2.65	4.26	14.62	6.97	14.72	1.60	18.35	14.81
10/24/2014 4:07:07 PM	0.02	0.00	1.59	0.67	0.00	0.00	0.00	0.18	2.29	100.00	6.55	17.31	13	0	718	20	0	0	0	0	750	339.59	8.35	2.73	3.88	14.22	7.40	14.75	1.64	18.36	14.79
10/24/2014 4:07:09 PM	0.00	0.00	1.67	0.63	0.00	0.00	0.00	0.18	2.30	100.00	6.97	17.31	0	0	750	19	0	0	0	0	769	340.15	8.46	2.55	4.02	14.33	7.32	14.83	1.68	18.38	14.77
10/24/2014 4:07:12 PM	0.28	0.02	1.39	0.68	0.00	0.00	0.00	0.19	2.37	100.00	7.36	17.28	148	19	624	20	0	0	0	0	812	339.46	7.97	2.71	4.54	14.40	7.30	14.63	1.72	18.39	14.79
10/24/2014 4:07:15 PM	0.09	0.00	1.46	0.73	0.00	0.00	0.00	0.19	2.28	100.00	7.77	17.28	47	0	656	22	0	0	0	0	726	339.64	8.15	3.05	4.06	14.25	7.33	14.58	1.76	18.41	14.81
10/24/2014 4:07:18 PM	0.17	0.00	1.42	0.71	0.00	0.00	0.00	0.19	2.30	100.00	8.16	17.27	90	0	640	21	0	0	0	0	751	340.17	8.05	2.77	4.05	14.29	7.38	14.59	1.80	18.43	14.82
10/24/2014 4:07:21 PM	0.15	0.02	1.34	0.71	0.00	0.00	0.00	0.22	2.21	100.00	8.48	17.15	78	21	603	21	0	0	0	0	723	339.60	7.91	2.62	4.38	14.60	7.28	14.22	1.83	18.44	14.83
10/24/2014 4:07:23 PM	0.11	0.00	1.23	0.77	0.00	0.00	0.00	0.25	2.11	100.00	8.86	17.06	60	0	554	23	0	0	0	0	637	339.43	7.79	2.67	4.11	14.75	7.28	13.98	1.87	18.45	14.83
10/24/2014 4:07:26 PM	0.09	0.04	1.22	0.65	0.00	0.00	0.00	0.26	2.00	100.00	9.22	17.01	49	36	547	20	0	0	0	0	651	339.72	7.44	2.52	4.14	14.63	6.91	13.37	1.90	18.47	14.84
10/24/2014 4:07:29 PM	0.00	0.03	1.17	0.63	0.00	0.00	0.00	0.27	1.84	100.00	9.61	16.97	0	34	526	19	0	0	0	0	579	339.48	7.17	2.45	3.92	14.17	6.65	12.64	1.94	18.48	14.84
10/24/2014 4:07:32 PM	0.09	0.00	1.00	0.70	0.00	0.00	0.00	0.28	1.79	100.00	9.92	16.97	47	0	451	21	0	0	0	0	519	339.50	6.91	2.32	3.68	14.04	6.68	12.40	1.97	18.49	14.85
10/24/2014 4:07:35 PM	0.00	0.00	1.03	0.70	0.00	0.00	0.00	0.30	1.74	100.00	10.28	16.96	0	0	466	21	0	0	0	0	487	339.38	7.09	2.42	3.68	14.33	6.61	12.37	2.01	18.50	14.87
10/24/2014 4:07:37 PM	0.00	0.02	1.05	0.68	0.00	0.00	0.00	0.28	1.75	100.00	10.65	16.96	0	17	475	20	0	0	0	0	512	339.17	7.05	2.34	3.73	14.06	6.63	12.22	2.04	18.51	14.83
10/24/2014 4:07:40 PM	0.10	0.00	1.03	0.69	0.00	0.00	0.00	0.27	1.82	100.00	11.07	16.95	53	0	463	21	0	0	0	0	537	339.12	6.95	2.41	3.74	14.05	6.64	12.51	2.08	18.52	14.92
10/24/2014 4:07:43 PM	0.04	0.01	1.13	0.67	0.00	0.00	0.00	0.26	1.84	100.00	11.40	16.94	20	6	509	20	0	0	0	0	556	339.33	7.14	2.33	3.77	13.98	6.70	12.63	2.12	18.54	14.89
10/24/2014 4:07:46 PM	0.00	0.00	1.09	0.72	0.00	0.00	0.00	0.26	1.81	100.00	11.66	16.94	0	0	491	22	0	0	0	0	513	338.90	7.21	2.50	3.76	13.87	6.73	12.46	2.14	18.55	14.88
10/24/2014 4:07:48 PM	0.00	0.04	1.11	0.64	0.00	0.00	0.00	0.27	1.79	100.00	11.96	16.93	0	41	501	19	0	0	0	0	562	338.94	7.08	2.30	3.85	14.00	6.70	12.31	2.17	18.56	14.90
10/24/2014 4:07:51 PM	0.00	0.01	1.13	0.65	0.00	0.00	0.00	0.26	1.80	100.00	12.31	16.94	0	11	510	20	0	0	0	0	541	339.23	7.12	2.35	3.74	13.84	6.59	12.38	2.21	18.56	14.88
10/24/2014 4:07:54 PM	0.04	0.02	1.13	0.62	0.00	0.00	0.00	0.26	1.81	100.00	12.60	16.94	22	19	509	19	0	0	0	0	569	339.09	6.97	2.29	3.75	13.73	6.55	12.36	2.23	18.59	14.92
10/24/2014 4:07:57 PM	0.00	0.02	1.06	0.65	0.00	0.00	0.00	0.27	1.72	100.00	12.92	16.95	0	16	475	19	0	0	0	0	511	338.99	6.85	2.28	3.65	13.65	6.51	11.98	2.27	18.59	14.93
10/24/2014 4:08:00 PM	0.02	0.01	1.04	0.68	0.00	0.00	0.00	0.27	1.75	100.00	13.27	16.93	13	10	468	20	0	0	0	0	512	339.17	6.88	2.34	3.69	13.68	6.60	12.12	2.30	18.60	14.95
10/24/2014 4:08:02 PM	0.00	0.01	1.03	0.68	0.00	0.00	0.00	0.27	1.72	100.00	13.59	16.94	0	11	464	20	0	0	0	0	495	338.89	6.86	2.30	3.64	13.64	6.57	11.97	2.33	18.61	14.94
10/24/2014 4:08:05 PM	0.03	0.02	1.06	0.65	0.00	0.00	0.00	0.27	1.75	100.00	13.85	16.94	14	16	476	20	0	0	0	0	525	338.48	6.87	2.33	3.70	13.75	6.54	12.14	2.36	18.61	14.92
10/24/2014 4:08:08 PM	0.00	0.00	1.04	0.68	0.00	0.00	0.00	0.27	1.72	100.00	14.13	16.94	0	4	467	20	0	0	0	0	491	339.25	6.86	2.37	3.64	13.59	6.52	12.01	2.38	18.63	14.96
10/24/2014 4:08:11 PM	0.00	0.01	1.03	0.66	0.00	0.00	0.00	0.28	1.70	100.00	14.37	16.94	0	6	466	20	0	0	0	0	491	338.84	6.81	2.26	3.57	13.72	6.48	11.96	2.41	18.64	14.98
10/24/2014 4:08:14 PM	0.00	0.00	0.98	0.68	0.00	0.00	0.00	0.28	1.67	100.00	14.65	16.93	0	0	443	21	0	0	0	0	463	338.99	6.75	2.25	3.52	13.68	6.51	11.84	2.44	18.64	14.97
10/24/2014 4:08:16 PM	0.00	0.04	1.00	0.65	0.00	0.00	0.00	0.29	1.69	100.00	14.99	16.93	0	38	449	20	0	0	0	0	506	338.60	6.75	2.15	3.67	13.83	6.65	11.83	2.47	18.65	15.00
10/24/2014 4:08:19 PM	0.00	0.08	1.10	0.54	0.00	0.00	0.00	0.27	1.72	100.00	15.35	16.92	0	85	494	16	0	0	0	0	595	339.00	6.73	2.25	3.89	13.63	6.43	11.69	2.50	18.66	15.00
10/24/2014 4:08:22 PM	0.00	0.03	0.95	0.67	0.00	0.00	0.00	0.28	1.64	100.00	15.77	16.92	0	28	426	20	0	0	0	0	473	339.25	6.66	2.23	3.60	13.51	6.53	11.51	2.55	18.67	15.00
10/24/2014 4:08:25 PM	0.00	0.04	0.91	0.59	0.00	0.00	0.00	0.30	1.55	100.00	16.22	16.91	0	44	409	18	0	0	0	0	471	338.84	6.40	2.20	3.51	13.57	6.19	11.08	2.59	18.67	15.04
10/24/2014 4:08:28 PM	0.00	0.07	0.89	0.56	0.00	0.00	0.00	0.31	1.51	100.00	16.66	16.91	0	65	398	17	0	0	0	0	480	338.70	6.26	2.05	3.49	13.50	6.17	10.80	2.63	18.69	15.02
10/24/2014 4:08:30 PM	0.00	0.04	0.64	0.60	0.00	0.00	0.00	0.34	1.29	100.00	17.12	16.87	0	44	288	18	0	0	0	0	350	338.99	5.81	1.99	3.15	13.34	5.91	9.84	2.68	18.69	15.02
10/24/2014 4:08:33 PM	0.00	0.08	0.23	0.41	0.00	0.00	0.00	0.44	0.72	100.00	17.54	16.77	0	76	105	12	0	0	0	0	193	339.46	4.25	1.46	2.34	13.13	4.78	7.35	2.72	18.69	15.04
10/24/2014 4:08:36 PM	0.00	0.09	0.07	0.31	0.00	0.00	0.00	0.49	0.48	100.00	17.98	16.60	0	89	33	9	0	0	0	0	131	340.23	3.53	1.22	1.97	13.12	4.27	6.37	2.76	18.69	15.02
10/24/2014 4:08:39 PM	0.00	0.09	0.00	0.31	0.00	0.00	0.00	0.50	0.40	100.00	18.41	16.51	0	89	1	9	0	0	0	0	99	340.30	3.36	1.16	1.87	13.08	4.18	6.04	2.80	18.70	15.04
10/24/2014 4:08:41 PM	0.00	0.11	0.00	0.28	0.00	0.00	0.00	0.50	0.39	100.00	18.87	16.45	0	107	0	8	0	0	0	0	116	340.21	3.28	1.07	1.82	12.94	4.20	5.77	2.85	18.71	15.08
10/24/2014 4:08:44 PM	0.00	0.09	0.00	0.23	0.00	0.00	0.00	0.50	0.32	100.00	19.27	16.36	0	90	0	7	0	0	0	0	97	340.77	3.08	1.06	1.63	12.72	3.86	5.51	2.89	18.71	15.07
10/24/2014 4:08:47 PM	0.00	0.10	0.00	0.20	0.00	0.00	0.00	0.50	0.30	100.00	19.75	16.33	0	97	0	6	0	0	0	0	103	340.51	2.99	1.01	1.65	12.70	3.76	5.45	2.94	18.72	15.07
10/24/2014 4:08:50 PM	0.00	0.08	0.00	0.24	0.00	0.00	0.00	0.49	0.32	100.00	20.18	16.31	0	83	0	7	0	0	0	0	90	340.17	3.08	1.08	1.58	12.54	3.85	5.43	2.98	18.73	15.09
10/24/2014 4:08:53 PM	0.00	0.10	0.00	0.20	0.00	0.00	0.00	0.48	0.30	100.00	20.67	16.27	0	96	0	6	0	0	0	0	102	341.03	2.86	0.93	1.60	12.36	3.80	5.36	3.03	18.73	15.11
10/24/2014 4:08:55 PM	0.00	0.09	0.00	0.22	0.00	0.00	0.00	0.50	0.31	100.00	21.14	16.22	0	94	0	6	0	0	0	0	101	340.52	3.04	1.02	1.62	12.68	3.83	5.45	3.07	18.73	15.06
10/24/2014 4:08:58 PM	0.00	0.08	0.05	0.25	0.00	0.00	0.00	0.49	0.37	100.00	21.62	16.16	0	80	21	7	0	0	0	0	109	340.17	3.23	0.98	1.69	12.84	3.95	5.88	3.12	18.73	15.10
10/24/2014 4:09:01 PM	0.00	0.07	0.00	0.30	0.00	0.00	0.00	0.50	0.37	100.00	21.90	16.14	0	69	0	9	0	0	0	0	78	340.06	3.32	1.07	1.66	12.98	4.03	5.88	3.15	18.74	15.11
10/24/2014 4:09:04 PM	0.00	0.07	0.00	0.30	0.00	0.00	0.00	0.51	0.37	100.00	22.34	16.10	0	72	0	9	0	0	0	0	81	339.88	3.37	1.19	1.75	13.20	3.98	6.00	3.19	18.75	15.09
10/24/2014 4:09:07 PM	0.00	0.08	0.00	0.31	0.00	0.00	0.00	0.53	0.39	100.00	22.90	16.04	0	77	0	9	0	0	0	0	87	339.49	3.49	1.23	1.83	13.68	4.06	6.23	3.24	18.74	15.13
10/24/2014 4:09:09 PM	0.00	0.08	0.00	0.34	0.00	0.00	0.00	0.53	0.42	100.00	23.44	16.03	0	79	0	10	0	0	0	0	89	339.27	3.67	1.24	1.88	13.88	4.21	6.37	3.30	18.75	15.10
10/24/2014 4:09:12 PM	0.00	0.12	0.02	0.28	0.00	0.00	0.00	0.54	0.42	100.00	23.99	16.01	0	116	11	9	0	0	0	0	135	339.49	3.58	1.17	2.02	14.06	4.24	6.39	3.35	18.75	15.12
10/24/2014 4:09:15 PM	0.00	0.09	0.00	0.29	0.00	0.00	0.00	0.53	0.39	100.00	24.45	15.98	0	91	0	9	0	0	0	0	100	339.26	3.45	1.19	1.86	13.74	4.09	6.21	3.40	18.75	15.09
10/24/2014 4:09:18 PM	0.00	0.09	0.00	0.29	0.00	0.00	0.00	0.53	0.39	100.00	24.95	15.95	0	94	0	9	0	0	0	0	103	339.23	3.46	1.17	1.87	13.77	4.12	6.22	3.44	18.75	15.12
10/24/2014 4:09:21 PM	0.00	0.10	0.01	0.27	0.00	0.00	0.00	0.53	0.38	100.00	25.41	15.93	0	102	5	8	0	0	0	0	115	339.46	3.40	1.08	1.87	13.74	4.11	6.18	3.49	18.75	15.13
10/24/2014 4:09:23 PM	0.00	0.11	0.00	0.27	0.00	0.00	0.00	0.54	0.38	100.00	25.86	15.89	0	109	0	8	0	0	0	0	118	339.09	3.31	1.12	1.88	13.75	4.17	6.16	3.53	18.75	15.14
10/24/2014 4:09:26 PM	0.00	0.12	0.00	0.27	0.00	0.00	0.00	0.54	0.39	100.00	26.21	15.85	0	120	0	8	0	0	0	0	128	338.99	3.38	1.24	1.96	13.91	4.22	6.19	3.57	18.76	15.12
10/24/2014 4:09:29 PM	0.00	0.12	0.03	0.23	0.00	0.00	0.00	0.54	0.37	100.00	26.57	15.80	0	119	12	7	0	0	0	0	138	338.70	3.40	1.06	1.90	13.77	4.02	6.06	3.60	18.77	15.15
10/24/2014 4:09:32 PM	0.00	0.11	0.00	0.25	0.00	0.00	0.00	0.54	0.36	100.00	27.08	15.80	0	107	0	7	0	0	0	0	115	339.05	3.37	1.05	1.79	13.70	4.09	5.97	3.65	18.76	15.19
10/24/2014 4:09:34 PM	0.00	0.12	0.00	0.22	0.00	0.00	0.00	0.54	0.33	100.00	27.63	15.77	0	116	0	7	0	0	0	0	122	338.87	3.27	1.01	1.78	13.77	4.01	5.92	3.71	18.75	15.15
10/24/2014 4:09:37 PM	0.00	0.12	0.00	0.20	0.00	0.00	0.00	0.54	0.32	100.00	28.21	15.74	0	118	0	6	0	0	0	0	125	338.40	3.18	1.01	1.80	13.67	3.88	5.86	3.76	18.76	15.14
10/24/2014 4:09:40 PM	0.00	0.14	0.04	0.16	0.00	0.00	0.00	0.54	0.34	100.00	28.69	15.70	0	136	20	5	0	0	0	0	161	338.67	3.25	1.00	1.89	13.71	3.88	5.90	3.81	18.75	15.18
10/24/2014 4:09:43 PM	0.00	0.13	0.00	0.18	0.00	0.00	0.00	0.54	0.30	100.00	29.06	15.65	0	127	0	5	0	0	0	0	133	338.43	3.14	1.02	1.79	13.67	3.83	5.72	3.85	18.76	15.18
10/24/2014 4:09:46 PM	0.00	0.13	0.00	0.16	0.00	0.00	0.00	0.54	0.29	100.00	29.48	15.60	0	130	0	5	0	0	0	0	135	338.59	3.00	0.99	1.73	13.47	3.84	5.61	3.89	18.74	15.18
10/24/2014 4:09:48 PM	0.00	0.13	0.00	0.18	0.00	0.00	0.00	0.53	0.31	100.00	29.86	15.56	0	126	0	5	0	0	0	0	132	338.61	3.12	0.96	1.75	13.36	3.88	5.58	3.93	18.75	15.17
10/24/2014 4:09:51 PM	0.00	0.14	0.00	0.15	0.00	0.00	0.00	0.54	0.29	100.00	30.30	15.53	0	138	0	5	0	0	0	0	143	338.46	3.07	0.95	1.78	13.41	3.79	5.50	3.97	18.73	15.19
10/24/2014 4:09:54 PM	0.00	0.13	0.00	0.16	0.00	0.00	0.00	0.53	0.28	100.00	30.70	15.52	0	125	0	5	0	0	0	0	130	338.67	2.98	0.96	1.71	13.35	3.76	5.55	4.01	18.74	15.17
10/24/2014 4:09:57 PM	0.00	0.13	0.00	0.16	0.00	0.00	0.00	0.53	0.29	100.00	31.04	15.49	0	126	0	5	0	0	0	0	131	338.24	3.01	0.97	1.73	13.32	3.76	5.54	4.04	18.74	15.20
10/24/2014 4:10:00 PM	0.00	0.13	0.00	0.15	0.00	0.00	0.00	0.53	0.28	100.00	31.43	15.40	0	129	0	5	0	0	0	0	133	338.51	2.94	0.95	1.71	13.24	3.78	5.49	4.08	18.74	15.22
10/24/2014 4:10:02 PM	0.00	0.14	0.00	0.12	0.00	0.00	0.00	0.52	0.26	100.00	31.81	15.34	0	139	0	4	0	0	0	0	143	337.97	2.85	0.90	1.72	12.98	3.64	5.25	4.12	18.74	15.20
10/24/2014 4:10:05 PM	0.00	0.11	0.00	0.14	0.00	0.00	0.00	0.51	0.26	100.00	32.13	15.28	0	113	0	4	0	0	0	0	117	338.26	2.87	0.85	1.58	12.79	3.65	5.26	4.15	18.73	15.22
10/24/2014 4:10:08 PM	0.00	0.13	0.00	0.13	0.00	0.00	0.00	0.51	0.26	100.00	32.50	15.26	0	128	0	4	0	0	0	0	132	338.15	2.78	0.86	1.66	12.63	3.64	5.18	4.19	18.73	15.24
10/24/2014 4:10:11 PM	0.00	0.13	0.00	0.12	0.00	0.00	0.00	0.50	0.26	100.00	32.87	15.23	0	134	0	4	0	0	0	0	137	337.80	2.76	0.95	1.64	12.59	3.67	5.08	4.22	18.73	15.26
10/24/2014 4:10:14 PM	0.00	0.12	0.00	0.12	0.00	0.00	0.00	0.51	0.25	100.00	33.36	15.20	0	124	0	4	0	0	0	0	127	338.15	2.88	0.91	1.59	12.72	3.61	5.09	4.27	18.72	15.23
10/24/2014 4:10:16 PM	0.00	0.12	0.00	0.14	0.00	0.00	0.00	0.50	0.26	100.00	33.81	15.15	0	123	0	4	0	0	0	0	127	337.86	2.83	0.95	1.61	12.62	3.65	5.11	4.31	18.72	15.23
10/24/2014 4:10:19 PM	0.00	0.11	0.00	0.16	0.00	0.00	0.00	0.49	0.27	100.00	34.20	15.04	0	108	0	5	0	0	0	0	113	338.12	2.95	0.90	1.51	12.48	3.73	5.07	4.35	18.71	15.24
10/24/2014 4:10:22 PM	0.00	0.13	0.00	0.10	0.00	0.00	0.00	0.47	0.23	100.00	34.66	14.86	0	134	0	3	0	0	0	0	137	337.84	2.56	0.76	1.55	11.65	3.56	4.59	4.40	18.70	15.24
10/24/2014 4:10:25 PM	0.00	0.14	0.00	0.07	0.00	0.00	0.00	0.44	0.21	100.00	35.05	14.55	0	136	0	2	0	0	0	0	139	338.28	2.39	0.83	1.52	10.92	3.40	4.17	4.43	18.70	15.23
10/24/2014 4:10:27 PM	0.00	0.13	0.00	0.05	0.00	0.00	0.00	0.38	0.18	100.00	35.43	13.64	0	126	0	2	0	0	0	0	128	338.51	2.05	0.80	1.35	9.53	3.23	3.51	4.47	18.69	15.26
10/24/2014 4:10:30 PM	0.00	0.13	0.00	0.00	0.00	0.00	0.00	0.34	0.13	100.00	35.80	12.51	0	131	0	0	0	0	0	0	131	339.02	1.63	0.67	1.24	8.44	3.03	2.88	4.51	18.69	15.25
10/24/2014 4:10:33 PM	0.00	0.15	0.00	0.00	0.00	0.00	0.00	0.32	0.15	100.00	36.16	11.37	0	147	0	0	0	0	0	0	147	339.16	1.62	0.66	1.26	8.12	3.18	2.72	4.54	18.68	15.24
10/24/2014 4:10:36 PM	0.00	0.12	0.00	0.00	0.00	0.00	0.00	0.31	0.12	100.00	36.50	10.14	0	124	0	0	0	0	0	0	124	339.72	1.50	0.56	1.22	7.82	2.92	2.39	4.58	18.67	15.25
10/24/2014 4:10:39 PM	0.00	0.11	0.00	0.00	0.00	0.00	0.00	0.30	0.11	100.00	36.80	9.50	0	115	0	0	0	0	0	0	115	339.42	1.46	0.69	1.12	7.70	2.88	2.27	4.61	18.66	15.25
10/24/2014 4:10:41 PM	0.00	0.11	0.00	0.00	0.00	0.00	0.00	0.29	0.11	100.00	37.11	8.91	0	115	0	0	0	0	0	0	115	339.69	1.47	0.62	1.15	7.43	2.84	2.09	4.64	18.64	15.24
10/24/2014 4:10:44 PM	0.00	0.14	0.00	0.00	0.00	0.00	0.00	0.30	0.14	100.00	37.46	8.04	0	143	0	0	0	0	0	0	143	340.21	1.56	0.64	1.41	7.58	2.89	2.28	4.67	18.61	15.23
10/24/2014 4:10:47 PM	0.00	0.10	0.00	0.00	0.00	0.00	0.00	0.29	0.10	100.00	37.82	7.68	0	105	0	0	0	0	0	0	105	340.08	1.33	0.59	1.10	7.46	2.78	1.99	4.71	18.60	15.33
10/24/2014 4:10:50 PM	0.00	0.13	0.00	0.00	0.00	0.00	0.00	0.29	0.13	100.00	38.21	7.33	0	126	0	0	0	0	0	0	126	340.19	1.42	0.60	1.24	7.46	2.86	1.93	4.74	18.57	15.32
10/24/2014 4:10:53 PM	0.00	0.12	0.00	0.00	0.00	0.00	0.00	0.29	0.12	100.00	38.53	7.14	0	115	0	0	0	0	0	0	115	340.38	1.36	0.63	1.17	7.51	2.83	1.99	4.78	18.56	15.28
10/24/2014 4:10:55 PM	0.00	0.10	0.00	0.00	0.00	0.00	0.00	0.28	0.10	100.00	38.96	7.00	0	104	0	0	0	0	0	0	104	340.30	1.36	0.64	1.06	7.32	2.79	1.96	4.82	18.52	15.30
10/24/2014 4:10:58 PM	0.00	0.10	0.00	0.00	0.00	0.00	0.00	0.28	0.10	100.00	39.32	6.75	0	105	0	0	0	0	0	0	105	340.41	1.40	0.61	1.14	7.21	2.70	1.90	4.85	18.49	15.27
10/24/2014 4:11:01 PM	0.00	0.11	0.00	0.00	0.00	0.00	0.00	0.28	0.11	100.00	39.73	6.65	0	114	0	0	0	0	0	0	114	340.41	1.28	0.51	1.21	7.20	2.77	1.92	4.89	18.46	15.28
10/24/2014 4:11:04 PM	0.00	0.16	0.00	0.00	0.00	0.00	0.00	0.29	0.16	100.00	40.13	6.47	0	164	0	0	0	0	0	0	164	340.24	1.63	0.64	1.56	7.42	2.96	2.12	4.93	18.45	15.27
10/24/2014 4:11:07 PM	0.00	0.11	0.00	0.00	0.00	0.00	0.00	0.27	0.11	100.00	40.53	6.33	0	111	0	0	0	0	0	0	111	340.63	1.34	0.63	1.14	7.10	2.78	1.90	4.97	18.42	15.26
10/24/2014 4:11:09 PM	0.00	0.11	0.00	0.00	0.00	0.00	0.00	0.27	0.11	100.00	40.94	6.21	0	107	0	0	0	0	0	0	107	340.87	1.33	0.59	1.08	7.01	2.80	1.95	5.01	18.38	15.29
10/24/2014 4:11:12 PM	0.00	0.10	0.00	0.00	0.00	0.00	0.00	0.27	0.10	100.00	41.35	6.10	0	100	0	0	0	0	0	0	100	341.11	1.34	0.54	1.05	7.06	2.77	1.92	5.05	18.35	15.26
10/24/2014 4:11:15 PM	0.00	0.09	0.00	0.00	0.00	0.00	0.00	0.27	0.09	100.00	41.76	6.02	0	95	0	0	0	0	0	0	95	340.90	1.30	0.58	1.04	7.03	2.70	1.84	5.09	18.32	15.25
10/24/2014 4:11:18 PM	0.00	0.09	0.00	0.00	0.00	0.00	0.00	0.26	0.09	100.00	42.20	6.02	0	93	0	0	0	0	0	0	93	341.01	1.30	0.49	0.98	6.87	2.76	1.90	5.14	18.28	15.25
10/24/2014 4:11:20 PM	0.00	0.10	0.00	0.00	0.00	0.00	0.00	0.26	0.10	100.00	42.57	6.02	0	104	0	0	0	0	0	0	104	340.03	1.27	0.57	1.04	6.73	2.80	1.91	5.17	18.24	15.23
10/24/2014 4:11:23 PM	0.00	0.09	0.00	0.00	0.00	0.00	0.00	0.26	0.09	100.00	42.97	6.07	0	94	0	0	0	0	0	0	94	340.15	1.24	0.57	0.95	6.68	2.77	1.85	5.21	18.21	15.25
10/24/2014 4:11:26 PM	0.00	0.09	0.00	0.00	0.00	0.00	0.00	0.26	0.09	100.00	43.38	5.99	0	86	0	0	0	0	0	0	86	340.07	1.23	0.54	0.94	6.68	2.69	1.89	5.25	18.17	15.25
10/24/2014 4:11:29 PM	0.00	0.08	0.00	0.00	0.00	0.00	0.00	0.25	0.08	100.00	43.78	5.94	0	79	0	0	0	0	0	0	79	339.46	1.13	0.58	0.96	6.61	2.58	1.86	5.29	18.13	15.23
10/24/2014 4:11:32 PM	0.00	0.08	0.00	0.00	0.00	0.00	0.00	0.26	0.08	100.00	44.18	5.93	0	84	0	0	0	0	0	0	84	339.52	1.25	0.55	0.97	6.60	2.63	1.93	5.33	18.09	15.21
10/24/2014 4:11:34 PM	0.00	0.10	0.00	0.00	0.00	0.00	0.00	0.25	0.10	100.00	44.54	5.90	0	99	0	0	0	0	0	0	99	339.53	1.21	0.61	1.07	6.43	2.69	1.89	5.37	18.05	15.19
10/24/2014 4:11:37 PM	0.00	0.09	0.00	0.00	0.00	0.00	0.00	0.26	0.09	100.00	44.87	5.97	0	93	0	0	0	0	0	0	93	339.77	1.25	0.56	1.00	6.65	2.71	1.96	5.40	18.00	15.22
10/24/2014 4:11:40 PM	0.00	0.09	0.00	0.00	0.00	0.00	0.00	0.25	0.09	100.00	45.15	6.00	0	88	0	0	0	0	0	0	88	340.03	1.23	0.54	0.98	6.60	2.67	1.89	5.43	17.96	15.20
10/24/2014 4:11:43 PM	0.00	0.09	0.00	0.00	0.00	0.00	0.00	0.25	0.09	100.00	45.46	5.94	0	90	0	0	0	0	0	0	90	339.95	1.25	0.53	1.00	6.54	2.68	1.91	5.46	17.91	15.18
10/24/2014 4:11:46 PM	0.00	0.09	0.00	0.00	0.00	0.00	0.00	0.25	0.09	100.00	45.82	6.02	0	89	0	0	0	0	0	0	89	339.68	1.16	0.58	0.94	6.55	2.73	1.92	5.49	17.87	15.17
10/24/2014 4:11:48 PM	0.00	0.09	0.00	0.00	0.00	0.00	0.00	0.25	0.09	100.00	46.20	5.92	0	86	0	0	0	0	0	0	86	340.08	1.16	0.49	1.00	6.57	2.65	1.86	5.53	17.82	15.15
10/24/2014 4:11:51 PM	0.00	0.09	0.00	0.00	0.00	0.00	0.00	0.25	0.09	100.00	46.63	5.89	0	93	0	0	0	0	0	0	93	339.51	1.25	0.57	0.98	6.59	2.73	1.90	5.57	17.77	15.15
10/24/2014 4:11:54 PM	0.00	0.10	0.00	0.00	0.00	0.00	0.00	0.25	0.10	100.00	47.05	5.87	0	103	0	0	0	0	0	0	103	340.31	1.28	0.50	1.10	6.53	2.73	1.89	5.61	17.71	15.12
10/24/2014 4:11:57 PM	0.00	0.10	0.00	0.00	0.00	0.00	0.00	0.26	0.10	100.00	47.49	5.91	0	101	0	0	0	0	0	0	101	340.15	1.28	0.52	1.11	6.72	2.69	1.89	5.65	17.67	15.12
10/24/2014 4:12:00 PM	0.00	0.10	0.00	0.00	0.00	0.00	0.00	0.25	0.10	100.00	47.91	5.91	0	96	0	0	0	0	0	0	96	339.92	1.24	0.50	1.06	6.56	2.68	1.93	5.70	17.63	15.10
10/24/2014 4:12:02 PM	0.00	0.10	0.00	0.00	0.00	0.00	0.00	0.25	0.10	100.00	48.32	5.86	0	96	0	0	0	0	0	0	96	339.94	1.17	0.54	1.05	6.55	2.70	1.86	5.74	17.57	15.09
10/24/2014 4:12:05 PM	0.00	0.10	0.00	0.00	0.00	0.00	0.00	0.26	0.10	100.00	48.72	5.85	0	103	0	0	0	0	0	0	103	339.96	1.26	0.59	1.10	6.62	2.72	1.94	5.77	17.52	15.08
10/24/2014 4:12:08 PM	0.00	0.09	0.00	0.00	0.00	0.00	0.00	0.26	0.09	100.00	49.11	5.87	0	94	0	0	0	0	0	0	94	340.00	1.26	0.56	1.05	6.62	2.67	1.96	5.81	17.47	15.06
10/24/2014 4:12:11 PM	0.00	0.10	0.00	0.00	0.00	0.00	0.00	0.25	0.10	100.00	49.51	5.85	0	98	0	0	0	0	0	0	98	339.82	1.23	0.50	1.07	6.59	2.71	1.90	5.85	17.41	15.03
10/24/2014 4:12:13 PM	0.00	0.10	0.00	0.00	0.00	0.00	0.00	0.25	0.10	100.00	49.89	5.88	0	98	0	0	0	0	0	0	98	339.92	1.21	0.56	1.07	6.48	2.68	1.92	5.89	17.35	15.07
10/24/2014 4:12:16 PM	0.00	0.11	0.00	0.00	0.00	0.00	0.00	0.26	0.11	100.00	50.26	5.89	0	113	0	0	0	0	0	0	113	339.94	1.25	0.57	1.13	6.66	2.81	1.92	5.93	17.32	15.03
10/24/2014 4:12:19 PM	0.00	0.13	0.00	0.00	0.00	0.00	0.00	0.25	0.13	100.00	50.50	5.86	0	126	0	0	0	0	0	0	126	339.75	1.28	0.63	1.24	6.65	2.84	1.92	5.95	17.25	15.00
10/24/2014 4:12:22 PM	0.00	0.11	0.00	0.00	0.00	0.00	0.00	0.26	0.11	100.00	50.81	5.76	0	111	0	0	0	0	0	0	111	339.99	1.25	0.52	1.10	6.70	2.84	1.89	5.98	17.19	15.00
10/24/2014 4:12:25 PM	0.00	0.11	0.00	0.00	0.00	0.00	0.00	0.26	0.11	100.00	51.21	5.76	0	106	0	0	0	0	0	0	106	339.94	1.22	0.57	1.16	6.68	2.68	1.88	6.02	17.14	14.97
10/24/2014 4:12:27 PM	0.00	0.10	0.00	0.00	0.00	0.00	0.00	0.26	0.10	100.00	51.57	5.78	0	100	0	0	0	0	0	0	100	340.02	1.18	0.51	1.11	6.65	2.70	1.93	6.05	17.09	14.96
10/24/2014 4:12:30 PM	0.00	0.11	0.00	0.00	0.00	0.00	0.00	0.25	0.11	100.00	51.92	5.79	0	112	0	0	0	0	0	0	112	339.73	1.14	0.58	1.17	6.63	2.77	1.89	6.09	17.03	14.91
10/24/2014 4:12:33 PM	0.00	0.11	0.00	0.00	0.00	0.00	0.00	0.25	0.11	100.00	52.43	5.77	0	107	0	0	0	0	0	0	107	340.22	1.20	0.62	1.15	6.62	2.71	1.88	6.14	16.97	14.91
10/24/2014 4:12:36 PM	0.00	0.11	0.00	0.00	0.00	0.00	0.00	0.26	0.11	100.00	52.85	5.77	0	109	0	0	0	0	0	0	109	340.35	1.20	0.58	1.17	6.70	2.73	1.90	6.18	16.92	14.90
10/24/2014 4:12:39 PM	0.00	0.11	0.00	0.00	0.00	0.00	0.00	0.26	0.11	100.00	53.20	5.79	0	113	0	0	0	0	0	0	113	339.87	1.27	0.60	1.17	6.74	2.78	2.02	6.21	16.86	14.88
10/24/2014 4:12:41 PM	0.00	0.11	0.00	0.00	0.00	0.00	0.00	0.26	0.11	100.00	53.61	5.80	0	114	0	0	0	0	0	0	114	339.74	1.22	0.59	1.15	6.71	2.80	1.97	6.25	16.81	14.85
10/24/2014 4:12:44 PM	0.00	0.11	0.00	0.00	0.00	0.00	0.00	0.26	0.11	100.00	54.03	5.78	0	109	0	0	0	0	0	0	109	339.90	1.18	0.66	1.11	6.69	2.78	1.88	6.29	16.76	14.83
10/24/2014 4:12:47 PM	0.00	0.12	0.00	0.00	0.00	0.00	0.00	0.26	0.12	100.00	54.45	5.80	0	116	0	0	0	0	0	0	116	340.28	1.20	0.58	1.24	6.72	2.73	1.85	6.34	16.68	14.82
10/24/2014 4:12:50 PM	0.00	0.11	0.00	0.00	0.00	0.00	0.00	0.26	0.11	100.00	54.79	5.80	0	105	0	0	0	0	0	0	105	339.93	1.21	0.68	1.14	6.75	2.69	1.88	6.37	16.64	14.76
10/24/2014 4:12:53 PM	0.00	0.11	0.00	0.00	0.00	0.00	0.00	0.26	0.11	100.00	55.25	5.80	0	110	0	0	0	0	0	0	110	340.14	1.18	0.66	1.19	6.73	2.71	1.95	6.41	16.58	14.78
10/24/2014 4:12:55 PM	0.00	0.11	0.00	0.00	0.00	0.00	0.00	0.26	0.11	100.00	55.69	5.78	0	113	0	0	0	0	0	0	113	340.21	1.21	0.61	1.17	6.65	2.77	1.92	6.46	16.53	14.74
10/24/2014 4:12:58 PM	0.00	0.12	0.00	0.00	0.00	0.00	0.00	0.25	0.12	100.00	56.22	5.75	0	116	0	0	0	0	0	0	116	340.63	1.20	0.62	1.22	6.62	2.74	1.88	6.51	16.47	14.71
10/24/2014 4:13:01 PM	0.00	0.11	0.00	0.00	0.00	0.00	0.00	0.26	0.11	100.00	56.64	5.74	0	114	0	0	0	0	0	0	114	340.56	1.19	0.64	1.17	6.72	2.78	1.88	6.55	16.43	14.71
10/24/2014 4:13:04 PM	0.00	0.12	0.00	0.00	0.00	0.00	0.00	0.26	0.12	100.00	57.07	5.73	0	117	0	0	0	0	0	0	117	340.22	1.22	0.67	1.26	6.70	2.69	1.85	6.59	16.36	14.71
10/24/2014 4:13:06 PM	0.00	0.11	0.00	0.00	0.00	0.00	0.00	0.26	0.11	100.00	57.43	5.74	0	108	0	0	0	0	0	0	108	340.02	1.26	0.62	1.16	6.67	2.70	1.89	6.63	16.30	14.69
10/24/2014 4:13:09 PM	0.00	0.11	0.00	0.00	0.00	0.00	0.00	0.26	0.11	100.00	57.82	5.74	0	114	0	0	0	0	0	0	114	339.99	1.25	0.67	1.17	6.74	2.76	1.89	6.67	16.26	14.66
10/24/2014 4:13:12 PM	0.00	0.12	0.00	0.00	0.00	0.00	0.00	0.26	0.12	100.00	58.19	5.76	0	117	0	0	0	0	0	0	117	339.95	1.25	0.64	1.21	6.73	2.77	1.94	6.70	16.20	14.63
10/24/2014 4:13:15 PM	0.00	0.11	0.00	0.00	0.00	0.00	0.00	0.26	0.11	100.00	58.56	5.76	0	114	0	0	0	0	0	0	114	339.72	1.28	0.58	1.21	6.84	2.74	1.93	6.74	16.14	14.61
10/24/2014 4:13:18 PM	0.00	0.11	0.00	0.00	0.00	0.00	0.00	0.26	0.11	100.00	58.79	5.78	0	112	0	0	0	0	0	0	112	339.48	1.23	0.60	1.21	6.73	2.71	1.94	6.76	16.08	14.57
10/24/2014 4:13:20 PM	0.00	0.12	0.00	0.00	0.00	0.00	0.00	0.26	0.12	100.00	59.12	5.80	0	117	0	0	0	0	0	0	117	339.49	1.30	0.58	1.26	6.70	2.70	1.91	6.79	16.04	14.56
10/24/2014 4:13:23 PM	0.00	0.13	0.00	0.00	0.00	0.00	0.00	0.26	0.13	100.00	59.47	5.81	0	128	0	0	0	0	0	0	128	339.28	1.26	0.62	1.32	6.78	2.78	1.91	6.83	15.97	14.53
10/24/2014 4:13:26 PM	0.00	0.11	0.00	0.00	0.00	0.00	0.00	0.26	0.11	100.00	59.84	5.78	0	115	0	0	0	0	0	0	115	339.05	1.26	0.58	1.17	6.75	2.80	1.91	6.86	15.94	14.54
10/24/2014 4:13:29 PM	0.00	0.11	0.00	0.00	0.00	0.00	0.00	0.26	0.11	100.00	60.20	5.78	0	112	0	0	0	0	0	0	112	339.38	1.25	0.63	1.17	6.72	2.74	1.91	6.90	15.88	14.53
10/24/2014 4:13:32 PM	0.00	0.11	0.00	0.00	0.00	0.00	0.00	0.26	0.11	100.00	60.52	5.77	0	112	0	0	0	0	0	0	112	339.94	1.23	0.59	1.17	6.74	2.75	1.88	6.93	15.82	14.48
10/24/2014 4:13:34 PM	0.00	0.12	0.00	0.00	0.00	0.00	0.00	0.26	0.12	100.00	60.83	5.79	0	117	0	0	0	0	0	0	117	339.43	1.28	0.62	1.28	6.77	2.69	1.97	6.96	15.76	14.46
10/24/2014 4:13:37 PM	0.00	0.11	0.00	0.00	0.00	0.00	0.00	0.26	0.11	100.00	61.20	5.77	0	110	0	0	0	0	0	0	110	339.61	1.20	0.61	1.19	6.79	2.71	1.91	7.00	15.72	14.42
10/24/2014 4:13:40 PM	0.00	0.12	0.00	0.00	0.00	0.00	0.00	0.26	0.12	100.00	61.64	5.76	0	118	0	0	0	0	0	0	118	338.74	1.23	0.65	1.20	6.91	2.80	1.88	7.04	15.66	14.43
10/24/2014 4:13:43 PM	0.00	0.12	0.00	0.00	0.00	0.00	0.00	0.27	0.12	100.00	61.97	5.76	0	124	0	0	0	0	0	0	124	338.31	1.24	0.72	1.29	6.99	2.77	2.00	7.07	15.62	14.39
10/24/2014 4:13:46 PM	0.00	0.13	0.00	0.00	0.00	0.00	0.00	0.27	0.13	100.00	62.32	5.78	0	125	0	0	0	0	0	0	125	337.35	1.28	0.70	1.26	7.05	2.81	1.92	7.11	15.56	14.35
10/24/2014 4:13:48 PM	0.00	0.13	0.00	0.00	0.00	0.00	0.00	0.28	0.13	100.00	62.67	5.81	0	128	0	0	0	0	0	0	128	335.81	1.42	0.71	1.25	7.14	2.86	2.08	7.14	15.51	14.34
10/24/2014 4:13:51 PM	0.00	0.12	0.00	0.00	0.00	0.00	0.00	0.28	0.12	100.00	63.04	5.81	0	122	0	0	0	0	0	0	122	334.90	1.40	0.72	1.26	7.20	2.77	2.05	7.18	15.46	14.32
10/24/2014 4:13:54 PM	0.00	0.12	0.00	0.00	0.00	0.00	0.00	0.28	0.12	100.00	63.29	5.80	0	121	0	0	0	0	0	0	121	335.32	1.27	0.61	1.27	7.27	2.78	2.01	7.20	15.43	14.33
10/24/2014 4:13:57 PM	0.00	0.12	0.00	0.00	0.00	0.00	0.00	0.28	0.12	100.00	63.10	5.81	0	118	0	0	0	0	0	0	118	334.95	1.36	0.60	1.21	7.36	2.81	2.01	7.18	15.37	14.26
10/24/2014 4:13:59 PM	0.00	0.13	0.00	0.00	0.00	0.00	0.00	0.27	0.13	100.00	62.30	5.81	0	128	0	0	0	0	0	0	128	335.90	1.35	0.72	1.22	7.10	2.90	2.04	7.11	15.32	14.24
10/24/2014 4:14:02 PM	0.00	0.13	0.00	0.00	0.00	0.00	0.00	0.27	0.13	100.00	61.38	5.75	0	132	0	0	0	0	0	0	132	337.27	1.23	0.70	1.35	7.01	2.80	2.01	7.02	15.27	14.26
10/24/2014 4:14:05 PM	0.00	0.12	0.00	0.00	0.00	0.00	0.00	0.27	0.12	100.00	60.56	5.76	0	119	0	0	0	0	0	0	119	337.94	1.25	0.69	1.32	6.95	2.67	2.01	6.94	15.22	14.24
10/24/2014 4:14:08 PM	0.00	0.13	0.00	0.00	0.00	0.00	0.00	0.26	0.13	100.00	59.99	5.76	0	128	0	0	0	0	0	0	128	338.01	1.19	0.72	1.32	6.91	2.79	1.98	6.88	15.19	14.19
10/24/2014 4:14:11 PM	0.00	0.12	0.00	0.00	0.00	0.00	0.00	0.27	0.12	100.00	59.09	5.76	0	119	0	0	0	0	0	0	119	338.18	1.28	0.64	1.19	6.94	2.83	1.94	6.79	15.12	14.17
10/24/2014 4:14:13 PM	0.00	0.13	0.00	0.00	0.00	0.00	0.00	0.27	0.13	100.00	58.18	5.75	0	126	0	0	0	0	0	0	126	338.61	1.22	0.71	1.21	6.92	2.88	2.00	6.70	15.08	14.14
10/24/2014 4:14:16 PM	0.00	0.12	0.00	0.00	0.00	0.00	0.00	0.27	0.12	100.00	57.29	5.74	0	119	0	0	0	0	0	0	119	338.17	1.32	0.66	1.18	6.99	2.82	1.93	6.61	15.04	14.12
10/24/2014 4:14:19 PM	0.00	0.13	0.00	0.00	0.00	0.00	0.00	0.27	0.13	100.00	56.50	5.75	0	129	0	0	0	0	0	0	129	338.44	1.21	0.70	1.32	7.00	2.80	1.96	6.54	14.99	14.10
10/24/2014 4:14:22 PM	0.00	0.12	0.00	0.00	0.00	0.00	0.00	0.27	0.12	100.00	55.58	5.75	0	115	0	0	0	0	0	0	115	338.87	1.22	0.65	1.21	6.95	2.75	1.91	6.45	14.94	14.10
10/24/2014 4:14:25 PM	0.00	0.11	0.00	0.00	0.00	0.00	0.00	0.27	0.11	100.00	54.72	5.75	0	113	0	0	0	0	0	0	113	338.77	1.31	0.67	1.19	7.04	2.76	2.09	6.36	14.90	14.10
10/24/2014 4:14:27 PM	0.00	0.12	0.00	0.00	0.00	0.00	0.00	0.27	0.12	100.00	53.82	5.75	0	117	0	0	0	0	0	0	117	338.69	1.18	0.64	1.19	6.92	2.81	1.95	6.27	14.85	14.06
10/24/2014 4:14:30 PM	0.00	0.11	0.00	0.00	0.00	0.00	0.00	0.27	0.11	100.00	52.81	5.76	0	112	0	0	0	0	0	0	112	338.46	1.25	0.64	1.20	7.06	2.74	2.00	6.18	14.80	14.03
10/24/2014 4:14:33 PM	0.00	0.12	0.00	0.00	0.00	0.00	0.00	0.26	0.12	100.00	51.83	5.75	0	121	0	0	0	0	0	0	121	338.73	1.26	0.70	1.21	6.92	2.81	1.91	6.08	14.76	13.98
10/24/2014 4:14:36 PM	0.00	0.12	0.00	0.00	0.00	0.00	0.00	0.27	0.12	100.00	50.83	5.75	0	120	0	0	0	0	0	0	120	338.40	1.24	0.62	1.26	6.97	2.77	1.98	5.98	14.73	13.98
10/24/2014 4:14:38 PM	0.00	0.12	0.00	0.00	0.00	0.00	0.00	0.27	0.12	100.00	49.81	5.75	0	120	0	0	0	0	0	0	120	338.52	1.24	0.68	1.21	7.00	2.82	1.98	5.88	14.69	13.98
10/24/2014 4:14:41 PM	0.00	0.12	0.00	0.00	0.00	0.00	0.00	0.27	0.12	100.00	48.87	5.76	0	123	0	0	0	0	0	0	123	338.48	1.24	0.71	1.24	7.02	2.81	1.94	5.79	14.64	13.91
10/24/2014 4:14:44 PM	0.00	0.13	0.00	0.00	0.00	0.00	0.00	0.27	0.13	100.00	47.94	5.76	0	126	0	0	0	0	0	0	126	338.34	1.23	0.71	1.27	7.03	2.82	2.02	5.70	14.60	13.93
10/24/2014 4:14:47 PM	0.00	0.12	0.00	0.00	0.00	0.00	0.00	0.27	0.12	100.00	47.05	5.76	0	122	0	0	0	0	0	0	122	338.35	1.28	0.67	1.27	7.02	2.78	2.04	5.61	14.55	13.93
10/24/2014 4:14:50 PM	0.00	0.13	0.00	0.00	0.00	0.00	0.00	0.27	0.13	100.00	46.15	5.77	0	135	0	0	0	0	0	0	135	338.12	1.24	0.71	1.31	7.10	2.89	1.98	5.52	14.51	13.85
10/24/2014 4:14:52 PM	0.00	0.13	0.00	0.00	0.00	0.00	0.00	0.28	0.13	100.00	45.28	5.77	0	129	0	0	0	0	0	0	129	338.02	1.35	0.74	1.27	7.15	2.84	2.11	5.44	14.47	13.86
10/24/2014 4:14:55 PM	0.00	0.12	0.00	0.00	0.00	0.00	0.00	0.27	0.12	100.00	44.34	5.79	0	125	0	0	0	0	0	0	125	338.38	1.32	0.71	1.23	7.12	2.85	2.02	5.35	14.43	13.82
10/24/2014 4:14:58 PM	0.00	0.13	0.00	0.00	0.00	0.00	0.00	0.28	0.13	100.00	43.32	5.83	0	130	0	0	0	0	0	0	130	338.56	1.28	0.80	1.24	7.22	2.90	2.06	5.25	14.38	13.80
10/24/2014 4:15:01 PM	0.00	0.13	0.00	0.00	0.00	0.00	0.00	0.28	0.13	100.00	42.34	5.85	0	134	0	0	0	0	0	0	134	338.36	1.30	0.76	1.34	7.36	2.84	2.07	5.15	14.34	13.78
10/24/2014 4:15:04 PM	0.00	0.14	0.00	0.00	0.00	0.00	0.00	0.29	0.14	100.00	41.19	5.89	0	139	0	0	0	0	0	0	139	338.60	1.31	0.75	1.37	7.45	2.88	2.02	5.04	14.31	13.75
10/24/2014 4:15:06 PM	0.00	0.14	0.00	0.00	0.00	0.00	0.00	0.29	0.14	100.00	40.00	5.98	0	137	0	0	0	0	0	0	137	339.47	1.37	0.86	1.30	7.58	2.92	2.08	4.92	14.27	13.77
10/24/2014 4:15:09 PM	0.00	0.14	0.00	0.00	0.00	0.00	0.00	0.30	0.14	100.00	38.85	6.18	0	140	0	0	0	0	0	0	140	339.00	1.40	0.87	1.31	7.78	2.94	1.97	4.81	14.24	13.68
10/24/2014 4:15:12 PM	0.00	0.15	0.00	0.00	0.00	0.00	0.00	0.30	0.15	100.00	37.73	6.61	0	154	0	0	0	0	0	0	154	339.30	1.43	0.91	1.38	7.86	3.03	1.97	4.70	14.19	13.68
10/24/2014 4:15:15 PM	0.00	0.17	0.00	0.00	0.00	0.00	0.00	0.32	0.17	100.00	36.54	8.13	0	167	0	0	0	0	0	0	167	338.35	1.45	0.91	1.46	8.27	3.14	2.26	4.58	14.16	13.70
10/24/2014 4:15:18 PM	0.00	0.19	0.00	0.00	0.00	0.00	0.00	0.34	0.19	100.00	35.32	10.73	0	185	0	0	0	0	0	0	185	337.57	1.55	0.91	1.57	8.74	3.31	2.68	4.46	14.13	13.63
10/24/2014 4:15:20 PM	0.00	0.21	0.00	0.00	0.00	0.00	0.00	0.44	0.21	100.00	34.21	13.29	0	206	0	0	0	0	0	0	206	336.92	2.09	1.04	1.73	10.91	3.50	3.81	4.35	14.10	13.61
10/24/2014 4:15:23 PM	0.00	0.21	0.00	0.06	0.00	0.00	0.00	0.52	0.27	100.00	33.04	14.56	0	209	0	2	0	0	0	0	211	336.81	2.70	1.11	1.94	12.94	3.80	4.89	4.24	14.08	13.63
10/24/2014 4:15:26 PM	0.00	0.21	0.00	0.07	0.00	0.00	0.00	0.56	0.29	100.00	31.94	14.95	0	215	0	2	0	0	0	0	217	336.15	2.85	1.22	1.99	13.73	3.95	5.24	4.13	14.06	13.60
10/24/2014 4:15:29 PM	0.00	0.24	0.00	0.07	0.00	0.00	0.00	0.57	0.31	100.00	31.01	15.00	0	237	0	2	0	0	0	0	239	336.13	2.86	1.26	2.17	14.08	4.06	5.45	4.04	14.05	13.58
10/24/2014 4:15:31 PM	0.00	0.22	0.00	0.09	0.00	0.00	0.00	0.58	0.31	100.00	30.08	15.07	0	220	0	3	0	0	0	0	223	336.11	3.00	1.28	2.10	14.36	4.04	5.58	3.95	14.04	13.58
10/24/2014 4:15:34 PM	0.00	0.22	0.00	0.10	0.00	0.00	0.00	0.59	0.32	100.00	29.06	15.17	0	216	0	3	0	0	0	0	219	336.71	3.13	1.23	2.09	14.62	4.12	5.72	3.85	14.03	13.53
10/24/2014 4:15:37 PM	0.00	0.20	0.00	0.15	0.00	0.00	0.00	0.60	0.35	100.00	27.86	15.33	0	203	0	4	0	0	0	0	207	336.20	3.28	1.29	2.16	14.88	4.22	6.04	3.73	14.01	13.49
10/24/2014 4:15:40 PM	0.00	0.22	0.00	0.14	0.00	0.00	0.00	0.60	0.36	100.00	26.76	15.50	0	221	0	4	0	0	0	0	225	336.69	3.24	1.31	2.25	15.02	4.28	6.08	3.62	13.99	13.50
10/24/2014 4:15:43 PM	0.00	0.21	0.00	0.19	0.00	0.00	0.00	0.60	0.39	100.00	25.59	15.65	0	206	0	6	0	0	0	0	212	336.63	3.44	1.41	2.27	15.19	4.38	6.28	3.51	14.00	13.46
10/24/2014 4:15:45 PM	0.00	0.19	0.00	0.21	0.00	0.00	0.00	0.59	0.40	100.00	24.54	15.80	0	189	0	6	0	0	0	0	196	336.65	3.48	1.49	2.22	15.05	4.38	6.30	3.40	14.00	13.45
10/24/2014 4:15:48 PM	0.00	0.18	0.00	0.25	0.00	0.00	0.00	0.60	0.42	100.00	23.42	15.79	0	176	0	7	0	0	0	0	184	337.07	3.59	1.54	2.21	15.28	4.48	6.53	3.30	13.97	13.44
10/24/2014 4:15:51 PM	0.00	0.22	0.00	0.27	0.00	0.00	0.00	0.60	0.50	100.00	22.38	15.86	0	224	0	8	0	0	0	0	233	336.64	3.80	1.62	2.56	15.33	4.85	6.56	3.19	13.97	13.43
10/24/2014 4:15:54 PM	0.00	0.17	0.00	0.26	0.00	0.00	0.00	0.58	0.42	100.00	21.29	15.95	0	168	0	8	0	0	0	0	176	337.08	3.62	1.46	2.20	14.93	4.44	6.41	3.09	13.96	13.42
10/24/2014 4:15:57 PM	0.00	0.18	0.00	0.22	0.00	0.00	0.00	0.57	0.40	100.00	20.14	16.08	0	178	0	7	0	0	0	0	184	337.41	3.39	1.44	2.13	14.60	4.36	6.15	2.97	13.96	13.38
10/24/2014 4:15:59 PM	0.00	0.19	0.00	0.15	0.00	0.00	0.00	0.56	0.34	100.00	18.97	16.13	0	186	0	5	0	0	0	0	190	337.96	3.13	1.33	1.99	14.00	4.15	5.63	2.86	13.97	13.38
10/24/2014 4:16:02 PM	0.00	0.17	0.00	0.18	0.00	0.00	0.00	0.56	0.35	100.00	17.89	16.22	0	174	0	5	0	0	0	0	180	337.83	3.12	1.35	1.97	14.03	4.21	5.77	2.75	13.97	13.38
10/24/2014 4:16:05 PM	0.00	0.17	0.00	0.22	0.00	0.00	0.00	0.55	0.39	100.00	16.73	16.45	0	169	0	7	0	0	0	0	176	337.78	3.29	1.41	2.09	14.15	4.32	6.01	2.64	13.98	13.34
10/24/2014 4:16:08 PM	0.00	0.10	0.27	0.55	0.00	0.00	0.00	0.48	0.92	100.00	15.40	16.64	0	99	119	17	0	0	0	0	235	336.61	5.00	1.93	2.96	14.71	5.47	8.66	2.51	13.99	13.37
10/24/2014 4:16:11 PM	0.00	0.10	0.72	0.65	0.00	0.00	0.00	0.39	1.47	100.00	14.08	16.76	0	95	324	20	0	0	0	0	439	336.10	6.33	2.33	3.78	14.96	6.48	11.10	2.38	13.99	13.34
10/24/2014 4:16:13 PM	0.00	0.06	0.88	0.69	0.00	0.00	0.00	0.36	1.63	100.00	12.75	16.78	0	61	396	21	0	0	0	0	477	335.89	6.78	2.46	3.86	15.05	6.64	11.97	2.25	14.01	13.36
10/24/2014 4:16:16 PM	0.00	0.07	0.91	0.70	0.00	0.00	0.00	0.35	1.69	100.00	11.27	16.84	0	71	411	21	0	0	0	0	503	335.70	6.88	2.55	4.02	15.01	6.79	12.17	2.10	14.02	13.33
10/24/2014 4:16:19 PM	0.00	0.07	0.94	0.72	0.00	0.00	0.00	0.35	1.74	100.00	9.76	16.87	0	74	425	22	0	0	0	0	521	335.33	7.02	2.60	4.12	15.22	6.91	12.44	1.96	14.03	13.33
10/24/2014 4:16:22 PM	0.00	0.09	0.94	0.72	0.00	0.00	0.00	0.36	1.75	100.00	8.33	16.92	0	94	422	22	0	0	0	0	538	336.06	7.14	2.59	4.24	15.50	7.04	12.51	1.82	14.05	13.30
10/24/2014 4:16:24 PM	0.00	0.04	0.95	0.80	0.00	0.00	0.00	0.35	1.79	100.00	7.13	16.89	0	39	428	24	0	0	0	0	491	336.26	7.45	2.60	4.08	15.49	7.13	12.81	1.70	14.07	13.29
10/24/2014 4:16:27 PM	0.06	0.00	1.09	0.87	0.00	0.00	0.00	0.30	2.02	100.00	5.81	16.97	32	0	492	26	0	0	0	0	550	336.19	7.81	2.82	4.24	15.50	7.43	13.93	1.57	14.09	13.31
10/24/2014 4:16:30 PM	0.24	0.00	1.16	0.83	0.00	0.00	0.00	0.24	2.24	100.00	4.47	17.16	130	0	524	25	0	0	0	0	679	336.18	7.90	2.60	4.28	15.06	7.69	14.46	1.44	14.12	13.29
10/24/2014 4:16:33 PM	0.00	0.00	1.19	0.82	0.00	0.00	0.00	0.32	2.00	100.00	3.14	17.27	0	0	534	24	0	0	0	0	559	336.77	7.91	2.90	3.79	15.79	7.40	14.19	1.31	14.13	13.30
10/24/2014 4:16:36 PM	0.74	0.00	1.14	0.39	0.00	0.00	0.00	0.19	2.27	100.00	1.86	17.34	390	0	513	12	0	0	0	0	915	337.13	6.49	1.89	3.09	13.81	6.56	13.84	1.18	14.17	13.29
10/24/2014 4:16:38 PM	0.39	0.17	1.37	0.08	0.00	0.00	0.00	0.27	2.02	100.00	1.05	17.34	205	175	619	2	0	0	0	0	1001	335.88	6.42	2.04	4.26	14.76	5.71	12.89	1.10	14.19	13.30
10/24/2014 4:16:41 PM	0.00	0.00	0.54	0.86	0.00	0.00	0.00	0.34	1.41	100.00	0.91	17.35	0	0	244	26	0	0	0	0	269	335.04	6.41	3.58	3.31	13.70	6.05	10.51	1.09	14.21	13.26
10/24/2014 4:16:44 PM	1.08	0.00	0.00	0.64	0.00	0.00	0.00	0.28	1.72	100.00	0.79	17.38	574	0	0	19	0	0	0	0	593	327.75	4.36	1.84	2.29	12.89	6.27	10.76	1.08	14.26	13.27
10/24/2014 4:16:47 PM	0.74	0.13	0.75	0.46	0.00	0.00	0.00	0.21	2.09	100.00	0.89	17.33	392	135	338	14	0	0	0	0	879	326.18	5.64	2.83	4.56	13.10	6.23	11.99	1.09	14.28	13.28
10/24/2014 4:16:50 PM	0.35	0.10	1.26	0.21	0.00	0.00	0.00	0.18	1.92	100.00	1.21	17.38	186	100	566	6	0	0	0	0	858	326.91	6.14	1.36	3.61	12.45	5.99	11.76	1.12	14.31	13.27
10/24/2014 4:16:52 PM	0.71	0.03	0.67	0.42	0.00	0.00	0.00	0.23	1.83	100.00	1.21	17.40	376	28	300	13	0	0	0	0	717	328.40	5.18	2.35	3.56	12.67	5.51	11.27	1.12	14.35	13.27
10/24/2014 4:16:55 PM	0.00	0.00	0.76	0.68	0.00	0.00	0.00	0.33	1.44	100.00	1.20	17.35	0	0	341	21	0	0	0	0	362	327.94	6.14	3.25	3.50	13.83	5.60	10.98	1.12	14.37	13.30
10/24/2014 4:16:58 PM	1.19	0.06	0.54	0.30	0.00	0.00	0.00	0.15	2.08	100.00	0.88	17.26	632	55	242	9	0	0	0	0	939	295.04	4.49	2.18	3.74	11.80	5.39	11.32	1.09	14.41	13.30
10/24/2014 4:17:01 PM	0.00	0.03	0.00	0.00	0.00	0.00	0.00	0.00	0.03	89.56	0.46	17.15	0	31	0	0	0	0	0	0	31	251.43	-0.41	2.20	1.42	-3.01	1.85	-1.95	1.04	14.46	13.26
10/24/2014 4:17:04 PM	0.36	0.23	0.00	0.00	0.00	0.00	0.00	0.00	0.59	95.48	0.52	17.00	188	235	0	0	0	0	0	0	423	268.05	-2.57	0.46	2.11	2.34	4.33	1.63	1.05	14.49	13.28
10/24/2014 4:17:06 PM	0.00	0.55	0.04	0.00	0.00	0.00	0.00	0.00	0.59	90.99	0.43	16.92	0	552	16	0	0	0	0	0	569	255.44	1.59	1.42	4.94	-1.41	4.13	1.75	1.04	14.53	13.28
