Date/Time	Green Algae	Bluegreen	Diatoms	Cryptophyta	#4	#5	#6	Yellow substances	Total conc.	Transmission	Depth	Temp. Sample	Green Algae	Bluegreen	Diatoms	Cryptophyta	#4	#5	#6	Yellow substances	Total cell count	Trans. 700 nm	LED 3 [525 nm]	LED 4 [570 nm]	LED 5 [610 nm]	LED 6 [370 nm]	LED 7 [590 nm]	LED 8 [470 nm]	Pressure	Temp. LEDs	Temp. Sensor
date	µg/l	µg/l	µg/l	µg/l	µg/l	µg/l	µg/l	µg/l	µg/l	%	m	°C	cells/ml	cells/ml	cells/ml	cells/ml	cells/ml	cells/ml	cells/ml	cells/ml	cells/ml	digits	digits	digits	digits	digits	digits	digits	bar	°C	°C
9/3/2014 12:12:05 PM	3.55	1.99	1.86	4.03	0.00	0.00	0.00	0.00	11.43	100.00	9.54	12.13	1880	1989	837	121	0	0	0	0	4827	283.42	24.48	10.43	29.42	36.88	36.02	48.45	1.93	24.69	20.82
9/3/2014 12:12:08 PM	3.48	1.83	1.66	4.10	0.00	0.00	0.00	0.00	11.06	100.00	9.80	12.08	1844	1827	746	123	0	0	0	0	4540	282.53	23.86	10.03	28.09	35.83	35.22	47.15	1.96	24.66	20.88
9/3/2014 12:12:11 PM	3.55	2.09	1.71	4.20	0.00	0.00	0.00	0.00	11.55	98.34	9.95	12.10	1883	2087	771	126	0	0	0	0	4867	276.10	24.63	10.77	30.32	36.75	36.96	48.60	1.98	24.61	20.84
9/3/2014 12:12:14 PM	1.52	4.53	2.01	6.11	0.00	0.00	0.00	0.00	14.17	58.48	10.18	12.04	806	4527	905	183	0	0	0	0	6421	164.11	32.15	14.83	50.97	33.44	55.16	56.96	2.00	24.59	20.81
9/3/2014 12:12:17 PM	0.00	9.29	1.34	7.73	0.00	0.00	0.00	0.00	18.36	11.95	10.21	12.22	0	9293	603	232	0	0	0	0	10128	33.39	39.59	18.53	85.22	27.20	83.71	61.89	2.00	24.53	20.83
9/3/2014 12:12:19 PM	0.98	6.80	2.62	5.95	0.00	0.00	0.00	0.00	16.35	47.88	9.99	12.18	519	6799	1179	179	0	0	0	0	8675	134.34	35.02	16.16	66.72	32.10	66.31	61.46	1.98	24.51	20.85
9/3/2014 12:12:22 PM	3.25	2.75	1.67	4.63	0.00	0.00	0.00	0.00	12.30	90.04	9.57	12.08	1724	2752	750	139	0	0	0	0	5365	252.78	26.14	11.59	35.85	35.70	41.65	50.88	1.94	24.43	20.82
9/3/2014 12:12:25 PM	3.62	2.23	1.81	3.94	0.00	0.00	0.00	0.00	11.61	98.38	9.30	12.03	1919	2227	816	118	0	0	0	0	5080	276.20	24.30	10.66	30.86	36.74	36.81	48.29	1.91	24.41	20.86
9/3/2014 12:12:28 PM	3.56	2.11	1.88	3.83	0.00	0.00	0.00	0.00	11.38	100.00	9.02	12.04	1885	2108	847	115	0	0	0	0	4955	280.99	24.00	10.40	29.81	36.44	35.77	47.71	1.88	24.37	20.79
9/3/2014 12:12:30 PM	3.76	2.09	1.74	4.03	0.00	0.00	0.00	0.00	11.62	100.00	8.72	12.00	1993	2085	785	121	0	0	0	0	4984	282.21	24.33	10.71	30.20	37.12	36.45	48.81	1.85	24.30	20.78
9/3/2014 12:12:33 PM	3.70	2.04	1.76	3.82	0.00	0.00	0.00	0.00	11.33	100.00	8.30	12.06	1964	2040	792	115	0	0	0	0	4910	282.96	23.64	10.13	29.19	36.53	35.48	47.36	1.81	24.27	20.79
9/3/2014 12:12:36 PM	3.67	2.14	1.86	3.85	0.00	0.00	0.00	0.00	11.52	100.00	8.03	12.02	1945	2138	835	116	0	0	0	0	5034	283.02	24.13	10.43	29.98	37.17	36.21	47.90	1.79	24.21	20.78
9/3/2014 12:12:39 PM	3.73	2.06	1.83	3.64	0.00	0.00	0.00	0.00	11.27	100.00	7.76	11.97	1976	2063	826	109	0	0	0	0	4974	282.81	23.31	10.06	29.08	36.38	34.89	47.00	1.76	24.16	20.76
9/3/2014 12:12:42 PM	3.68	1.89	1.66	3.51	0.00	0.00	0.00	0.00	10.73	100.00	7.30	12.05	1950	1889	745	105	0	0	0	0	4690	283.45	22.13	9.41	27.16	35.09	33.27	44.71	1.71	24.12	20.70
9/3/2014 12:12:44 PM	3.52	1.86	1.75	3.02	0.00	0.00	0.00	0.00	10.14	100.00	6.81	11.98	1864	1858	789	90	0	0	0	0	4601	283.80	20.66	8.62	25.68	33.37	31.03	41.96	1.67	24.05	20.73
9/3/2014 12:12:47 PM	3.63	1.81	1.72	2.68	0.00	0.00	0.00	0.01	9.84	100.00	6.39	11.94	1925	1813	772	80	0	0	0	0	4591	284.16	19.50	8.19	24.61	32.82	29.44	40.39	1.63	24.02	20.68
9/3/2014 12:12:50 PM	3.84	1.85	1.72	2.92	0.00	0.00	0.00	0.01	10.33	100.00	5.98	12.14	2035	1847	775	88	0	0	0	0	4744	284.10	20.52	8.71	25.65	34.47	30.85	42.60	1.59	23.95	20.69
9/3/2014 12:12:53 PM	5.88	2.26	1.95	5.09	0.00	0.00	0.00	0.00	15.18	100.00	5.62	12.55	3116	2262	879	153	0	0	0	0	6410	286.79	30.50	12.83	35.95	50.51	44.90	64.11	1.55	23.91	20.62
9/3/2014 12:12:56 PM	6.76	3.03	2.56	8.15	0.00	0.00	0.00	0.22	20.50	100.00	5.26	13.54	3581	3029	1152	245	0	0	0	0	8007	294.38	44.93	18.74	49.95	72.84	64.14	89.57	1.52	23.83	20.71
9/3/2014 12:12:58 PM	7.06	3.60	3.71	9.89	0.00	0.00	0.00	0.44	24.25	100.00	4.93	15.07	3740	3600	1668	297	0	0	0	0	9304	303.78	56.03	22.40	59.64	90.62	76.94	108.91	1.48	23.77	20.61
9/3/2014 12:13:01 PM	8.65	3.27	9.77	6.24	0.00	0.00	0.00	0.93	27.93	100.00	4.53	16.83	4587	3267	4396	187	0	0	0	0	12436	305.48	66.26	20.04	59.60	121.31	70.91	139.46	1.44	23.74	20.60
9/3/2014 12:13:04 PM	8.90	3.11	9.99	6.70	0.00	0.00	0.00	1.04	28.69	100.00	4.50	17.97	4714	3108	4496	201	0	0	0	0	12519	304.96	68.94	20.38	60.19	127.04	72.90	145.25	1.44	23.67	20.59
9/3/2014 12:13:07 PM	8.74	2.32	15.47	3.55	0.00	0.00	0.00	0.80	30.09	100.00	4.11	18.79	4630	2324	6963	107	0	0	0	0	14024	306.55	74.79	16.92	55.14	133.86	63.48	159.57	1.40	23.62	20.58
9/3/2014 12:13:10 PM	10.48	1.91	16.75	2.00	0.00	0.00	0.00	0.75	31.14	100.00	3.81	20.64	5553	1915	7538	60	0	0	0	0	15066	311.62	74.61	14.62	52.46	138.74	58.74	166.79	1.37	23.58	20.55
9/3/2014 12:13:12 PM	7.06	2.01	9.91	1.01	0.00	0.00	0.00	0.72	19.99	100.00	3.38	21.71	3739	2013	4461	30	0	0	0	0	10244	320.66	46.14	9.43	37.30	92.02	40.84	104.41	1.33	23.55	20.53
9/3/2014 12:13:15 PM	5.17	1.54	3.84	0.40	0.00	0.00	0.00	0.61	10.93	100.00	3.00	22.69	2738	1535	1726	12	0	0	0	0	6011	324.45	21.71	6.13	22.57	53.02	23.54	54.65	1.29	23.50	20.48
9/3/2014 12:13:18 PM	4.23	0.39	0.74	2.03	0.00	0.00	0.00	0.60	7.39	100.00	2.48	23.58	2243	386	335	61	0	0	0	0	3025	326.85	15.10	6.14	13.90	39.80	18.46	39.48	1.24	23.46	20.48
9/3/2014 12:13:21 PM	3.67	0.90	0.72	0.89	0.00	0.00	0.00	0.51	6.18	100.00	1.98	24.55	1944	901	326	27	0	0	0	0	3196	325.53	11.11	3.41	13.28	32.52	16.40	30.29	1.19	23.42	20.47
9/3/2014 12:13:23 PM	2.18	0.69	1.36	0.36	0.00	0.00	0.00	0.54	4.59	100.00	1.60	25.27	1155	694	611	11	0	0	0	0	2471	324.10	10.10	3.00	10.17	28.59	12.06	25.00	1.16	23.38	20.44
9/3/2014 12:13:26 PM	0.15	0.00	2.76	1.08	0.00	0.00	0.00	0.44	4.00	100.00	1.20	25.80	82	0	1243	32	0	0	0	0	1357	330.30	14.23	5.86	4.95	26.94	11.31	27.66	1.12	23.35	20.43
9/3/2014 12:13:29 PM	1.29	0.63	3.84	0.00	0.00	0.00	0.00	0.01	5.77	100.00	1.20	25.86	686	635	1730	0	0	0	0	0	3051	326.87	14.69	2.36	11.24	23.45	12.66	29.10	1.12	23.33	20.46
9/3/2014 12:13:32 PM	3.06	0.68	1.83	0.00	0.00	0.00	0.00	0.13	5.58	100.00	1.07	25.80	1624	685	823	0	0	0	0	0	3132	330.24	10.01	1.99	13.27	23.53	8.87	26.12	1.10	23.29	20.40
9/3/2014 12:13:35 PM	2.78	0.24	1.09	0.74	0.00	0.00	0.00	0.11	4.86	100.00	1.08	25.80	1475	243	493	22	0	0	0	0	2233	327.93	9.00	4.49	8.79	20.76	10.30	23.75	1.11	23.27	20.39
9/3/2014 12:13:37 PM	2.12	0.31	2.57	0.36	0.00	0.00	0.00	0.13	5.35	100.00	1.07	25.70	1121	314	1155	11	0	0	0	0	2600	326.28	12.15	4.73	9.74	24.07	10.47	27.94	1.10	23.24	20.35
9/3/2014 12:13:40 PM	4.91	0.00	0.00	1.09	0.00	0.00	0.00	0.04	6.00	100.00	1.07	25.32	2600	0	0	33	0	0	0	0	2632	320.26	8.07	5.71	5.92	22.23	11.42	28.49	1.10	23.21	20.37
9/3/2014 12:13:43 PM	3.44	0.00	0.00	1.54	0.00	0.00	0.00	0.42	4.98	100.00	1.07	25.28	1821	0	0	46	0	0	0	0	1868	326.85	9.61	0.82	5.76	27.39	14.86	27.24	1.10	23.20	20.35
10/23/2014 11:26:22 AM	0.00	1.14	0.00	0.00	0.00	0.00	0.00	0.00	1.14	99.05	0.27	15.94	0	1143	0	0	0	0	0	0	1143	278.08	-1.13	-1.98	5.44	2.58	11.59	-0.65	1.03	15.01	12.64
10/23/2014 11:26:24 AM	0.09	1.03	0.00	0.20	0.00	0.00	0.00	0.00	1.33	97.85	0.28	15.81	49	1034	0	6	0	0	0	0	1089	274.71	0.15	0.30	6.55	0.24	10.69	3.57	1.03	15.08	12.63
10/23/2014 11:26:27 AM	0.00	1.30	0.00	0.00	0.00	0.00	0.00	0.00	1.30	96.81	0.28	15.70	0	1304	0	0	0	0	0	0	1304	271.78	-0.15	-1.71	9.66	1.59	8.86	-2.28	1.03	15.11	12.64
10/23/2014 11:26:30 AM	0.37	1.40	0.00	0.00	0.00	0.00	0.00	0.00	1.76	97.17	0.27	15.62	194	1398	0	0	0	0	0	0	1592	272.79	-2.04	0.34	9.05	3.37	11.49	2.43	1.03	15.15	12.71
10/23/2014 11:26:33 AM	0.00	1.44	0.00	0.00	0.00	0.00	0.00	0.02	1.44	98.12	0.27	15.56	0	1438	0	0	0	0	0	0	1438	275.47	1.77	2.36	8.51	3.93	10.42	-2.19	1.03	15.17	12.68
10/23/2014 11:26:35 AM	0.00	1.65	0.00	0.00	0.00	0.00	0.00	0.00	1.65	98.52	0.48	15.54	0	1646	0	0	0	0	0	0	1646	276.59	5.26	2.40	9.79	-2.06	12.45	-2.36	1.05	15.22	12.72
10/23/2014 11:26:38 AM	0.00	1.06	0.00	0.00	0.00	0.00	0.00	0.00	1.06	97.79	0.26	15.51	0	1055	0	0	0	0	0	0	1055	274.53	-1.22	2.24	5.27	-1.07	10.74	-0.95	1.03	15.26	12.72
10/23/2014 11:26:41 AM	0.00	1.12	0.00	0.00	0.00	0.00	0.00	0.00	1.12	97.63	0.27	15.49	0	1120	0	0	0	0	0	0	1120	274.10	1.49	-0.62	7.13	-1.78	9.64	-1.13	1.03	15.29	12.72
10/23/2014 11:26:44 AM	0.00	1.07	0.00	0.00	0.00	0.00	0.00	0.00	1.07	97.27	0.27	15.45	0	1069	0	0	0	0	0	0	1069	273.08	1.93	5.10	5.90	-1.72	9.25	-1.74	1.03	15.34	12.69
10/23/2014 11:26:47 AM	0.23	1.33	0.00	0.00	0.00	0.00	0.00	0.00	1.56	98.38	0.27	15.45	124	1328	0	0	0	0	0	0	1453	276.21	-0.91	2.14	9.65	2.39	9.06	2.01	1.03	15.40	12.72
10/23/2014 11:26:49 AM	0.00	1.17	0.00	0.00	0.00	0.00	0.00	0.00	1.17	98.35	0.27	15.49	0	1173	0	0	0	0	0	0	1173	276.11	-2.01	0.83	6.50	-0.50	11.10	-0.14	1.03	15.40	12.73
10/23/2014 11:26:52 AM	0.00	1.60	0.00	0.02	0.00	0.00	0.00	0.00	1.62	97.22	0.27	15.52	0	1603	0	1	0	0	0	0	1603	272.95	1.16	2.77	7.75	3.43	13.71	-1.24	1.03	15.45	12.73
10/23/2014 11:26:55 AM	0.00	1.20	0.00	0.02	0.00	0.00	0.00	0.00	1.22	96.83	0.27	15.54	0	1202	0	1	0	0	0	0	1203	271.86	1.62	-1.57	5.61	-0.56	12.47	0.85	1.03	15.49	12.74
10/23/2014 11:26:58 AM	0.00	1.23	0.00	0.00	0.00	0.00	0.00	0.00	1.23	97.51	0.27	15.60	0	1226	0	0	0	0	0	0	1226	273.76	-2.73	1.01	7.18	0.14	10.94	0.36	1.03	15.52	12.79
10/23/2014 11:27:00 AM	0.00	1.28	0.00	0.00	0.00	0.00	0.00	0.00	1.28	97.41	0.27	15.66	0	1281	0	0	0	0	0	0	1281	273.49	0.71	0.23	8.11	-4.41	11.22	0.38	1.03	15.55	12.78
10/23/2014 11:27:03 AM	0.00	1.40	0.00	0.00	0.00	0.00	0.00	0.00	1.40	97.33	0.27	15.71	0	1396	0	0	0	0	0	0	1396	273.26	1.23	0.16	8.19	2.74	10.85	-0.37	1.03	15.60	12.79
10/23/2014 11:27:06 AM	0.00	1.71	0.00	0.00	0.00	0.00	0.00	0.00	1.71	97.81	0.27	15.74	0	1707	0	0	0	0	0	0	1707	274.61	0.47	2.41	11.38	-2.53	12.35	-1.72	1.03	15.62	12.82
10/23/2014 11:27:09 AM	0.00	1.39	0.00	0.00	0.00	0.00	0.00	0.00	1.39	99.26	0.27	15.71	0	1395	0	0	0	0	0	0	1395	278.66	1.95	0.79	10.25	-0.12	8.94	-2.33	1.03	15.66	12.81
10/23/2014 11:27:12 AM	0.00	1.48	0.00	0.00	0.00	0.00	0.00	0.00	1.48	97.76	0.26	15.70	0	1477	0	0	0	0	0	0	1477	274.48	-0.30	1.01	9.50	0.25	11.15	-0.52	1.03	15.69	12.82
10/23/2014 11:27:14 AM	0.00	1.15	0.00	0.00	0.00	0.00	0.00	0.00	1.15	100.00	0.27	15.70	0	1148	0	0	0	0	0	0	1148	281.13	0.50	-0.59	6.84	-1.90	10.58	-1.34	1.03	15.72	12.84
10/23/2014 11:27:17 AM	0.14	1.19	0.00	0.00	0.00	0.00	0.00	0.00	1.33	98.04	0.27	15.69	73	1188	0	0	0	0	0	0	1261	275.24	-1.16	1.44	8.92	2.21	7.94	1.30	1.03	15.74	12.84
10/23/2014 11:27:20 AM	0.00	1.46	0.00	0.00	0.00	0.00	0.00	0.00	1.46	97.64	0.28	15.63	0	1462	0	0	0	0	0	0	1462	274.12	1.50	0.17	7.54	-0.87	13.37	-0.70	1.03	15.78	12.90
10/23/2014 11:27:23 AM	0.00	1.64	0.00	0.00	0.00	0.00	0.00	0.00	1.64	96.56	0.28	15.59	0	1636	0	0	0	0	0	0	1636	271.09	-0.37	3.13	11.29	2.01	10.33	-0.47	1.03	15.82	12.90
10/23/2014 11:27:26 AM	0.00	1.02	0.00	0.32	0.00	0.00	0.00	0.00	1.34	97.29	0.27	15.57	0	1023	0	9	0	0	0	0	1033	273.15	4.05	-0.39	7.28	-0.91	10.09	2.90	1.03	15.84	12.90
10/23/2014 11:27:28 AM	0.00	1.51	0.00	0.00	0.00	0.00	0.00	0.00	1.51	98.60	0.27	15.59	0	1506	0	0	0	0	0	0	1506	276.81	0.75	5.29	9.64	-0.74	10.60	-0.58	1.03	15.87	12.89
10/23/2014 11:27:31 AM	0.00	1.61	0.00	0.00	0.00	0.00	0.00	0.00	1.61	97.88	0.28	15.60	0	1610	0	0	0	0	0	0	1610	274.80	-0.49	2.99	11.24	1.31	10.29	-0.98	1.03	15.89	12.93
10/23/2014 11:27:34 AM	0.00	1.65	0.00	0.00	0.00	0.00	0.00	0.00	1.65	97.82	0.28	15.59	0	1646	0	0	0	0	0	0	1646	274.64	3.14	1.04	10.43	0.63	11.59	-0.70	1.03	15.93	12.92
10/23/2014 11:27:37 AM	0.00	1.29	0.00	0.00	0.00	0.00	0.00	0.00	1.29	96.77	0.28	15.61	0	1292	0	0	0	0	0	0	1292	271.67	-4.77	-1.90	7.87	-1.61	12.42	-0.38	1.03	15.95	12.92
10/23/2014 11:27:40 AM	0.00	1.40	0.00	0.00	0.00	0.00	0.00	0.00	1.40	95.95	0.28	15.63	0	1401	0	0	0	0	0	0	1401	269.37	-1.70	3.09	9.47	1.79	9.70	-2.03	1.03	15.99	12.96
10/23/2014 11:27:42 AM	0.00	1.37	0.00	0.00	0.00	0.00	0.00	0.00	1.37	97.67	0.27	15.60	0	1367	0	0	0	0	0	0	1367	274.20	1.23	-0.69	10.01	1.21	9.04	-4.38	1.03	16.01	12.95
10/23/2014 11:27:45 AM	0.00	1.26	0.00	0.00	0.00	0.00	0.00	0.00	1.26	97.74	0.28	15.54	0	1259	0	0	0	0	0	0	1259	274.39	1.46	0.06	7.30	0.94	10.58	-2.75	1.03	16.03	12.96
10/23/2014 11:27:48 AM	0.12	1.41	0.00	0.00	0.00	0.00	0.00	0.00	1.54	98.47	0.27	15.54	65	1414	0	0	0	0	0	0	1479	276.46	-2.23	-1.21	9.01	3.05	11.34	0.96	1.03	16.06	12.99
10/23/2014 11:27:51 AM	0.00	0.98	0.00	0.00	0.00	0.00	0.00	0.00	0.98	97.01	0.27	15.60	0	975	0	0	0	0	0	0	975	272.36	-2.50	3.45	6.53	0.52	7.68	1.03	1.03	16.08	13.00
10/23/2014 11:27:53 AM	0.00	0.61	0.00	0.70	0.00	0.00	0.00	0.00	1.31	97.67	0.27	15.64	0	607	0	21	0	0	0	0	628	274.21	4.54	1.45	3.87	4.29	10.30	1.56	1.03	16.11	13.01
10/23/2014 11:27:56 AM	0.00	1.30	0.00	0.00	0.00	0.00	0.00	0.00	1.30	97.20	0.27	15.67	0	1295	0	0	0	0	0	0	1295	272.89	-2.59	-2.84	8.86	1.85	10.28	-1.99	1.03	16.13	12.99
10/23/2014 11:27:59 AM	0.00	1.23	0.00	0.00	0.00	0.00	0.00	0.00	1.23	97.43	0.27	15.69	0	1234	0	0	0	0	0	0	1234	273.54	0.59	-1.84	7.89	-0.28	10.35	-1.91	1.03	16.16	13.03
10/23/2014 11:28:02 AM	0.00	1.37	0.00	0.00	0.00	0.00	0.00	0.00	1.37	98.14	0.27	15.69	0	1372	0	0	0	0	0	0	1372	275.54	-0.21	3.19	7.35	2.43	11.32	-1.28	1.03	16.17	13.02
10/23/2014 11:28:05 AM	0.00	1.24	0.00	0.04	0.00	0.00	0.00	0.00	1.29	97.59	0.28	15.69	0	1245	0	1	0	0	0	0	1246	274.00	1.17	0.09	8.61	-0.93	9.50	2.60	1.03	16.19	13.03
10/23/2014 11:28:07 AM	0.00	1.58	0.00	0.00	0.00	0.00	0.00	0.00	1.58	96.79	0.28	15.69	0	1578	0	0	0	0	0	0	1578	271.74	-0.25	-1.25	9.10	0.74	13.31	-1.25	1.03	16.22	13.03
10/23/2014 11:28:10 AM	0.00	1.79	0.00	0.00	0.00	0.00	0.00	0.00	1.79	97.65	0.22	15.70	0	1793	0	0	0	0	0	0	1793	274.16	3.38	1.34	11.20	-1.65	13.15	-1.26	1.02	16.25	13.06
10/23/2014 11:28:13 AM	0.00	1.43	0.00	0.00	0.00	0.00	0.00	0.00	1.43	98.58	0.26	15.74	0	1428	0	0	0	0	0	0	1428	276.77	1.45	0.20	8.19	0.83	11.91	-4.72	1.03	16.26	13.08
10/23/2014 11:28:16 AM	0.00	1.22	0.00	0.00	0.00	0.00	0.00	0.17	1.22	97.31	0.26	15.78	0	1217	0	0	0	0	0	0	1217	273.19	2.92	-3.82	8.01	6.09	9.54	1.14	1.03	16.29	13.08
10/23/2014 11:28:19 AM	0.00	1.01	0.00	0.00	0.00	0.00	0.00	0.00	1.02	98.03	0.28	15.77	1	1015	0	0	0	0	0	0	1015	275.23	1.09	-6.54	7.72	1.91	7.77	0.02	1.03	16.33	13.09
10/23/2014 11:28:21 AM	0.30	1.36	0.00	0.00	0.00	0.00	0.00	0.00	1.66	96.40	0.28	15.75	159	1356	0	0	0	0	0	0	1515	270.64	-1.42	1.02	8.57	2.36	11.25	2.55	1.03	16.33	13.08
10/23/2014 11:28:24 AM	0.00	1.10	0.00	0.00	0.00	0.00	0.00	0.00	1.10	96.75	0.28	15.74	0	1097	0	0	0	0	0	0	1097	271.61	-1.69	-1.57	7.85	2.57	8.15	-0.89	1.03	16.36	13.10
10/23/2014 11:28:27 AM	0.00	1.23	0.00	0.00	0.00	0.00	0.00	0.00	1.23	98.64	0.27	15.76	0	1226	0	0	0	0	0	0	1226	276.94	0.87	1.10	6.42	1.16	10.94	-0.76	1.03	16.38	13.10
10/23/2014 11:28:30 AM	0.00	1.24	0.00	0.00	0.00	0.00	0.00	0.02	1.24	94.87	0.24	15.77	0	1239	0	0	0	0	0	0	1239	266.35	1.01	-1.02	5.56	5.92	11.78	-6.77	1.02	16.40	13.15
10/23/2014 11:28:32 AM	5.12	0.00	3.28	1.56	0.00	0.00	0.00	0.00	9.97	100.00	0.52	15.08	2715	0	1477	47	0	0	0	0	4239	289.88	20.13	5.03	14.52	37.27	19.15	51.66	1.05	16.42	13.13
10/23/2014 11:28:35 AM	7.24	0.00	8.04	0.00	0.00	0.00	0.00	0.00	15.28	100.00	0.85	14.41	3837	0	3618	0	0	0	0	0	7454	310.87	31.61	8.33	18.86	58.78	19.97	84.50	1.08	16.44	13.14
10/23/2014 11:28:38 AM	8.61	0.00	7.85	0.00	0.00	0.00	0.00	0.00	16.45	100.00	0.92	14.41	4562	0	3531	0	0	0	0	0	8093	315.10	31.77	6.77	17.89	60.20	23.03	91.68	1.09	16.45	13.17
10/23/2014 11:28:41 AM	7.11	0.00	10.19	0.00	0.00	0.00	0.00	0.00	17.31	100.00	0.89	14.41	3770	0	4588	0	0	0	0	0	8358	315.57	38.76	6.22	20.06	67.25	22.45	98.32	1.09	16.46	13.16
10/23/2014 11:28:44 AM	8.42	0.00	9.65	0.00	0.00	0.00	0.00	0.00	18.08	100.00	0.95	14.43	4463	0	4345	0	0	0	0	0	8808	313.71	37.86	5.53	20.69	67.97	24.33	101.83	1.09	16.49	13.19
10/23/2014 11:28:46 AM	7.97	0.00	10.40	0.00	0.00	0.00	0.00	0.00	18.37	100.00	1.14	14.44	4224	0	4678	0	0	0	0	0	8902	315.60	39.96	6.03	19.20	70.65	25.69	103.89	1.11	16.50	13.17
10/23/2014 11:28:49 AM	8.66	0.00	11.37	0.00	0.00	0.00	0.00	0.00	20.02	100.00	1.41	14.36	4588	0	5114	0	0	0	0	0	9702	312.60	43.33	6.61	21.00	74.62	26.03	115.65	1.14	16.51	13.19
10/23/2014 11:28:52 AM	8.66	0.00	12.87	0.00	0.00	0.00	0.00	0.00	21.54	100.00	1.64	14.36	4592	0	5792	0	0	0	0	0	10385	315.24	48.14	8.28	24.69	80.50	27.76	125.30	1.16	16.53	13.22
10/23/2014 11:28:55 AM	9.40	0.00	13.06	0.00	0.00	0.00	0.00	0.00	22.46	100.00	1.89	14.39	4981	0	5877	0	0	0	0	0	10858	313.11	49.14	8.57	24.79	82.80	28.44	130.99	1.19	16.55	13.20
10/23/2014 11:28:58 AM	9.75	0.00	14.22	0.00	0.00	0.00	0.00	0.00	23.97	100.00	2.12	14.41	5166	0	6399	0	0	0	0	0	11565	315.39	53.21	8.30	25.45	88.85	30.81	140.25	1.21	16.55	13.26
10/23/2014 11:29:00 AM	9.44	0.00	14.92	0.00	0.00	0.00	0.00	0.00	24.36	100.00	2.38	14.39	5001	0	6715	0	0	0	0	0	11716	314.19	55.01	8.77	24.94	89.35	31.72	144.60	1.23	16.58	13.22
10/23/2014 11:29:03 AM	9.81	0.00	14.96	0.00	0.00	0.00	0.00	0.00	24.77	100.00	2.60	14.37	5197	0	6733	0	0	0	0	0	11931	313.84	55.45	9.54	26.17	91.27	31.76	146.07	1.26	16.57	13.25
10/23/2014 11:29:06 AM	9.97	0.00	14.84	0.00	0.00	0.00	0.00	0.00	24.81	100.00	2.83	14.37	5282	0	6680	0	0	0	0	0	11961	313.11	55.22	9.03	25.16	91.50	31.66	146.18	1.28	16.60	13.24
10/23/2014 11:29:09 AM	9.92	0.00	15.33	0.00	0.00	0.00	0.00	0.00	25.26	100.00	3.08	14.36	5260	0	6900	0	0	0	0	0	12159	313.85	56.66	9.09	25.97	92.36	32.36	149.89	1.30	16.61	13.27
10/23/2014 11:29:12 AM	9.94	0.00	15.22	0.00	0.00	0.00	0.00	0.00	25.16	100.00	3.35	14.36	5269	0	6849	0	0	0	0	0	12118	314.06	56.46	8.35	26.48	92.37	31.99	148.82	1.33	16.61	13.25
10/23/2014 11:29:14 AM	9.41	0.00	15.48	0.00	0.00	0.00	0.00	0.00	24.90	100.00	3.61	14.34	4989	0	6967	0	0	0	0	0	11956	314.01	56.89	8.75	26.36	91.71	32.08	147.93	1.35	16.63	13.26
10/23/2014 11:29:17 AM	9.55	0.00	15.49	0.00	0.00	0.00	0.00	0.00	25.04	100.00	3.86	14.33	5061	0	6971	0	0	0	0	0	12032	314.19	57.06	8.63	26.56	92.44	32.51	148.35	1.38	16.65	13.26
10/23/2014 11:29:20 AM	10.03	0.00	15.60	0.00	0.00	0.00	0.00	0.00	25.64	100.00	4.09	14.33	5318	0	7021	0	0	0	0	0	12339	313.81	57.65	9.04	26.84	93.73	32.62	152.19	1.40	16.65	13.33
10/23/2014 11:29:23 AM	9.81	0.00	15.55	0.00	0.00	0.00	0.00	0.00	25.36	100.00	4.40	14.33	5197	0	6998	0	0	0	0	0	12194	313.44	57.33	8.79	26.37	92.80	32.43	150.76	1.43	16.64	13.31
10/23/2014 11:29:25 AM	9.45	0.00	15.72	0.00	0.00	0.00	0.00	0.00	25.17	100.00	4.67	14.32	5010	0	7073	0	0	0	0	0	12082	313.55	57.75	8.57	27.01	93.03	32.26	149.41	1.46	16.67	13.28
10/23/2014 11:29:28 AM	9.77	0.00	15.37	0.00	0.00	0.00	0.00	0.00	25.14	100.00	4.85	14.33	5176	0	6917	0	0	0	0	0	12093	313.57	56.78	8.64	26.26	92.29	31.83	149.17	1.47	16.68	13.29
10/23/2014 11:29:31 AM	9.99	0.00	15.42	0.00	0.00	0.00	0.00	0.00	25.42	100.00	5.14	14.33	5297	0	6940	0	0	0	0	0	12238	313.77	57.15	8.50	26.77	93.32	32.49	150.40	1.50	16.68	13.36
10/23/2014 11:29:34 AM	9.84	0.00	15.48	0.00	0.00	0.00	0.00	0.00	25.31	100.00	5.39	14.33	5213	0	6964	0	0	0	0	0	12178	314.09	57.22	8.72	27.10	93.22	32.63	149.65	1.53	16.69	13.33
10/23/2014 11:29:37 AM	9.82	0.00	15.58	0.00	0.00	0.00	0.00	0.00	25.40	100.00	5.62	14.34	5206	0	7009	0	0	0	0	0	12215	314.12	57.57	8.70	27.30	93.76	33.01	150.02	1.55	16.69	13.31
10/23/2014 11:29:39 AM	9.95	0.00	15.68	0.00	0.00	0.00	0.00	0.00	25.63	100.00	5.82	14.34	5273	0	7058	0	0	0	0	0	12330	313.40	57.95	8.78	27.24	94.23	32.97	151.77	1.57	16.71	13.33
10/23/2014 11:29:42 AM	9.76	0.00	15.71	0.00	0.00	0.00	0.00	0.00	25.46	100.00	6.08	14.34	5171	0	7068	0	0	0	0	0	12239	314.04	57.89	8.88	27.40	93.75	32.93	150.85	1.60	16.72	13.34
10/23/2014 11:29:45 AM	10.04	0.00	15.54	0.00	0.00	0.00	0.00	0.00	25.58	100.00	6.33	14.35	5321	0	6993	0	0	0	0	0	12314	313.65	57.55	8.92	27.29	94.01	32.88	151.18	1.62	16.72	13.34
10/23/2014 11:29:48 AM	9.81	0.00	15.63	0.00	0.00	0.00	0.00	0.00	25.43	100.00	6.61	14.33	5199	0	7031	0	0	0	0	0	12230	313.56	57.68	8.69	26.91	93.72	32.51	150.68	1.65	16.72	13.34
10/23/2014 11:29:51 AM	9.83	0.00	15.69	0.00	0.00	0.00	0.00	0.00	25.53	100.00	6.82	14.33	5212	0	7061	0	0	0	0	0	12273	313.71	57.89	8.75	27.25	93.90	32.98	151.22	1.67	16.73	13.39
10/23/2014 11:29:53 AM	9.82	0.00	15.69	0.00	0.00	0.00	0.00	0.00	25.50	100.00	6.91	14.34	5203	0	7059	0	0	0	0	0	12262	312.89	57.89	8.77	27.27	94.02	33.14	150.89	1.68	16.73	13.39
10/23/2014 11:29:56 AM	9.81	0.00	15.76	0.00	0.00	0.00	0.00	0.00	25.56	100.00	7.14	14.36	5197	0	7090	0	0	0	0	0	12287	313.35	58.09	8.90	27.16	94.27	33.21	151.33	1.70	16.74	13.39
10/23/2014 11:29:59 AM	9.85	0.00	15.57	0.00	0.00	0.00	0.00	0.00	25.42	100.00	7.35	14.37	5221	0	7006	0	0	0	0	0	12227	313.32	57.51	8.69	26.70	93.55	32.52	150.61	1.72	16.74	13.36
10/23/2014 11:30:02 AM	9.85	0.00	15.70	0.00	0.00	0.00	0.00	0.00	25.55	100.00	7.58	14.32	5221	0	7066	0	0	0	0	0	12288	313.45	57.92	8.69	27.12	93.84	32.89	151.58	1.74	16.75	13.39
10/23/2014 11:30:05 AM	9.88	0.00	15.67	0.00	0.00	0.00	0.00	0.00	25.55	100.00	7.83	14.31	5236	0	7053	0	0	0	0	0	12290	313.25	57.85	8.70	26.91	93.85	32.85	151.56	1.77	16.75	13.39
10/23/2014 11:30:07 AM	9.79	0.00	15.86	0.00	0.00	0.00	0.00	0.00	25.65	100.00	8.05	14.32	5187	0	7139	0	0	0	0	0	12325	313.12	58.38	8.88	27.07	94.29	32.89	152.38	1.79	16.75	13.41
10/23/2014 11:30:10 AM	10.01	0.00	16.11	0.00	0.00	0.00	0.00	0.00	26.12	100.00	8.26	14.33	5303	0	7252	0	0	0	0	0	12555	312.25	59.34	8.91	27.52	95.91	33.55	155.16	1.81	16.75	13.41
10/23/2014 11:30:13 AM	10.25	0.00	16.34	0.00	0.00	0.00	0.00	0.00	26.60	100.00	8.49	14.34	5434	0	7354	0	0	0	0	0	12788	312.43	60.20	9.10	27.86	97.25	33.96	158.21	1.83	16.76	13.41
10/23/2014 11:30:16 AM	10.16	0.00	16.43	0.00	0.00	0.00	0.00	0.00	26.59	100.00	8.77	14.34	5384	0	7395	0	0	0	0	0	12779	312.87	60.45	9.10	28.01	97.46	34.01	158.19	1.86	16.76	13.44
10/23/2014 11:30:18 AM	10.17	0.00	16.32	0.00	0.00	0.00	0.00	0.00	26.49	100.00	8.95	14.33	5391	0	7344	0	0	0	0	0	12735	313.15	60.05	9.15	27.68	96.84	34.15	157.66	1.88	16.76	13.41
10/23/2014 11:30:21 AM	10.41	0.00	16.67	0.00	0.00	0.00	0.00	0.00	27.08	100.00	9.21	14.33	5516	0	7501	0	0	0	0	0	13017	312.86	61.37	9.17	28.01	99.07	34.21	161.27	1.90	16.77	13.49
10/23/2014 11:30:24 AM	10.22	0.00	16.22	0.00	0.00	0.00	0.00	0.00	26.44	100.00	9.39	14.34	5417	0	7297	0	0	0	0	0	12714	313.08	59.81	9.08	27.92	96.92	33.82	156.92	1.92	16.77	13.45
10/23/2014 11:30:27 AM	9.96	0.00	16.01	0.00	0.00	0.00	0.00	0.00	25.97	100.00	9.63	14.31	5279	0	7203	0	0	0	0	0	12482	313.00	59.01	8.90	27.35	95.72	33.39	153.91	1.94	16.78	13.46
10/23/2014 11:30:30 AM	10.01	0.00	16.03	0.00	0.00	0.00	0.00	0.00	26.04	100.00	9.84	14.31	5307	0	7213	0	0	0	0	0	12520	311.98	59.09	8.84	27.16	95.76	33.17	154.63	1.96	16.78	13.44
10/23/2014 11:30:32 AM	9.88	0.00	15.81	0.00	0.00	0.00	0.00	0.00	25.69	100.00	10.06	14.31	5239	0	7114	0	0	0	0	0	12353	312.32	58.32	8.83	27.27	94.69	33.03	152.19	1.99	16.78	13.46
10/23/2014 11:30:35 AM	10.12	0.00	15.73	0.00	0.00	0.00	0.00	0.00	25.85	100.00	10.26	14.30	5363	0	7078	0	0	0	0	0	12441	312.47	58.20	8.80	27.27	94.82	32.80	153.15	2.01	16.78	13.45
10/23/2014 11:30:38 AM	10.10	0.00	15.85	0.00	0.00	0.00	0.00	0.00	25.95	100.00	10.47	14.30	5351	0	7134	0	0	0	0	0	12485	312.35	58.54	8.76	26.98	94.95	32.81	154.24	2.03	16.79	13.46
10/23/2014 11:30:41 AM	10.03	0.00	15.98	0.00	0.00	0.00	0.00	0.00	26.01	100.00	10.53	14.31	5317	0	7189	0	0	0	0	0	12506	312.61	58.93	8.98	27.65	95.56	33.61	154.15	2.03	16.79	13.48
10/23/2014 11:30:44 AM	9.93	0.00	15.91	0.00	0.00	0.00	0.00	0.00	25.83	100.00	10.53	14.33	5261	0	7159	0	0	0	0	0	12419	312.49	58.72	9.04	28.17	95.53	33.51	152.51	2.03	16.78	13.45
10/23/2014 11:30:46 AM	9.96	0.00	15.80	0.00	0.00	0.00	0.00	0.00	25.76	100.00	10.25	14.33	5276	0	7111	0	0	0	0	0	12388	313.00	58.36	8.79	27.41	94.87	33.09	152.48	2.00	16.79	13.49
10/23/2014 11:30:49 AM	10.12	0.00	15.82	0.00	0.00	0.00	0.00	0.00	25.94	100.00	10.06	14.32	5365	0	7118	0	0	0	0	0	12483	312.48	58.49	8.72	27.11	95.21	32.94	153.80	1.99	16.79	13.49
10/23/2014 11:30:52 AM	10.11	0.00	15.95	0.00	0.00	0.00	0.00	0.00	26.05	100.00	9.71	14.31	5356	0	7175	0	0	0	0	0	12531	312.24	58.92	8.89	27.29	96.01	33.46	154.18	1.95	16.79	13.52
10/23/2014 11:30:55 AM	10.13	0.00	15.97	0.00	0.00	0.00	0.00	0.00	26.10	100.00	9.45	14.32	5367	0	7188	0	0	0	0	0	12554	310.98	59.01	8.88	27.54	95.98	33.32	154.61	1.93	16.80	13.53
10/23/2014 11:30:58 AM	10.10	0.00	15.91	0.00	0.00	0.00	0.00	0.00	26.00	100.00	9.11	14.32	5352	0	7158	0	0	0	0	0	12510	312.24	58.76	8.90	27.23	95.61	33.11	154.13	1.89	16.79	13.48
10/23/2014 11:31:00 AM	10.06	0.00	15.97	0.00	0.00	0.00	0.00	0.00	26.03	100.00	8.77	14.31	5333	0	7185	0	0	0	0	0	12518	312.50	58.97	8.81	27.34	96.01	33.39	154.06	1.86	16.78	13.48
10/23/2014 11:31:03 AM	10.33	0.00	16.16	0.00	0.00	0.00	0.00	0.00	26.49	100.00	8.49	14.32	5476	0	7270	0	0	0	0	0	12747	311.88	59.69	8.94	27.41	97.03	33.46	157.32	1.83	16.79	13.48
10/23/2014 11:31:06 AM	10.27	0.00	16.09	0.00	0.00	0.00	0.00	0.00	26.36	100.00	8.15	14.32	5443	0	7242	0	0	0	0	0	12685	311.83	59.52	9.04	28.06	97.11	34.05	155.79	1.80	16.79	13.47
10/23/2014 11:31:09 AM	10.05	0.00	15.99	0.00	0.00	0.00	0.00	0.00	26.04	100.00	7.76	14.31	5329	0	7195	0	0	0	0	0	12524	312.21	59.02	8.94	27.54	95.95	33.62	154.17	1.76	16.80	13.56
10/23/2014 11:31:11 AM	10.07	0.00	15.94	0.00	0.00	0.00	0.00	0.00	26.01	100.00	7.43	14.31	5340	0	7171	0	0	0	0	0	12511	312.20	58.84	8.88	27.48	95.57	33.22	154.19	1.73	16.80	13.48
10/23/2014 11:31:14 AM	10.05	0.00	15.83	0.00	0.00	0.00	0.00	0.00	25.89	100.00	7.12	14.33	5328	0	7125	0	0	0	0	0	12453	312.71	58.52	8.95	27.30	95.37	33.10	153.19	1.70	16.79	13.56
10/23/2014 11:31:17 AM	10.37	0.00	15.86	0.00	0.00	0.00	0.00	0.00	26.23	100.00	6.86	14.31	5496	0	7135	0	0	0	0	0	12631	311.27	58.76	8.85	27.18	96.00	33.20	155.42	1.67	16.79	13.50
10/23/2014 11:31:20 AM	10.12	0.00	15.88	0.00	0.00	0.00	0.00	0.00	25.99	100.00	6.59	14.31	5361	0	7144	0	0	0	0	0	12505	311.68	58.66	8.82	27.36	95.33	33.32	154.08	1.65	16.79	13.49
10/23/2014 11:31:23 AM	10.06	0.00	15.68	0.00	0.00	0.00	0.00	0.00	25.74	100.00	6.33	14.31	5331	0	7055	0	0	0	0	0	12386	312.05	58.01	8.72	27.22	94.52	32.81	152.40	1.62	16.79	13.50
10/23/2014 11:31:25 AM	10.02	0.00	15.46	0.00	0.00	0.00	0.00	0.00	25.48	100.00	5.98	14.31	5311	0	6955	0	0	0	0	0	12266	312.25	57.25	8.66	26.65	93.56	32.49	150.78	1.59	16.79	13.57
10/23/2014 11:31:28 AM	9.64	0.00	15.52	0.00	0.00	0.00	0.00	0.00	25.16	100.00	5.71	14.30	5111	0	6983	0	0	0	0	0	12094	312.39	57.17	8.70	26.26	92.61	32.26	149.35	1.56	16.79	13.54
10/23/2014 11:31:31 AM	10.09	0.00	15.50	0.00	0.00	0.00	0.00	0.00	25.59	100.00	5.47	14.30	5350	0	6975	0	0	0	0	0	12325	311.98	57.45	8.75	27.21	93.93	32.66	151.33	1.54	16.79	13.57
10/23/2014 11:31:34 AM	9.99	0.00	15.45	0.00	0.00	0.00	0.00	0.00	25.45	100.00	5.26	14.32	5296	0	6954	0	0	0	0	0	12250	312.48	57.25	8.68	26.88	93.60	32.71	150.39	1.52	16.79	13.54
10/23/2014 11:31:37 AM	9.87	0.00	15.34	0.00	0.00	0.00	0.00	0.00	25.21	100.00	4.84	14.30	5231	0	6904	0	0	0	0	0	12135	312.52	56.80	8.77	26.75	92.77	32.31	149.06	1.47	16.79	13.57
10/23/2014 11:31:39 AM	9.72	0.00	15.60	0.00	0.00	0.00	0.00	0.00	25.33	100.00	4.40	14.30	5153	0	7021	0	0	0	0	0	12174	312.54	57.54	8.91	27.61	93.33	32.76	149.83	1.43	16.80	13.53
10/23/2014 11:31:42 AM	9.73	0.00	15.50	0.00	0.00	0.00	0.00	0.00	25.23	100.00	4.08	14.30	5158	0	6973	0	0	0	0	0	12131	311.90	57.20	8.51	27.02	92.73	32.75	149.44	1.40	16.79	13.57
10/23/2014 11:31:45 AM	9.71	0.00	15.68	0.00	0.00	0.00	0.00	0.00	25.40	100.00	3.73	14.30	5149	0	7056	0	0	0	0	0	12205	313.19	57.78	8.69	26.81	93.57	32.55	150.65	1.37	16.79	13.56
10/23/2014 11:31:48 AM	10.06	0.00	15.23	0.00	0.00	0.00	0.00	0.00	25.30	100.00	3.43	14.30	5334	0	6854	0	0	0	0	0	12188	313.30	56.58	8.69	26.84	92.94	32.44	149.24	1.34	16.79	13.60
10/23/2014 11:31:51 AM	9.57	0.00	15.26	0.00	0.00	0.00	0.00	0.00	24.83	100.00	3.02	14.31	5073	0	6868	0	0	0	0	0	11940	312.89	56.28	8.96	25.79	91.54	31.22	147.35	1.30	16.79	13.56
10/23/2014 11:31:53 AM	9.69	0.00	15.23	0.00	0.00	0.00	0.00	0.00	24.93	100.00	2.63	14.30	5137	0	6855	0	0	0	0	0	11992	311.72	56.19	9.40	26.19	91.43	31.82	147.84	1.26	16.80	13.56
10/23/2014 11:31:56 AM	9.11	0.00	16.04	0.00	0.00	0.00	0.00	0.00	25.15	100.00	2.32	14.30	4830	0	7217	0	0	0	0	0	12047	312.15	58.65	7.68	27.30	93.29	32.63	149.73	1.23	16.80	13.60
10/23/2014 11:31:59 AM	9.69	0.00	15.37	0.00	0.00	0.00	0.00	0.00	25.06	100.00	1.96	14.31	5135	0	6917	0	0	0	0	0	12052	309.97	56.92	7.94	27.93	92.56	32.73	147.73	1.19	16.79	13.59
10/23/2014 11:32:02 AM	10.85	0.00	14.49	0.00	0.00	0.00	0.00	0.00	25.34	100.00	1.58	14.31	5751	0	6519	0	0	0	0	0	12270	311.97	54.81	7.21	28.12	91.39	31.91	148.77	1.15	16.79	13.59
10/23/2014 11:32:04 AM	9.22	0.00	14.72	0.00	0.00	0.00	0.00	0.00	23.95	100.00	1.11	14.32	4888	0	6626	0	0	0	0	0	11514	309.36	54.30	9.67	25.22	89.03	30.60	141.29	1.11	16.80	13.59
10/23/2014 11:32:07 AM	9.02	0.00	11.46	0.00	0.00	0.00	0.00	0.00	20.48	100.00	0.65	14.33	4780	0	5156	0	0	0	0	0	9936	310.43	43.98	6.13	21.46	76.44	26.87	117.70	1.06	16.80	13.61
10/23/2014 11:32:10 AM	6.47	0.00	8.56	0.00	0.00	0.00	0.00	0.00	15.03	100.00	0.50	14.34	3431	0	3850	0	0	0	0	0	7281	288.56	32.93	4.69	19.00	57.06	21.25	84.98	1.05	16.80	13.62
10/23/2014 11:32:13 AM	0.00	0.00	0.20	0.00	0.00	0.00	0.00	0.00	0.20	95.56	0.30	14.12	0	0	89	0	0	0	0	0	89	268.27	3.36	-1.89	2.00	0.81	0.48	0.40	1.03	16.79	13.60
10/23/2014 11:32:16 AM	0.00	0.29	0.00	0.00	0.00	0.00	0.00	0.00	0.29	95.83	0.30	13.81	0	288	0	0	0	0	0	0	288	269.03	2.71	-2.48	1.68	0.76	4.38	-1.94	1.03	16.79	13.62
10/23/2014 11:32:18 AM	0.00	0.39	0.00	0.00	0.00	0.00	0.00	0.00	0.39	95.99	0.30	13.81	0	395	0	0	0	0	0	0	395	269.48	1.72	-0.83	1.77	0.43	5.66	-1.87	1.03	16.79	13.63
10/23/2014 11:32:21 AM	0.00	0.33	0.00	0.00	0.00	0.00	0.00	0.00	0.33	95.88	0.30	13.85	0	334	0	0	0	0	0	0	334	269.17	-0.94	-1.81	3.22	-0.73	4.06	-0.81	1.03	16.79	13.60
10/23/2014 11:32:24 AM	0.00	0.17	0.00	0.00	0.00	0.00	0.00	0.00	0.17	95.65	0.31	13.90	0	171	0	0	0	0	0	0	171	268.53	-0.13	-1.39	3.16	1.78	1.12	-2.05	1.03	16.79	13.61
