Date/Time	Green Algae	Bluegreen	Diatoms	Cryptophyta	#4	#5	#6	Yellow substances	Total conc.	Transmission	Depth	Temp. Sample	Green Algae	Bluegreen	Diatoms	Cryptophyta	#4	#5	#6	Yellow substances	Total cell count	Trans. 700 nm	LED 3 [525 nm]	LED 4 [570 nm]	LED 5 [610 nm]	LED 6 [370 nm]	LED 7 [590 nm]	LED 8 [470 nm]	Pressure	Temp. LEDs	Temp. Sensor
date	µg/l	µg/l	µg/l	µg/l	µg/l	µg/l	µg/l	µg/l	µg/l	%	m	°C	cells/ml	cells/ml	cells/ml	cells/ml	cells/ml	cells/ml	cells/ml	cells/ml	cells/ml	digits	digits	digits	digits	digits	digits	digits	bar	°C	°C
6/18/2015 9:07:55 PM	1.01	0.48	0.74	0.00	0.00	0.00	0.00	0.05	2.24	69.85	0.20	24.12	537	483	334	0	0	0	0	0	1354	196.06	4.24	0.91	5.63	9.28	6.82	9.30	1.02	20.75	17.31
6/18/2015 9:07:57 PM	1.82	0.05	1.85	0.10	0.00	0.00	0.00	0.00	3.81	100.00	0.37	27.76	963	47	831	3	0	0	0	0	1844	299.05	8.15	1.66	5.45	15.53	7.50	19.70	1.04	20.79	17.34
6/18/2015 9:08:00 PM	1.85	0.04	1.93	0.10	0.00	0.00	0.00	0.00	3.92	100.00	0.51	27.92	978	36	870	3	0	0	0	0	1887	299.29	8.46	1.69	5.57	15.97	7.63	20.42	1.05	20.82	17.33
6/18/2015 9:08:03 PM	1.82	0.07	2.04	0.07	0.00	0.00	0.00	0.00	3.99	100.00	0.65	28.01	962	66	917	2	0	0	0	0	1948	299.10	8.70	1.69	5.85	16.14	7.77	20.88	1.06	20.85	17.35
6/18/2015 9:08:06 PM	1.80	0.05	2.11	0.12	0.00	0.00	0.00	0.00	4.07	100.00	0.79	27.89	954	52	948	3	0	0	0	0	1957	298.85	9.02	1.78	6.02	16.32	7.91	21.57	1.08	20.91	17.36
6/18/2015 9:08:08 PM	1.84	0.02	2.03	0.18	0.00	0.00	0.00	0.00	4.07	100.00	0.95	27.85	977	16	911	5	0	0	0	0	1910	299.46	9.00	1.74	5.79	16.45	8.00	21.47	1.09	20.94	17.38
6/18/2015 9:08:11 PM	1.83	0.02	1.96	0.11	0.00	0.00	0.00	0.00	3.92	100.00	1.07	27.72	969	20	883	3	0	0	0	0	1876	299.69	8.56	1.60	5.49	16.01	7.64	20.58	1.10	20.99	17.38
6/18/2015 9:08:14 PM	1.87	0.00	2.16	0.24	0.00	0.00	0.00	0.00	4.28	100.00	1.22	27.59	991	0	973	7	0	0	0	0	1971	299.22	9.63	1.86	6.16	17.05	8.37	22.96	1.12	21.04	17.40
6/18/2015 9:08:17 PM	1.89	0.00	2.13	0.23	0.00	0.00	0.00	0.00	4.24	100.00	1.38	27.72	999	0	956	7	0	0	0	0	1963	299.32	9.47	1.77	5.89	17.04	8.36	22.61	1.14	21.07	17.43
6/18/2015 9:08:20 PM	1.87	0.01	2.28	0.30	0.00	0.00	0.00	0.00	4.45	100.00	1.52	27.80	992	7	1024	9	0	0	0	0	2032	299.37	10.19	2.05	6.51	17.78	8.77	23.93	1.15	21.11	17.42
6/18/2015 9:08:22 PM	2.00	0.04	2.27	0.26	0.00	0.00	0.00	0.00	4.56	100.00	1.67	27.59	1059	38	1022	8	0	0	0	0	2127	299.61	10.16	2.00	6.74	18.07	8.91	24.27	1.16	21.15	17.43
6/18/2015 9:08:25 PM	2.00	0.06	2.24	0.32	0.00	0.00	0.00	0.00	4.62	100.00	1.83	27.81	1061	61	1009	9	0	0	0	0	2141	299.54	10.31	2.12	6.94	18.36	9.28	24.31	1.18	21.21	17.47
6/18/2015 9:08:28 PM	2.00	0.00	2.30	0.40	0.00	0.00	0.00	0.00	4.70	100.00	2.00	27.75	1061	0	1035	12	0	0	0	0	2109	299.42	10.68	2.16	6.89	18.45	9.36	25.36	1.20	21.25	17.48
6/18/2015 9:08:31 PM	2.09	0.00	2.36	0.41	0.00	0.00	0.00	0.00	4.86	100.00	2.15	27.65	1108	0	1060	12	0	0	0	0	2181	299.03	10.98	2.13	7.15	19.01	9.62	26.19	1.21	21.28	17.49
6/18/2015 9:08:34 PM	1.99	0.00	2.55	0.42	0.00	0.00	0.00	0.00	4.96	100.00	2.30	27.38	1053	4	1149	13	0	0	0	0	2218	299.08	11.56	2.26	7.44	19.40	9.79	27.08	1.23	21.33	17.48
6/18/2015 9:08:36 PM	2.13	0.02	2.63	0.43	0.00	0.00	0.00	0.00	5.21	100.00	2.45	27.08	1130	16	1181	13	0	0	0	0	2340	299.21	11.96	2.37	7.83	20.26	10.16	28.27	1.24	21.38	17.49
6/18/2015 9:08:39 PM	2.16	0.05	2.68	0.35	0.00	0.00	0.00	0.00	5.25	100.00	2.62	26.71	1147	46	1208	11	0	0	0	0	2412	299.42	12.00	2.41	7.75	20.99	10.20	27.96	1.26	21.42	17.52
6/18/2015 9:08:42 PM	2.23	0.03	2.72	0.37	0.00	0.00	0.00	0.00	5.36	100.00	2.75	26.34	1182	34	1226	11	0	0	0	0	2454	299.71	12.22	2.37	7.90	21.27	10.36	28.72	1.27	21.46	17.51
6/18/2015 9:08:45 PM	2.44	0.01	2.82	0.24	0.00	0.00	0.00	0.00	5.50	100.00	2.92	26.09	1291	11	1267	7	0	0	0	0	2576	299.37	12.24	2.35	7.68	22.29	10.05	29.24	1.29	21.49	17.55
6/18/2015 9:08:48 PM	3.24	0.00	4.63	0.00	0.00	0.00	0.00	0.00	7.87	100.00	3.09	25.65	1716	0	2083	0	0	0	0	0	3799	298.45	17.94	2.90	9.93	31.95	12.53	43.19	1.30	21.55	17.54
6/18/2015 9:08:50 PM	3.98	0.00	5.89	0.00	0.00	0.00	0.00	0.00	9.87	100.00	3.26	25.11	2111	0	2651	0	0	0	0	0	4762	297.63	22.68	3.53	12.11	40.38	14.81	54.33	1.32	21.59	17.57
6/18/2015 9:08:53 PM	4.22	0.00	6.30	0.00	0.00	0.00	0.00	0.00	10.51	100.00	3.44	24.23	2234	0	2833	0	0	0	0	0	5067	297.56	24.21	3.73	12.46	43.22	15.27	57.89	1.34	21.64	17.58
6/18/2015 9:08:56 PM	4.52	0.00	6.12	0.00	0.00	0.00	0.00	0.00	10.63	100.00	3.61	23.31	2394	0	2753	0	0	0	0	0	5147	297.25	23.87	3.83	12.77	43.65	15.30	57.96	1.35	21.69	17.60
6/18/2015 9:08:59 PM	3.86	0.00	5.28	0.00	0.00	0.00	0.00	0.09	9.14	100.00	3.84	22.65	2047	0	2374	0	0	0	0	0	4421	297.34	20.94	3.33	11.33	39.81	13.63	50.59	1.38	21.73	17.63
6/18/2015 9:09:01 PM	3.81	0.00	4.94	0.00	0.00	0.00	0.00	0.12	8.75	100.00	4.03	21.94	2021	0	2221	0	0	0	0	0	4242	298.25	19.87	3.23	11.13	38.70	13.30	48.33	1.40	21.77	17.67
6/18/2015 9:09:04 PM	3.78	0.04	3.80	0.00	0.00	0.00	0.00	0.12	7.62	100.00	4.21	21.32	2002	38	1712	0	0	0	0	0	3751	298.83	16.17	2.93	10.14	33.66	12.23	40.98	1.41	21.82	17.64
6/18/2015 9:09:07 PM	3.67	0.09	2.33	0.03	0.00	0.00	0.00	0.16	6.12	100.00	4.43	20.69	1945	88	1048	1	0	0	0	0	3082	300.40	11.54	2.28	8.33	27.84	10.36	32.11	1.43	21.86	17.66
6/18/2015 9:09:10 PM	3.76	0.15	2.22	0.00	0.00	0.00	0.00	0.18	6.14	100.00	4.65	20.25	1995	153	999	0	0	0	0	0	3147	300.53	11.25	2.36	8.66	28.02	10.46	31.89	1.46	21.89	17.65
6/18/2015 9:09:13 PM	3.69	0.11	2.02	0.06	0.00	0.00	0.00	0.22	5.89	100.00	4.89	19.74	1958	114	909	2	0	0	0	0	2983	300.48	10.86	2.21	8.18	28.06	10.23	31.10	1.48	21.93	17.69
6/18/2015 9:09:15 PM	4.19	0.12	1.68	0.13	0.00	0.00	0.00	0.22	6.12	100.00	5.14	18.26	2220	121	755	4	0	0	0	0	3100	300.39	10.35	2.34	8.48	28.52	10.54	31.59	1.50	21.96	17.74
6/18/2015 9:09:18 PM	4.69	0.09	1.69	0.08	0.00	0.00	0.00	0.21	6.56	100.00	5.39	16.86	2488	91	759	3	0	0	0	0	3340	300.47	10.55	2.24	8.72	29.80	10.80	33.53	1.53	21.99	17.75
6/18/2015 9:09:21 PM	5.03	0.08	1.79	0.14	0.00	0.00	0.00	0.20	7.04	100.00	5.58	16.15	2666	77	805	4	0	0	0	0	3552	300.35	11.30	2.50	9.31	31.53	11.44	35.91	1.55	22.03	17.75
6/18/2015 9:09:24 PM	5.57	0.00	2.02	0.26	0.00	0.00	0.00	0.17	7.86	100.00	5.78	15.38	2953	0	911	8	0	0	0	0	3872	300.52	12.70	2.68	9.97	33.94	12.53	39.99	1.57	22.05	17.77
6/18/2015 9:09:27 PM	4.92	0.09	2.69	0.17	0.00	0.00	0.00	0.16	7.87	100.00	6.01	14.04	2607	88	1209	5	0	0	0	0	3909	300.42	14.12	2.95	10.57	34.21	12.83	40.57	1.59	22.08	17.75
6/18/2015 9:09:29 PM	4.65	0.22	3.15	0.23	0.00	0.00	0.00	0.18	8.25	100.00	6.21	13.14	2466	218	1417	7	0	0	0	0	4108	299.90	15.85	3.32	11.90	36.23	14.23	42.75	1.61	22.09	17.80
6/18/2015 9:09:32 PM	3.49	0.38	3.65	0.30	0.00	0.00	0.00	0.19	7.81	100.00	6.39	12.73	1848	382	1640	9	0	0	0	0	3880	298.87	17.02	3.54	12.47	35.11	14.91	41.04	1.63	22.11	17.83
6/18/2015 9:09:35 PM	3.59	0.63	3.58	0.52	0.00	0.00	0.00	0.14	8.33	100.00	6.60	12.43	1903	633	1613	16	0	0	0	0	4165	297.91	17.71	4.03	14.54	35.09	17.20	41.77	1.65	22.14	17.83
6/18/2015 9:09:38 PM	3.43	1.12	3.70	0.73	0.00	0.00	0.00	0.15	8.97	100.00	6.81	11.91	1817	1117	1663	22	0	0	0	0	4619	295.40	19.20	4.82	18.06	36.72	20.72	43.05	1.67	22.14	17.86
6/18/2015 9:09:41 PM	3.21	2.47	3.81	1.24	0.00	0.00	0.00	0.15	10.73	100.00	7.03	11.38	1701	2469	1714	37	0	0	0	0	5922	292.86	22.43	6.97	27.69	39.92	30.02	45.60	1.69	22.15	17.84
6/18/2015 9:09:43 PM	2.93	3.82	2.58	2.12	0.00	0.00	0.00	0.20	11.46	100.00	7.27	10.90	1555	3820	1163	64	0	0	0	0	6601	291.08	22.67	8.71	36.14	39.43	39.05	42.14	1.71	22.16	17.91
6/18/2015 9:09:46 PM	0.95	23.02	0.00	7.33	0.00	0.00	0.00	0.51	31.29	100.00	7.53	10.26	501	23016	0	220	0	0	0	0	23737	281.80	46.29	32.20	159.17	71.52	164.03	51.25	1.74	22.17	17.92
6/18/2015 9:09:49 PM	0.00	73.09	0.00	13.30	0.00	0.00	0.00	0.39	86.39	93.94	7.77	10.07	0	73093	0	399	0	0	0	0	73493	263.72	107.43	92.66	468.76	156.82	477.84	80.11	1.76	22.17	17.93
6/18/2015 9:09:52 PM	0.00	104.58	0.00	20.01	0.00	0.00	0.00	0.17	124.59	85.28	7.96	9.73	0	104579	0	600	0	0	0	0	105180	239.40	154.78	135.25	670.39	219.43	689.07	114.51	1.78	22.18	17.93
6/18/2015 9:09:54 PM	0.00	95.11	0.00	23.85	0.00	0.00	0.00	0.33	118.96	85.75	8.15	9.53	0	95107	0	716	0	0	0	0	95822	240.73	157.68	130.43	623.23	222.46	651.71	136.16	1.80	22.18	17.92
6/18/2015 9:09:57 PM	0.00	68.50	0.00	23.57	0.00	0.00	0.00	1.72	92.07	88.89	8.43	9.17	0	68503	0	707	0	0	0	0	69210	249.55	136.06	103.74	468.38	213.92	495.23	149.33	1.83	22.15	17.95
6/18/2015 9:10:00 PM	0.00	50.48	0.00	20.41	0.00	0.00	0.00	1.88	70.89	91.69	8.69	8.84	0	50480	0	612	0	0	0	0	51092	257.40	111.67	81.21	352.41	181.90	379.56	131.66	1.85	22.15	17.96
6/18/2015 9:10:03 PM	0.00	41.91	0.00	12.69	0.00	0.00	0.00	1.74	54.60	92.34	8.91	8.83	0	41914	0	381	0	0	0	0	42295	259.23	79.64	60.84	281.54	140.88	298.77	88.59	1.87	22.14	17.98
6/18/2015 9:10:06 PM	0.00	36.03	0.00	7.76	0.00	0.00	0.00	1.52	43.79	93.30	9.18	8.62	0	36027	0	233	0	0	0	0	36260	261.93	58.64	48.14	233.93	111.33	244.33	59.63	1.90	22.12	17.95
6/18/2015 9:10:08 PM	0.00	34.02	0.00	5.60	0.00	0.00	0.00	1.45	39.62	93.31	9.43	8.19	0	34017	0	168	0	0	0	0	34185	261.95	50.05	43.06	217.36	99.42	222.71	47.77	1.92	22.11	17.98
6/18/2015 9:10:11 PM	0.00	31.73	0.00	5.34	0.00	0.00	0.00	1.42	37.07	93.53	9.64	8.16	0	31734	0	160	0	0	0	0	31894	262.57	47.07	39.93	202.10	95.06	209.75	45.50	1.94	22.10	17.97
6/18/2015 9:10:14 PM	0.00	30.56	0.00	4.69	0.00	0.00	0.00	1.35	35.26	93.09	9.91	8.17	0	30564	0	141	0	0	0	0	30704	261.35	43.87	38.41	193.27	89.66	200.35	40.89	1.97	22.06	17.99
6/18/2015 9:10:17 PM	0.00	29.45	0.00	4.45	0.00	0.00	0.00	1.40	33.90	93.61	10.21	8.36	0	29446	0	133	0	0	0	0	29580	262.82	42.11	36.40	186.65	88.10	192.41	40.60	2.00	22.04	17.98
6/18/2015 9:10:20 PM	0.00	28.86	0.00	4.05	0.00	0.00	0.00	1.42	32.91	93.38	10.52	8.16	0	28861	0	121	0	0	0	0	28983	262.14	40.41	35.02	182.97	86.29	186.54	39.27	2.03	22.01	17.98
6/18/2015 9:10:22 PM	0.00	27.85	0.00	4.25	0.00	0.00	0.00	1.37	32.10	93.09	10.80	7.99	0	27853	0	128	0	0	0	0	27980	261.35	39.84	34.69	176.78	84.60	182.26	39.31	2.06	22.00	17.97
6/18/2015 9:10:25 PM	0.00	27.18	0.00	3.99	0.00	0.00	0.00	1.37	31.17	92.51	11.15	7.86	0	27183	0	120	0	0	0	0	27303	259.72	38.64	33.37	172.02	82.89	177.45	37.76	2.09	21.95	17.98
6/18/2015 9:10:28 PM	0.00	28.46	0.00	4.11	0.00	0.00	0.00	1.41	32.57	92.26	11.44	7.88	0	28461	0	123	0	0	0	0	28585	259.02	40.13	34.69	180.12	85.81	185.23	39.11	2.12	21.92	17.98
6/18/2015 9:10:31 PM	0.00	27.15	0.00	4.50	0.00	0.00	0.00	1.60	31.65	91.22	11.71	7.92	0	27153	0	135	0	0	0	0	27288	256.08	40.12	33.50	173.55	89.42	179.54	43.55	2.15	21.88	18.01
6/18/2015 9:10:33 PM	5.30	17.19	0.00	5.68	0.00	0.00	0.00	0.33	28.17	44.18	11.81	7.87	2808	17191	0	170	0	0	0	0	20169	123.95	38.97	23.97	124.22	69.23	129.42	59.30	2.16	21.84	17.95
