Date/Time	Green Algae	Bluegreen	Diatoms	Cryptophyta	#4	#5	#6	Yellow substances	Total conc.	Transmission	Depth	Temp. Sample	Green Algae	Bluegreen	Diatoms	Cryptophyta	#4	#5	#6	Yellow substances	Total cell count	Trans. 700 nm	LED 3 [525 nm]	LED 4 [570 nm]	LED 5 [610 nm]	LED 6 [370 nm]	LED 7 [590 nm]	LED 8 [470 nm]	Pressure	Temp. LEDs	Temp. Sensor
date	µg/l	µg/l	µg/l	µg/l	µg/l	µg/l	µg/l	µg/l	µg/l	%	m	°C	cells/ml	cells/ml	cells/ml	cells/ml	cells/ml	cells/ml	cells/ml	cells/ml	cells/ml	digits	digits	digits	digits	digits	digits	digits	bar	°C	°C
6/19/2015 6:12:43 AM	1.32	0.36	1.70	0.00	0.00	0.00	0.00	0.23	3.38	100.00	0.42	25.90	698	359	766	0	0	0	0	0	1823	291.86	8.04	1.78	6.50	18.53	8.19	18.28	1.04	19.14	16.21
6/19/2015 6:12:46 AM	1.44	0.22	1.60	0.25	0.00	0.00	0.00	0.18	3.51	100.00	0.86	26.87	762	222	719	8	0	0	0	0	1710	293.74	8.34	1.95	6.18	18.04	8.50	18.92	1.08	19.18	16.21
6/19/2015 6:12:49 AM	1.42	0.28	1.65	0.10	0.00	0.00	0.00	0.18	3.45	100.00	1.13	26.90	753	280	742	3	0	0	0	0	1778	293.43	8.03	1.83	6.24	17.77	8.18	18.40	1.11	19.22	16.21
6/19/2015 6:12:52 AM	1.23	0.23	1.75	0.15	0.00	0.00	0.00	0.19	3.36	100.00	1.44	26.93	650	232	788	5	0	0	0	0	1674	293.36	8.36	2.00	6.03	17.78	8.03	18.46	1.14	19.26	16.23
6/19/2015 6:12:54 AM	1.47	0.22	1.73	0.05	0.00	0.00	0.00	0.17	3.48	100.00	1.76	26.95	781	219	780	2	0	0	0	0	1781	293.74	8.11	1.82	5.94	17.89	7.81	18.82	1.17	19.31	16.22
6/19/2015 6:12:57 AM	1.23	0.22	1.79	0.19	0.00	0.00	0.00	0.18	3.43	100.00	2.06	27.05	653	218	804	6	0	0	0	0	1681	293.60	8.58	1.93	6.04	17.93	8.24	18.82	1.20	19.35	16.27
6/19/2015 6:13:00 AM	1.52	0.18	1.60	0.23	0.00	0.00	0.00	0.17	3.54	100.00	2.35	26.94	804	185	722	7	0	0	0	0	1717	293.64	8.27	2.04	6.03	18.04	8.21	19.12	1.23	19.40	16.26
6/19/2015 6:13:03 AM	1.45	0.25	1.96	0.07	0.00	0.00	0.00	0.16	3.74	100.00	2.66	26.82	770	255	882	2	0	0	0	0	1910	293.74	8.91	1.94	6.50	18.68	8.43	20.11	1.26	19.43	16.26
6/19/2015 6:13:06 AM	1.51	0.22	1.97	0.27	0.00	0.00	0.00	0.16	3.97	100.00	2.93	26.73	800	215	886	8	0	0	0	0	1910	293.65	9.60	2.28	6.81	19.55	9.09	21.40	1.29	19.50	16.29
6/19/2015 6:13:08 AM	2.25	0.13	3.04	0.24	0.00	0.00	0.00	0.15	5.66	100.00	3.18	26.05	1195	126	1369	7	0	0	0	0	2696	293.51	13.51	2.38	8.38	26.58	11.15	31.03	1.31	19.54	16.32
6/19/2015 6:13:11 AM	3.80	0.00	6.48	0.00	0.00	0.00	0.00	0.16	10.28	100.00	3.51	24.95	2012	0	2918	0	0	0	0	0	4930	291.27	25.07	3.95	12.96	46.49	16.07	58.10	1.34	19.59	16.30
6/19/2015 6:13:14 AM	4.06	0.00	5.86	0.00	0.00	0.00	0.00	0.18	9.93	100.00	3.84	23.69	2154	0	2639	0	0	0	0	0	4793	291.34	23.30	3.95	12.71	45.17	15.61	55.55	1.38	19.63	16.33
6/19/2015 6:13:17 AM	4.31	0.00	5.92	0.00	0.00	0.00	0.00	0.13	10.24	100.00	3.91	23.37	2286	0	2666	0	0	0	0	0	4952	291.41	23.53	3.80	12.70	45.20	15.92	56.70	1.38	19.67	16.35
6/19/2015 6:13:20 AM	4.27	0.00	6.25	0.00	0.00	0.00	0.00	0.16	10.52	100.00	3.98	23.46	2264	0	2811	0	0	0	0	0	5076	291.42	24.66	4.12	13.11	47.24	16.41	58.80	1.39	19.73	16.34
6/19/2015 6:13:22 AM	3.70	0.02	4.81	0.05	0.00	0.00	0.00	0.22	8.58	100.00	4.20	22.67	1963	23	2164	1	0	0	0	0	4152	291.67	19.91	3.43	11.53	40.43	13.93	48.05	1.41	19.76	16.38
6/19/2015 6:13:25 AM	3.46	0.15	3.70	0.04	0.00	0.00	0.00	0.25	7.35	100.00	4.42	20.56	1834	151	1665	1	0	0	0	0	3651	293.17	16.26	2.98	10.49	35.34	12.65	40.45	1.43	19.81	16.38
6/19/2015 6:13:28 AM	3.49	0.16	2.17	0.17	0.00	0.00	0.00	0.29	5.99	100.00	4.69	19.11	1848	159	979	5	0	0	0	0	2991	294.01	11.84	2.55	8.78	29.89	10.98	32.31	1.46	19.85	16.42
6/19/2015 6:13:31 AM	3.70	0.19	1.79	0.17	0.00	0.00	0.00	0.29	5.86	100.00	4.92	18.06	1962	190	807	5	0	0	0	0	2964	293.98	10.78	2.45	8.67	28.97	10.80	30.97	1.48	19.88	16.43
6/19/2015 6:13:34 AM	3.85	0.17	1.72	0.22	0.00	0.00	0.00	0.30	5.96	100.00	5.27	16.78	2038	175	772	7	0	0	0	0	2992	294.27	10.81	2.65	8.80	29.52	10.90	31.49	1.52	19.93	16.46
6/19/2015 6:13:36 AM	4.60	0.13	2.11	0.30	0.00	0.00	0.00	0.25	7.14	100.00	5.53	15.51	2440	129	949	9	0	0	0	0	3527	293.75	12.75	2.91	10.02	32.99	12.44	37.17	1.54	19.96	16.47
6/19/2015 6:13:39 AM	4.31	0.14	2.73	0.33	0.00	0.00	0.00	0.20	7.51	100.00	5.88	14.46	2285	141	1226	10	0	0	0	0	3662	293.58	14.52	3.06	10.65	33.83	13.28	39.32	1.58	19.99	16.48
6/19/2015 6:13:42 AM	3.44	0.34	2.87	0.40	0.00	0.00	0.00	0.20	7.06	100.00	6.12	13.31	1824	343	1291	12	0	0	0	0	3470	293.30	14.74	3.35	11.35	31.82	13.89	36.64	1.60	20.01	16.51
6/19/2015 6:13:45 AM	2.65	0.63	2.72	0.60	0.00	0.00	0.00	0.21	6.60	100.00	6.43	12.25	1402	626	1225	18	0	0	0	0	3271	292.15	14.64	3.63	12.48	29.74	15.21	33.37	1.63	20.04	16.51
6/19/2015 6:13:47 AM	2.62	1.12	2.74	1.06	0.00	0.00	0.00	0.22	7.54	100.00	6.73	11.64	1389	1120	1232	32	0	0	0	0	3774	289.98	16.76	4.67	16.63	32.22	19.91	35.90	1.66	20.08	16.48
6/19/2015 6:13:50 AM	2.88	1.86	2.87	1.48	0.00	0.00	0.00	0.22	9.09	100.00	6.98	11.22	1527	1860	1293	44	0	0	0	0	4725	288.24	19.55	6.10	22.73	36.23	26.15	40.20	1.68	20.10	16.54
6/19/2015 6:13:53 AM	3.12	2.38	2.67	1.56	0.00	0.00	0.00	0.18	9.73	100.00	7.22	11.16	1654	2385	1200	47	0	0	0	0	5286	286.54	19.69	6.71	26.18	36.16	29.19	40.12	1.71	20.11	16.56
6/19/2015 6:13:56 AM	2.91	2.49	2.52	1.86	0.00	0.00	0.00	0.22	9.78	100.00	7.39	11.10	1541	2491	1133	56	0	0	0	0	5221	286.08	20.29	7.23	27.15	36.81	30.60	40.20	1.72	20.14	16.60
6/19/2015 6:13:59 AM	0.64	16.34	0.00	6.91	0.00	0.00	0.00	0.52	23.89	99.34	7.70	10.46	339	16338	0	207	0	0	0	0	16884	278.89	38.30	25.75	116.43	60.40	125.34	46.31	1.75	20.15	16.55
6/19/2015 6:14:01 AM	0.00	50.84	0.00	11.26	0.00	0.00	0.00	0.54	62.10	93.46	7.88	10.11	0	50840	0	338	0	0	0	0	51178	262.40	81.86	66.65	329.35	122.39	344.01	67.86	1.77	20.18	16.59
6/19/2015 6:14:04 AM	0.00	61.53	0.00	13.45	0.00	0.00	0.00	0.57	74.98	91.47	8.11	10.10	0	61527	0	404	0	0	0	0	61930	256.79	97.57	82.20	402.84	144.33	409.28	83.40	1.79	20.18	16.60
6/19/2015 6:14:07 AM	0.00	82.40	0.00	25.86	0.00	0.00	0.00	0.83	108.26	86.52	8.48	9.41	0	82399	0	776	0	0	0	0	83174	242.88	153.71	121.52	555.29	221.80	584.70	152.32	1.83	20.18	16.61
6/19/2015 6:14:10 AM	0.00	68.70	0.00	25.09	0.00	0.00	0.00	1.83	93.79	87.01	8.95	8.93	0	68704	0	753	0	0	0	0	69457	244.25	140.03	106.56	469.52	222.72	507.44	156.63	1.88	20.19	16.67
6/19/2015 6:14:13 AM	0.00	60.44	0.00	20.94	0.00	0.00	0.00	2.21	81.38	88.89	9.23	8.68	0	60440	0	628	0	0	0	0	61068	249.53	121.61	91.07	414.25	204.41	438.54	140.35	1.90	20.19	16.66
6/19/2015 6:14:15 AM	0.00	54.46	0.00	18.88	0.00	0.00	0.00	2.24	73.34	89.23	9.57	8.56	0	54457	0	567	0	0	0	0	55024	250.50	111.91	83.16	373.20	190.31	395.45	127.81	1.94	20.19	16.69
6/19/2015 6:14:18 AM	0.00	49.55	0.00	15.77	0.00	0.00	0.00	2.04	65.32	90.14	9.93	8.50	0	49552	0	473	0	0	0	0	50025	253.04	96.97	73.44	335.40	168.69	355.07	108.78	1.97	20.20	16.71
6/19/2015 6:14:21 AM	0.00	44.63	0.00	11.76	0.00	0.00	0.00	1.84	56.39	90.54	10.25	8.28	0	44630	0	353	0	0	0	0	44982	254.19	79.54	62.93	294.25	144.22	311.84	83.97	2.00	20.18	16.67
6/19/2015 6:14:24 AM	0.00	38.38	0.00	8.11	0.00	0.00	0.00	1.64	46.49	91.20	10.64	8.19	0	38380	0	243	0	0	0	0	38624	256.04	62.22	51.11	249.35	118.27	258.80	63.08	2.04	20.18	16.69
6/19/2015 6:14:27 AM	0.00	33.93	0.00	6.33	0.00	0.00	0.00	1.45	40.26	91.62	11.03	8.14	0	33930	0	190	0	0	0	0	34120	257.23	52.51	44.19	217.52	102.27	226.51	50.79	2.08	20.18	16.66
6/19/2015 6:14:29 AM	0.00	33.18	0.00	6.11	0.00	0.00	0.00	1.37	39.29	91.22	11.37	8.17	0	33180	0	183	0	0	0	0	33364	256.08	50.96	42.77	211.13	98.88	222.73	47.85	2.11	20.16	16.67
6/19/2015 6:14:32 AM	0.00	29.62	0.00	4.74	0.00	0.00	0.00	1.37	34.36	91.22	11.72	7.92	0	29624	0	142	0	0	0	0	29766	256.08	43.33	37.42	188.16	88.82	194.75	41.43	2.15	20.13	16.67
