Date/Time	Green Algae	Bluegreen	Diatoms	Cryptophyta	#4	#5	#6	Yellow substances	Total conc.	Transmission	Depth	Temp. Sample	Green Algae	Bluegreen	Diatoms	Cryptophyta	#4	#5	#6	Yellow substances	Total cell count	Trans. 700 nm	LED 3 [525 nm]	LED 4 [570 nm]	LED 5 [610 nm]	LED 6 [370 nm]	LED 7 [590 nm]	LED 8 [470 nm]	Pressure	Temp. LEDs	Temp. Sensor
date	µg/l	µg/l	µg/l	µg/l	µg/l	µg/l	µg/l	µg/l	µg/l	%	m	°C	cells/ml	cells/ml	cells/ml	cells/ml	cells/ml	cells/ml	cells/ml	cells/ml	cells/ml	digits	digits	digits	digits	digits	digits	digits	bar	°C	°C
8/7/2015 12:46:06 PM	0.00	0.00	2.44	0.00	0.00	0.00	0.00	0.12	2.44	100.00	0.54	27.57	0	0	1099	0	0	0	0	0	1099	317.44	9.36	-1.46	1.67	14.08	5.81	16.34	1.05	25.05	20.95
8/7/2015 12:46:09 PM	0.00	0.00	1.53	0.75	0.00	0.00	0.00	0.00	2.28	100.00	0.60	27.57	0	0	690	22	0	0	0	0	712	319.20	8.62	3.67	2.65	8.63	7.25	13.69	1.06	25.07	20.94
8/7/2015 12:46:11 PM	2.87	0.00	0.00	0.70	0.00	0.00	0.00	0.00	3.57	100.00	0.74	27.60	1524	0	0	21	0	0	0	0	1544	314.34	4.42	1.45	0.81	11.96	10.27	17.65	1.07	25.10	21.00
8/7/2015 12:46:14 PM	0.10	0.70	2.42	0.00	0.00	0.00	0.00	0.00	3.22	100.00	0.90	27.61	54	698	1091	0	0	0	0	0	1843	317.34	8.91	4.43	10.00	12.58	7.04	15.27	1.09	25.11	20.98
8/7/2015 12:46:17 PM	1.28	0.00	1.09	0.29	0.00	0.00	0.00	0.02	2.66	100.00	1.01	27.60	680	0	489	9	0	0	0	0	1177	320.31	5.64	4.24	4.13	11.42	5.08	13.86	1.10	25.14	20.98
8/7/2015 12:46:20 PM	0.00	0.00	1.63	0.22	0.00	0.00	0.00	0.13	1.85	100.00	1.24	27.61	0	0	733	7	0	0	0	0	740	313.57	8.02	-1.05	0.68	11.60	7.49	11.61	1.12	25.16	20.98
8/7/2015 12:46:23 PM	1.92	0.31	0.42	0.32	0.00	0.00	0.00	0.00	2.98	100.00	1.47	27.60	1019	313	190	10	0	0	0	0	1532	312.83	4.58	-1.86	5.66	8.09	9.19	14.56	1.14	25.19	20.99
8/7/2015 12:46:25 PM	0.00	0.03	2.63	0.13	0.00	0.00	0.00	0.04	2.79	100.00	1.56	27.60	0	32	1183	4	0	0	0	0	1219	317.14	9.79	2.60	4.76	13.94	6.29	16.60	1.15	25.21	21.03
8/7/2015 12:46:28 PM	2.33	0.03	0.12	1.11	0.00	0.00	0.00	0.00	3.59	100.00	1.73	27.57	1237	32	54	33	0	0	0	0	1356	319.86	5.96	4.11	6.99	11.69	8.40	17.66	1.17	25.23	21.03
8/7/2015 12:46:31 PM	2.01	0.00	1.10	0.00	0.00	0.00	0.00	0.18	3.11	100.00	1.89	27.57	1064	0	494	0	0	0	0	0	1558	318.67	6.30	-0.93	4.51	16.44	3.99	17.75	1.18	25.26	21.02
8/7/2015 12:46:34 PM	1.39	0.00	1.26	0.63	0.00	0.00	0.00	0.00	3.29	100.00	2.05	27.57	737	0	569	19	0	0	0	0	1325	318.75	7.70	1.25	4.80	13.06	8.66	17.00	1.20	25.28	21.06
8/7/2015 12:46:37 PM	2.83	0.00	0.00	0.64	0.00	0.00	0.00	0.00	3.47	100.00	2.22	27.60	1499	0	0	19	0	0	0	0	1518	318.50	4.84	3.19	2.12	11.44	7.90	17.23	1.22	25.29	21.08
8/7/2015 12:46:39 PM	3.40	0.02	0.00	0.20	0.00	0.00	0.00	0.01	3.63	100.00	2.35	27.61	1802	25	0	6	0	0	0	0	1833	320.38	3.56	0.92	4.42	13.49	7.15	15.99	1.23	25.32	21.04
8/7/2015 12:46:42 PM	2.55	0.00	0.79	0.00	0.00	0.00	0.00	0.07	3.33	100.00	2.50	27.61	1350	0	354	0	0	0	0	0	1704	316.55	5.11	0.73	3.45	14.66	5.73	17.03	1.25	25.35	21.05
8/7/2015 12:46:45 PM	1.91	0.00	1.30	0.19	0.00	0.00	0.00	0.00	3.40	100.00	2.70	27.61	1012	0	585	6	0	0	0	0	1603	317.51	6.52	1.56	4.25	12.42	7.04	18.36	1.26	25.36	21.07
8/7/2015 12:46:48 PM	1.93	0.15	1.20	0.00	0.00	0.00	0.00	0.00	3.28	100.00	2.86	27.62	1022	155	540	0	0	0	0	0	1717	319.10	5.79	1.85	5.43	12.34	6.46	16.18	1.28	25.39	21.10
8/7/2015 12:46:51 PM	2.49	0.00	0.50	0.55	0.00	0.00	0.00	0.00	3.54	100.00	2.96	27.60	1318	0	226	16	0	0	0	0	1560	318.75	5.61	1.42	5.41	12.17	7.80	17.66	1.29	25.43	21.12
8/7/2015 12:46:53 PM	1.28	0.00	1.66	0.30	0.00	0.00	0.00	0.00	3.24	100.00	3.10	27.61	679	0	745	9	0	0	0	0	1434	315.11	7.50	2.58	3.43	12.54	7.43	18.15	1.30	25.44	21.10
8/7/2015 12:46:56 PM	2.13	0.00	1.09	0.19	0.00	0.00	0.00	0.00	3.41	100.00	3.18	27.63	1130	0	490	6	0	0	0	0	1626	316.56	6.07	2.21	4.43	13.35	6.62	17.19	1.31	25.46	21.08
8/7/2015 12:46:59 PM	1.95	0.00	1.31	0.18	0.00	0.00	0.00	0.01	3.45	100.00	3.21	27.61	1034	0	590	5	0	0	0	0	1630	319.14	6.80	1.06	4.24	14.17	7.39	17.44	1.31	25.49	21.16
8/7/2015 12:47:02 PM	1.74	0.00	1.34	0.10	0.00	0.00	0.00	0.07	3.18	100.00	3.36	27.61	921	0	604	3	0	0	0	0	1527	317.50	6.49	2.77	4.17	14.63	6.00	16.97	1.33	25.50	21.16
8/7/2015 12:47:04 PM	2.22	0.15	1.11	0.00	0.00	0.00	0.00	0.01	3.47	100.00	3.49	27.62	1179	145	497	0	0	0	0	0	1821	316.22	5.94	0.56	5.53	13.79	6.70	16.48	1.34	25.54	21.14
8/7/2015 12:47:07 PM	2.81	0.05	0.29	0.40	0.00	0.00	0.00	0.00	3.56	100.00	3.53	27.62	1491	55	129	12	0	0	0	0	1687	317.85	4.69	1.58	5.58	11.99	7.29	17.05	1.35	25.55	21.13
8/7/2015 12:47:10 PM	1.83	0.00	1.30	0.23	0.00	0.00	0.00	0.04	3.36	100.00	3.66	27.61	971	0	584	7	0	0	0	0	1562	316.69	6.90	1.32	4.44	14.56	7.26	17.32	1.36	25.57	21.21
8/7/2015 12:47:13 PM	2.15	0.00	1.04	0.15	0.00	0.00	0.00	0.00	3.34	100.00	3.75	27.62	1137	0	468	5	0	0	0	0	1610	317.05	5.66	2.25	2.74	12.64	7.01	17.34	1.37	25.60	21.22
8/7/2015 12:47:16 PM	1.85	0.00	1.00	0.41	0.00	0.00	0.00	0.00	3.25	100.00	3.90	27.61	981	0	449	12	0	0	0	0	1442	315.73	6.22	2.51	4.58	12.36	6.99	16.69	1.38	25.62	21.21
8/7/2015 12:47:18 PM	1.79	0.00	1.46	0.00	0.00	0.00	0.00	0.02	3.25	100.00	4.06	27.62	951	0	655	0	0	0	0	0	1606	316.78	6.56	0.58	3.08	13.77	6.66	17.08	1.40	25.65	21.25
8/7/2015 12:47:21 PM	2.12	0.00	1.16	0.13	0.00	0.00	0.00	0.00	3.40	100.00	4.25	27.62	1122	0	521	4	0	0	0	0	1647	316.33	6.15	0.55	3.97	12.99	7.25	17.47	1.42	25.68	21.19
8/7/2015 12:47:24 PM	2.04	0.00	1.17	0.00	0.00	0.00	0.00	0.00	3.21	100.00	4.36	27.63	1083	0	526	0	0	0	0	0	1609	315.83	5.65	1.52	3.47	12.87	6.23	16.24	1.43	25.69	21.28
8/7/2015 12:47:27 PM	2.37	0.00	1.04	0.20	0.00	0.00	0.00	0.00	3.61	100.00	4.45	27.62	1255	0	469	6	0	0	0	0	1731	317.46	6.22	1.23	4.86	13.85	7.18	18.03	1.44	25.71	21.26
8/7/2015 12:47:30 PM	2.16	0.00	1.05	0.18	0.00	0.00	0.00	0.00	3.39	100.00	4.47	27.61	1144	0	472	5	0	0	0	0	1622	316.37	5.96	0.69	3.94	12.59	7.31	17.47	1.44	25.74	21.28
8/7/2015 12:47:32 PM	2.24	0.06	1.24	0.00	0.00	0.00	0.00	0.00	3.55	100.00	4.54	27.60	1190	58	560	0	0	0	0	0	1808	317.49	6.23	0.84	5.39	13.78	6.29	17.66	1.44	25.77	21.31
8/7/2015 12:47:35 PM	2.02	0.00	1.17	0.26	0.00	0.00	0.00	0.00	3.46	100.00	4.60	27.62	1072	0	528	8	0	0	0	0	1607	316.56	6.50	1.59	4.11	13.17	7.44	17.92	1.45	25.78	21.28
8/7/2015 12:47:38 PM	2.02	0.04	1.28	0.08	0.00	0.00	0.00	0.02	3.42	100.00	4.62	27.61	1068	36	577	3	0	0	0	0	1684	316.17	6.49	1.16	4.63	14.18	6.95	17.09	1.45	25.81	21.29
8/7/2015 12:47:41 PM	2.10	0.00	1.27	0.00	0.00	0.00	0.00	0.00	3.37	100.00	4.70	27.61	1114	0	571	0	0	0	0	0	1684	316.93	6.05	1.50	4.40	13.39	6.10	17.11	1.46	25.84	21.38
8/7/2015 12:47:44 PM	2.08	0.00	1.16	0.13	0.00	0.00	0.00	0.00	3.38	100.00	4.91	27.61	1104	0	524	4	0	0	0	0	1632	316.68	6.12	1.61	4.18	13.25	6.72	17.15	1.48	25.86	21.34
8/7/2015 12:47:46 PM	2.15	0.01	0.97	0.18	0.00	0.00	0.00	0.00	3.31	100.00	5.14	27.60	1138	7	437	5	0	0	0	0	1588	317.14	5.75	1.23	4.61	12.69	6.70	16.50	1.50	25.89	21.39
8/7/2015 12:47:49 PM	2.12	0.00	1.18	0.16	0.00	0.00	0.00	0.00	3.45	100.00	5.34	27.62	1125	0	530	5	0	0	0	0	1659	316.16	6.32	1.25	4.47	13.62	6.98	17.38	1.52	25.90	21.39
8/7/2015 12:47:52 PM	2.33	0.00	0.86	0.34	0.00	0.00	0.00	0.00	3.52	100.00	5.50	27.60	1233	0	388	10	0	0	0	0	1631	315.98	6.03	1.64	4.67	13.57	7.42	17.30	1.54	25.93	21.33
8/7/2015 12:47:55 PM	2.26	0.00	1.10	0.16	0.00	0.00	0.00	0.00	3.52	100.00	5.70	27.59	1199	0	493	5	0	0	0	0	1697	316.86	6.15	1.39	4.15	13.68	7.16	17.72	1.56	25.94	21.40
8/7/2015 12:47:57 PM	2.21	0.00	0.90	0.36	0.00	0.00	0.00	0.00	3.47	100.00	5.85	27.57	1173	0	406	11	0	0	0	0	1589	316.01	6.15	1.68	4.78	13.42	7.37	17.10	1.57	25.96	21.44
8/7/2015 12:48:00 PM	1.90	0.09	1.46	0.00	0.00	0.00	0.00	0.00	3.45	100.00	6.03	27.51	1005	86	658	0	0	0	0	0	1749	316.35	6.67	1.25	4.99	13.80	6.86	17.24	1.59	26.02	21.37
8/7/2015 12:48:03 PM	1.96	0.09	1.43	0.07	0.00	0.00	0.00	0.00	3.55	100.00	6.14	27.44	1041	87	644	2	0	0	0	0	1774	315.36	6.83	1.63	5.24	14.19	7.05	17.65	1.60	26.02	21.41
8/7/2015 12:48:06 PM	2.05	0.09	1.20	0.11	0.00	0.00	0.00	0.00	3.45	100.00	6.20	27.44	1088	91	540	3	0	0	0	0	1722	315.41	6.25	1.83	5.22	13.57	6.84	16.87	1.61	26.03	21.44
8/7/2015 12:48:09 PM	2.36	0.06	1.86	0.25	0.00	0.00	0.00	0.00	4.52	100.00	6.27	27.44	1250	57	835	8	0	0	0	0	2149	314.23	9.16	1.89	6.38	18.19	8.93	22.83	1.61	26.06	21.43
8/7/2015 12:48:11 PM	2.87	0.02	3.81	0.54	0.00	0.00	0.00	0.00	7.23	100.00	6.48	27.46	1519	21	1713	16	0	0	0	0	3269	311.71	16.88	3.05	10.15	29.42	13.56	38.57	1.63	26.07	21.46
8/7/2015 12:48:14 PM	2.95	0.00	4.22	1.16	0.00	0.00	0.00	0.14	8.34	100.00	6.63	26.52	1563	0	1901	35	0	0	0	0	3499	309.78	20.79	4.81	12.06	36.93	16.80	45.88	1.65	26.10	21.53
8/7/2015 12:48:17 PM	2.76	0.00	4.64	1.82	0.00	0.00	0.00	0.24	9.22	100.00	6.77	24.97	1462	0	2086	55	0	0	0	0	3603	309.58	24.46	6.48	13.38	42.62	20.20	52.07	1.66	26.11	21.45
8/7/2015 12:48:20 PM	1.17	0.22	3.60	2.24	0.00	0.00	0.00	0.51	7.23	100.00	6.91	23.09	619	216	1621	67	0	0	0	0	2523	310.58	22.44	6.40	13.69	40.33	19.72	43.24	1.68	26.13	21.50
8/7/2015 12:48:23 PM	0.43	0.08	3.43	2.23	0.00	0.00	0.00	0.59	6.17	100.00	7.11	21.45	229	76	1542	67	0	0	0	0	1914	310.78	21.34	6.23	11.82	38.35	17.80	39.49	1.70	26.15	21.51
8/7/2015 12:48:25 PM	0.00	0.22	3.37	2.23	0.00	0.00	0.00	0.66	5.82	100.00	7.30	20.29	0	216	1518	67	0	0	0	0	1802	311.10	21.63	6.79	12.37	38.45	17.70	37.73	1.72	26.16	21.51
8/7/2015 12:48:28 PM	0.00	0.24	2.42	2.96	0.00	0.00	0.00	0.73	5.62	100.00	7.39	19.17	0	236	1091	89	0	0	0	0	1415	310.32	21.80	7.44	12.89	38.47	19.40	35.99	1.72	26.17	21.51
8/7/2015 12:48:31 PM	0.00	0.19	2.13	3.03	0.00	0.00	0.00	0.74	5.34	100.00	7.55	18.57	0	185	957	91	0	0	0	0	1233	311.51	21.90	7.53	12.40	37.62	18.70	34.09	1.74	26.18	21.52
8/7/2015 12:48:34 PM	0.00	0.22	1.73	3.27	0.00	0.00	0.00	0.72	5.21	100.00	7.67	18.23	0	219	777	98	0	0	0	0	1094	311.42	22.19	7.82	12.65	36.35	19.07	32.21	1.75	26.18	21.58
8/7/2015 12:48:36 PM	0.00	0.21	1.48	3.43	0.00	0.00	0.00	0.72	5.13	100.00	7.83	17.50	0	215	665	103	0	0	0	0	983	310.73	23.08	8.27	12.78	35.78	18.93	30.76	1.77	26.18	21.59
8/7/2015 12:48:39 PM	0.00	0.21	1.18	3.60	0.00	0.00	0.00	0.74	4.99	100.00	7.98	17.04	0	213	532	108	0	0	0	0	852	310.38	22.82	8.10	12.66	35.56	19.34	29.98	1.78	26.18	21.58
8/7/2015 12:48:42 PM	0.00	0.45	0.80	3.78	0.00	0.00	0.00	0.78	5.03	100.00	8.07	16.66	0	452	359	114	0	0	0	0	925	310.62	23.01	8.69	14.17	35.84	20.64	28.80	1.79	26.18	21.61
8/7/2015 12:48:45 PM	0.00	0.42	0.81	3.78	0.00	0.00	0.00	0.76	5.00	100.00	8.22	16.24	0	422	363	113	0	0	0	0	898	310.46	23.52	8.76	14.01	35.46	20.24	28.27	1.81	26.18	21.59
8/7/2015 12:48:48 PM	0.00	0.25	0.62	3.99	0.00	0.00	0.00	0.76	4.86	100.00	8.37	15.91	0	251	279	120	0	0	0	0	650	310.29	23.55	9.04	13.26	35.10	19.82	28.11	1.82	26.17	21.64
8/7/2015 12:48:50 PM	0.00	0.16	0.22	4.44	0.00	0.00	0.00	0.77	4.82	100.00	8.54	15.58	0	155	99	133	0	0	0	0	388	310.32	24.96	9.69	13.25	35.02	20.19	27.20	1.84	26.17	21.63
8/7/2015 12:48:53 PM	0.00	0.19	0.32	4.41	0.00	0.00	0.00	0.76	4.91	100.00	8.68	15.20	0	193	142	132	0	0	0	0	467	309.44	25.19	9.65	13.52	35.27	20.44	27.57	1.85	26.16	21.65
8/7/2015 12:48:56 PM	0.00	0.16	0.00	4.81	0.00	0.00	0.00	0.75	4.97	100.00	8.81	14.37	0	157	0	144	0	0	0	0	301	309.51	26.05	10.23	13.84	35.03	21.28	27.19	1.86	26.14	21.63
8/7/2015 12:48:59 PM	0.00	0.08	0.00	4.96	0.00	0.00	0.00	0.73	5.04	100.00	8.89	13.85	0	83	0	149	0	0	0	0	232	309.62	27.21	10.70	13.71	35.06	21.28	27.13	1.87	26.14	21.66
8/7/2015 12:49:02 PM	0.00	0.04	0.00	4.98	0.00	0.00	0.00	0.72	5.02	100.00	8.91	13.95	0	37	0	149	0	0	0	0	186	308.56	26.70	10.26	13.46	34.83	21.33	27.58	1.87	26.13	21.67
8/7/2015 12:49:04 PM	0.00	0.14	0.03	4.88	0.00	0.00	0.00	0.72	5.05	100.00	8.96	14.10	0	141	13	147	0	0	0	0	301	309.25	26.81	10.38	13.99	34.71	21.36	27.10	1.88	26.11	21.68
8/7/2015 12:49:07 PM	0.00	0.09	0.00	4.98	0.00	0.00	0.00	0.74	5.07	100.00	9.01	13.72	0	93	0	149	0	0	0	0	242	309.00	26.95	10.48	13.79	35.30	21.60	27.59	1.88	26.09	21.66
8/7/2015 12:49:10 PM	0.00	0.10	0.00	4.95	0.00	0.00	0.00	0.68	5.06	100.00	9.23	13.18	0	104	0	149	0	0	0	0	253	308.93	27.58	10.74	13.63	34.08	21.40	26.18	1.90	26.06	21.68
8/7/2015 12:49:13 PM	0.00	0.15	0.00	4.97	0.00	0.00	0.00	0.61	5.12	100.00	9.44	12.37	0	147	0	149	0	0	0	0	297	308.37	27.83	11.16	13.72	32.71	21.75	25.15	1.92	26.04	21.67
8/7/2015 12:49:16 PM	0.00	0.19	0.00	5.01	0.00	0.00	0.00	0.53	5.19	100.00	9.59	11.66	0	187	0	150	0	0	0	0	337	307.57	28.89	11.72	13.65	31.32	22.10	23.48	1.94	26.01	21.68
8/7/2015 12:49:18 PM	0.00	0.19	0.00	4.97	0.00	0.00	0.00	0.48	5.15	100.00	9.69	11.83	0	189	0	149	0	0	0	0	338	307.01	29.16	11.85	13.61	30.13	21.65	22.43	1.95	25.98	21.69
8/7/2015 12:49:21 PM	0.00	0.21	0.00	4.94	0.00	0.00	0.00	0.43	5.14	100.00	9.85	11.77	0	207	0	148	0	0	0	0	355	305.91	29.19	12.14	13.40	29.16	21.74	21.47	1.97	25.95	21.69
8/7/2015 12:49:24 PM	0.00	0.29	0.00	5.00	0.00	0.00	0.00	0.41	5.30	100.00	10.04	11.31	0	291	0	150	0	0	0	0	441	306.09	29.80	12.39	14.06	29.04	22.39	21.34	1.98	25.90	21.67
8/7/2015 12:49:27 PM	0.00	0.48	0.00	5.24	0.00	0.00	0.00	0.27	5.71	100.00	10.25	10.35	0	477	0	157	0	0	0	0	634	303.15	31.95	13.52	15.18	27.48	24.41	19.78	2.00	25.87	21.67
8/7/2015 12:49:29 PM	0.00	0.49	0.00	5.20	0.00	0.00	0.00	0.26	5.69	100.00	10.41	10.31	0	493	0	156	0	0	0	0	649	302.74	31.98	13.45	15.09	27.02	24.37	19.24	2.02	25.82	21.65
8/7/2015 12:49:32 PM	0.00	0.63	0.00	5.08	0.00	0.00	0.00	0.22	5.71	100.00	10.55	10.41	0	628	0	152	0	0	0	0	780	301.88	31.85	13.55	15.39	26.09	24.78	17.99	2.03	25.78	21.67
8/7/2015 12:49:35 PM	0.00	0.69	0.00	4.60	0.00	0.00	0.00	0.20	5.28	100.00	10.72	10.22	0	685	0	138	0	0	0	0	823	300.57	29.30	12.55	14.53	23.94	23.32	15.94	2.05	25.74	21.67
8/7/2015 12:49:38 PM	0.00	0.69	0.00	4.04	0.00	0.00	0.00	0.22	4.73	100.00	10.79	10.05	0	690	0	121	0	0	0	0	812	300.58	25.94	11.18	13.30	22.22	21.37	14.42	2.06	25.68	21.68
8/7/2015 12:49:41 PM	0.00	0.62	0.00	4.08	0.00	0.00	0.00	0.23	4.69	100.00	10.77	10.10	0	616	0	122	0	0	0	0	739	300.81	25.77	11.05	13.03	22.48	21.10	14.96	2.06	25.64	21.62
8/7/2015 12:49:43 PM	0.00	0.67	0.00	4.29	0.00	0.00	0.00	0.25	4.96	100.00	10.75	10.09	0	666	0	129	0	0	0	0	795	300.42	27.17	11.79	14.06	23.78	21.89	15.97	2.05	25.58	21.63
8/7/2015 12:49:46 PM	0.00	0.67	0.00	4.37	0.00	0.00	0.00	0.24	5.03	100.00	10.77	10.25	0	667	0	131	0	0	0	0	798	300.73	27.51	11.94	13.94	23.79	22.50	15.90	2.06	25.53	21.63
8/7/2015 12:49:49 PM	0.00	0.72	0.00	4.41	0.00	0.00	0.00	0.23	5.13	100.00	10.78	10.59	0	722	0	132	0	0	0	0	854	300.60	28.17	12.32	14.52	23.93	22.67	15.81	2.06	25.48	21.62
8/7/2015 12:49:52 PM	0.00	0.81	0.00	4.32	0.00	0.00	0.00	0.22	5.13	100.00	10.83	10.75	0	811	0	130	0	0	0	0	940	300.13	27.82	12.13	14.76	23.61	22.94	15.38	2.06	25.42	21.59
8/7/2015 12:49:55 PM	0.00	0.65	0.00	3.89	0.00	0.00	0.00	0.25	4.54	100.00	11.00	10.35	0	648	0	117	0	0	0	0	765	300.25	24.86	10.63	12.87	22.15	20.52	14.49	2.08	25.36	21.59
8/7/2015 12:49:57 PM	0.00	0.62	0.00	3.11	0.00	0.00	0.00	0.31	3.73	100.00	11.16	9.99	0	617	0	93	0	0	0	0	711	299.81	20.15	8.33	11.08	20.48	17.49	12.95	2.09	25.31	21.58
8/7/2015 12:50:00 PM	0.00	0.62	0.00	3.02	0.00	0.00	0.00	0.32	3.64	100.00	11.26	9.87	0	615	0	91	0	0	0	0	706	299.35	19.41	8.21	10.81	20.24	17.26	12.79	2.10	25.25	21.56
8/7/2015 12:50:03 PM	0.00	0.62	0.00	2.92	0.00	0.00	0.00	0.32	3.54	100.00	11.37	9.73	0	616	0	88	0	0	0	0	704	299.26	18.77	7.86	10.62	19.91	16.89	12.58	2.11	25.19	21.56
8/7/2015 12:50:06 PM	0.00	0.67	0.00	2.69	0.00	0.00	0.00	0.34	3.35	100.00	11.56	9.75	0	667	0	81	0	0	0	0	748	298.20	17.75	7.42	10.56	19.58	16.11	11.98	2.13	25.11	21.54
8/7/2015 12:50:09 PM	0.00	0.81	0.00	2.88	0.00	0.00	0.00	0.29	3.69	100.00	11.71	9.66	0	807	0	86	0	0	0	0	893	298.54	18.79	7.97	11.65	19.40	17.79	12.07	2.15	25.05	21.51
8/7/2015 12:50:11 PM	0.00	0.95	0.00	3.05	0.00	0.00	0.00	0.28	4.00	100.00	11.88	9.67	0	954	0	91	0	0	0	0	1045	297.98	20.17	8.55	12.85	20.08	19.21	12.30	2.16	24.98	21.51
8/7/2015 12:50:14 PM	0.00	0.94	0.00	2.82	0.00	0.00	0.00	0.29	3.76	100.00	12.08	9.96	0	935	0	85	0	0	0	0	1020	298.12	18.81	8.04	12.29	19.23	18.19	11.62	2.18	24.92	21.49
8/7/2015 12:50:17 PM	0.00	0.96	0.00	2.78	0.00	0.00	0.00	0.28	3.73	100.00	12.23	10.04	0	955	0	83	0	0	0	0	1038	298.37	18.58	7.96	12.20	19.09	18.27	11.40	2.20	24.86	21.48
8/7/2015 12:50:20 PM	0.00	0.99	0.00	2.72	0.00	0.00	0.00	0.29	3.71	100.00	12.41	9.86	0	987	0	82	0	0	0	0	1068	298.26	18.19	7.79	12.31	19.11	18.23	11.43	2.22	24.78	21.46
8/7/2015 12:50:22 PM	0.00	1.02	0.00	2.70	0.00	0.00	0.00	0.30	3.72	100.00	12.58	9.59	0	1021	0	81	0	0	0	0	1102	297.89	18.00	7.71	12.55	19.15	18.28	11.54	2.23	24.72	21.44
8/7/2015 12:50:25 PM	0.00	1.02	0.00	2.91	0.00	0.00	0.00	0.32	3.93	100.00	12.74	9.55	0	1021	0	87	0	0	0	0	1108	297.56	18.80	7.99	13.16	20.32	19.06	12.86	2.25	24.64	21.41
8/7/2015 12:50:28 PM	0.00	0.94	0.00	2.83	0.00	0.00	0.00	0.33	3.77	100.00	12.92	9.62	0	941	0	85	0	0	0	0	1026	297.59	18.19	7.66	12.49	20.18	18.38	12.80	2.27	24.57	21.39
8/7/2015 12:50:31 PM	0.00	0.89	0.00	2.78	0.00	0.00	0.00	0.36	3.67	100.00	13.08	9.58	0	891	0	83	0	0	0	0	975	296.45	17.67	7.31	12.15	20.42	17.96	13.11	2.28	24.51	21.40
8/7/2015 12:50:34 PM	0.00	0.74	0.00	2.65	0.00	0.00	0.00	0.39	3.38	100.00	13.27	9.28	0	737	0	79	0	0	0	0	817	295.55	16.43	6.66	11.29	20.18	16.36	13.47	2.30	24.43	21.32
8/7/2015 12:50:36 PM	0.00	0.60	0.00	2.72	0.00	0.00	0.00	0.42	3.32	100.00	13.29	9.10	0	602	0	81	0	0	0	0	683	295.10	16.21	6.46	10.65	20.95	16.04	14.45	2.30	24.35	21.29
8/7/2015 12:50:39 PM	0.00	0.69	0.00	2.70	0.00	0.00	0.00	0.41	3.39	100.00	13.35	9.23	0	694	0	81	0	0	0	0	775	295.23	16.51	6.63	11.13	20.68	16.43	13.98	2.31	24.27	21.28
8/7/2015 12:50:42 PM	0.00	0.66	0.00	2.74	0.00	0.00	0.00	0.41	3.39	100.00	13.37	9.30	0	655	0	82	0	0	0	0	737	295.08	16.73	6.59	10.86	20.92	16.53	14.08	2.31	24.19	21.28
8/7/2015 12:50:45 PM	0.00	0.67	0.00	2.80	0.00	0.00	0.00	0.42	3.47	100.00	13.44	9.60	0	673	0	84	0	0	0	0	757	294.69	16.80	6.80	11.37	21.35	16.59	14.75	2.32	24.13	21.27
8/7/2015 12:50:48 PM	0.00	0.58	0.00	2.66	0.00	0.00	0.00	0.43	3.24	100.00	13.61	9.67	0	579	0	80	0	0	0	0	659	294.52	16.01	6.28	10.49	20.85	15.55	14.33	2.33	24.04	21.23
8/7/2015 12:50:50 PM	0.00	0.55	0.00	2.59	0.00	0.00	0.00	0.44	3.14	100.00	13.82	9.34	0	548	0	78	0	0	0	0	625	293.98	15.58	6.02	10.20	20.70	15.09	14.24	2.35	23.96	21.19
8/7/2015 12:50:53 PM	0.00	0.44	0.00	2.33	0.00	0.00	0.00	0.46	2.77	100.00	14.04	9.05	0	436	0	70	0	0	0	0	506	293.83	13.81	5.38	9.00	20.00	13.51	13.74	2.38	23.88	21.18
8/7/2015 12:50:56 PM	0.00	0.42	0.00	2.27	0.00	0.00	0.00	0.48	2.70	100.00	14.20	9.07	0	424	0	68	0	0	0	0	492	293.35	13.53	5.20	8.83	20.13	13.22	13.74	2.39	23.80	21.15
8/7/2015 12:50:59 PM	0.00	0.39	0.00	2.32	0.00	0.00	0.00	0.47	2.71	100.00	14.31	9.10	0	390	0	70	0	0	0	0	460	292.82	13.55	5.22	8.73	20.15	13.27	13.99	2.40	23.74	21.12
8/7/2015 12:51:02 PM	0.00	0.38	0.00	2.29	0.00	0.00	0.00	0.48	2.66	100.00	14.44	9.13	0	376	0	69	0	0	0	0	445	292.88	13.40	5.06	8.57	20.08	13.06	13.90	2.42	23.65	21.09
8/7/2015 12:51:04 PM	0.00	0.33	0.00	2.25	0.00	0.00	0.00	0.47	2.58	100.00	14.59	9.33	0	334	0	67	0	0	0	0	401	292.54	13.19	4.93	8.13	19.71	12.75	13.56	2.43	23.57	21.06
8/7/2015 12:51:07 PM	0.00	0.37	0.00	2.09	0.00	0.00	0.00	0.46	2.46	100.00	14.81	9.32	0	370	0	63	0	0	0	0	433	292.89	12.47	4.78	7.93	19.07	12.37	12.80	2.45	23.48	21.04
8/7/2015 12:51:10 PM	0.00	0.33	0.00	2.13	0.00	0.00	0.00	0.48	2.46	100.00	14.97	9.08	0	327	0	64	0	0	0	0	391	292.79	12.50	4.90	7.91	19.46	12.14	13.28	2.47	23.41	21.02
8/7/2015 12:51:13 PM	0.00	0.36	0.00	2.12	0.00	0.00	0.00	0.47	2.48	100.00	15.09	9.08	0	361	0	64	0	0	0	0	425	292.68	12.47	4.92	8.01	19.27	12.36	13.06	2.48	23.34	20.99
8/7/2015 12:51:15 PM	0.00	0.39	0.00	2.11	0.00	0.00	0.00	0.48	2.50	100.00	15.29	8.96	0	391	0	63	0	0	0	0	455	291.88	12.55	4.86	8.19	19.45	12.48	13.10	2.50	23.26	20.96
8/7/2015 12:51:18 PM	0.00	0.39	0.00	2.08	0.00	0.00	0.00	0.48	2.48	100.00	15.41	9.00	0	393	0	63	0	0	0	0	456	292.11	12.40	4.98	8.11	19.51	12.42	13.02	2.51	23.17	20.92
8/7/2015 12:51:21 PM	0.00	0.35	0.00	2.05	0.00	0.00	0.00	0.47	2.41	100.00	15.49	9.12	0	352	0	62	0	0	0	0	413	292.17	12.12	4.81	7.72	19.16	12.15	12.82	2.52	23.09	20.90
8/7/2015 12:51:24 PM	0.00	0.38	0.00	2.03	0.00	0.00	0.00	0.48	2.40	100.00	15.59	9.03	0	378	0	61	0	0	0	0	439	291.87	12.10	4.89	7.98	19.26	11.99	12.84	2.53	23.01	20.89
8/7/2015 12:51:27 PM	0.00	0.40	0.00	2.03	0.00	0.00	0.00	0.48	2.43	100.00	15.68	8.99	0	397	0	61	0	0	0	0	458	291.50	12.18	4.80	8.03	19.21	12.23	12.78	2.54	22.95	20.86
8/7/2015 12:51:29 PM	0.00	0.36	0.00	1.97	0.00	0.00	0.00	0.47	2.34	100.00	15.66	9.00	0	365	0	59	0	0	0	0	424	292.17	11.88	4.70	7.65	18.79	11.84	12.40	2.53	22.84	20.81
8/7/2015 12:51:32 PM	0.00	0.35	0.00	2.03	0.00	0.00	0.00	0.47	2.38	100.00	15.69	9.02	0	353	0	61	0	0	0	0	413	291.79	12.05	4.74	7.73	19.04	11.97	12.73	2.54	22.77	20.77
8/7/2015 12:51:35 PM	0.00	0.29	0.00	2.05	0.00	0.00	0.00	0.48	2.34	100.00	15.71	9.09	0	286	0	62	0	0	0	0	347	292.32	12.00	4.57	7.29	19.12	11.88	12.91	2.54	22.70	20.75
8/7/2015 12:51:38 PM	0.00	0.41	0.00	2.02	0.00	0.00	0.00	0.48	2.43	100.00	15.72	9.11	0	413	0	61	0	0	0	0	473	291.73	12.14	4.88	8.04	19.20	12.30	12.66	2.54	22.61	20.73
8/7/2015 12:51:41 PM	0.00	0.34	0.00	2.00	0.00	0.00	0.00	0.47	2.34	100.00	15.75	9.12	0	344	0	60	0	0	0	0	404	292.15	11.90	4.73	7.42	18.83	12.00	12.39	2.54	22.55	20.72
8/7/2015 12:51:43 PM	0.00	0.34	0.00	2.10	0.00	0.00	0.00	0.47	2.45	100.00	15.74	9.15	0	344	0	63	0	0	0	0	407	292.13	12.35	4.83	7.75	19.35	12.36	13.02	2.54	22.46	20.62
8/7/2015 12:51:46 PM	0.00	0.36	0.00	1.93	0.00	0.00	0.00	0.47	2.29	100.00	15.84	9.12	0	356	0	58	0	0	0	0	414	292.20	11.69	4.61	7.43	18.69	11.69	12.18	2.55	22.38	20.64
8/7/2015 12:51:49 PM	0.00	0.37	0.00	1.91	0.00	0.00	0.00	0.48	2.27	100.00	15.97	9.03	0	367	0	57	0	0	0	0	424	292.49	11.61	4.53	7.43	18.88	11.69	12.21	2.57	22.31	20.59
8/7/2015 12:51:52 PM	0.00	0.38	0.00	1.96	0.00	0.00	0.00	0.49	2.34	100.00	16.13	9.05	0	383	0	59	0	0	0	0	442	292.73	11.73	4.68	7.78	19.15	11.85	12.63	2.58	22.24	20.56
8/7/2015 12:51:55 PM	0.00	0.37	0.00	1.84	0.00	0.00	0.00	0.48	2.20	100.00	16.31	8.97	0	368	0	55	0	0	0	0	423	293.65	11.24	4.58	7.21	18.52	11.46	11.79	2.60	22.17	20.52
8/7/2015 12:51:57 PM	0.00	0.35	0.00	1.88	0.00	0.00	0.00	0.49	2.23	100.00	16.48	8.95	0	351	0	56	0	0	0	0	407	292.98	11.36	4.59	7.28	18.92	11.50	12.22	2.61	22.07	20.50
8/7/2015 12:52:00 PM	0.00	0.37	0.00	1.84	0.00	0.00	0.00	0.50	2.21	100.00	16.58	8.99	0	370	0	55	0	0	0	0	425	293.38	11.22	4.42	7.37	19.05	11.40	12.25	2.63	22.01	20.48
8/7/2015 12:52:03 PM	0.00	0.38	0.00	1.83	0.00	0.00	0.00	0.48	2.21	100.00	16.75	9.00	0	379	0	55	0	0	0	0	434	294.56	11.14	4.48	7.36	18.51	11.42	11.93	2.64	21.93	20.43
8/7/2015 12:52:06 PM	0.00	0.39	0.00	1.78	0.00	0.00	0.00	0.49	2.17	100.00	16.88	8.89	0	392	0	53	0	0	0	0	445	294.93	10.92	4.43	7.36	18.57	11.23	11.83	2.65	21.85	20.40
8/7/2015 12:52:08 PM	0.00	0.33	0.00	1.77	0.00	0.00	0.00	0.51	2.09	100.00	16.99	8.84	0	327	0	53	0	0	0	0	380	295.80	10.62	4.17	7.00	18.77	10.88	12.17	2.66	21.79	20.38
8/7/2015 12:52:11 PM	0.00	0.34	0.00	1.73	0.00	0.00	0.00	0.50	2.07	100.00	17.14	8.90	0	339	0	52	0	0	0	0	391	296.12	10.46	4.10	6.94	18.58	10.84	11.95	2.68	21.70	20.33
8/7/2015 12:52:14 PM	0.00	0.35	0.00	1.58	0.00	0.00	0.00	0.48	1.93	100.00	17.34	8.87	0	347	0	47	0	0	0	0	395	297.28	9.78	3.80	6.41	17.68	10.52	10.96	2.70	21.63	20.30
8/7/2015 12:52:17 PM	0.00	0.35	0.00	1.49	0.00	0.00	0.00	0.50	1.84	100.00	17.47	8.86	0	355	0	45	0	0	0	0	399	297.64	9.39	3.69	6.38	17.65	10.06	10.82	2.71	21.55	20.27
8/7/2015 12:52:20 PM	0.00	0.37	0.00	1.48	0.00	0.00	0.00	0.49	1.85	100.00	17.62	8.84	0	374	0	44	0	0	0	0	418	298.52	9.37	3.86	6.36	17.55	10.21	10.59	2.73	21.48	20.23
8/7/2015 12:52:22 PM	0.00	0.36	0.00	1.45	0.00	0.00	0.00	0.50	1.81	100.00	17.68	8.86	0	359	0	43	0	0	0	0	403	299.71	9.14	3.67	6.28	17.62	9.98	10.71	2.73	21.42	20.23
8/7/2015 12:52:25 PM	0.00	0.34	0.00	1.43	0.00	0.00	0.00	0.50	1.77	100.00	17.84	8.83	0	343	0	43	0	0	0	0	386	300.00	9.09	3.62	6.10	17.60	9.86	10.61	2.75	21.34	20.22
8/7/2015 12:52:28 PM	0.00	0.32	0.00	1.38	0.00	0.00	0.00	0.51	1.70	100.00	17.92	8.79	0	324	0	41	0	0	0	0	365	300.31	8.74	3.50	5.88	17.45	9.53	10.49	2.76	21.27	20.16
8/7/2015 12:52:31 PM	0.00	0.34	0.00	1.33	0.00	0.00	0.00	0.52	1.67	100.00	18.05	8.78	0	342	0	40	0	0	0	0	382	301.11	8.44	3.41	5.98	17.42	9.36	10.48	2.77	21.19	20.13
8/7/2015 12:52:34 PM	0.00	0.34	0.00	1.23	0.00	0.00	0.00	0.52	1.57	100.00	18.24	8.72	0	343	0	37	0	0	0	0	380	302.41	8.00	3.20	5.72	17.22	9.02	10.12	2.79	21.13	20.10
8/7/2015 12:52:36 PM	0.00	0.32	0.00	1.26	0.00	0.00	0.00	0.52	1.58	100.00	18.35	8.72	0	318	0	38	0	0	0	0	356	302.52	8.15	3.24	5.66	17.26	8.97	10.22	2.80	21.07	20.08
8/7/2015 12:52:39 PM	0.00	0.29	0.00	1.28	0.00	0.00	0.00	0.54	1.57	100.00	18.46	8.76	0	294	0	38	0	0	0	0	333	302.65	8.18	3.13	5.54	17.64	8.99	10.51	2.81	20.99	20.01
8/7/2015 12:52:42 PM	0.00	0.30	0.04	1.15	0.00	0.00	0.00	0.54	1.49	100.00	18.64	8.75	0	301	17	35	0	0	0	0	352	301.75	7.80	2.97	5.37	17.33	8.54	10.18	2.83	20.93	20.01
8/7/2015 12:52:45 PM	0.00	0.29	0.11	1.16	0.00	0.00	0.00	0.54	1.55	100.00	18.85	8.72	0	288	48	35	0	0	0	0	370	300.75	7.89	2.97	5.39	17.74	8.64	10.76	2.85	20.85	19.95
8/7/2015 12:52:48 PM	0.00	0.35	0.28	1.13	0.00	0.00	0.00	0.55	1.75	100.00	18.98	8.70	0	346	124	34	0	0	0	0	505	299.76	8.52	3.23	5.99	18.62	8.99	11.68	2.86	20.79	19.93
8/7/2015 12:52:50 PM	0.00	0.35	0.07	1.31	0.00	0.00	0.00	0.55	1.74	100.00	19.00	8.77	0	353	34	39	0	0	0	0	426	299.37	8.48	3.57	6.24	18.45	9.42	11.41	2.86	20.72	19.90
8/7/2015 12:52:53 PM	0.00	0.31	0.18	1.20	0.00	0.00	0.00	0.55	1.69	100.00	19.06	8.78	0	314	79	36	0	0	0	0	429	300.30	8.32	3.08	5.75	18.39	9.08	11.46	2.87	20.65	19.86
8/7/2015 12:52:56 PM	0.00	0.31	0.15	1.25	0.00	0.00	0.00	0.55	1.70	100.00	19.21	8.74	0	306	66	37	0	0	0	0	409	298.86	8.40	3.20	5.80	18.45	9.17	11.54	2.88	20.57	19.85
8/7/2015 12:52:59 PM	0.00	0.35	0.19	1.19	0.00	0.00	0.00	0.55	1.73	100.00	19.34	8.73	0	351	87	36	0	0	0	0	473	295.64	8.42	3.20	6.01	18.54	9.20	11.52	2.90	20.51	19.81
8/7/2015 12:53:01 PM	0.00	0.35	0.09	1.21	0.00	0.00	0.00	0.55	1.65	100.00	19.48	8.69	0	348	42	36	0	0	0	0	426	289.16	8.27	3.20	5.91	18.09	9.09	10.93	2.91	20.45	19.80
8/7/2015 12:53:04 PM	0.00	0.31	0.06	1.29	0.00	0.00	0.00	0.56	1.66	100.00	19.55	8.74	0	308	27	39	0	0	0	0	374	289.72	8.53	3.17	5.78	18.46	9.22	11.18	2.92	20.40	19.73
8/7/2015 12:53:07 PM	0.00	0.37	0.14	1.23	0.00	0.00	0.00	0.55	1.73	100.00	19.53	8.77	0	367	62	37	0	0	0	0	466	287.44	8.48	3.29	6.15	18.46	9.33	11.34	2.91	20.33	19.69
8/7/2015 12:53:10 PM	0.00	0.36	0.13	1.29	0.00	0.00	0.00	0.57	1.77	100.00	19.53	8.71	0	361	57	39	0	0	0	0	456	289.26	8.82	3.30	6.21	19.02	9.56	11.67	2.91	20.26	19.66
8/7/2015 12:53:13 PM	0.00	0.37	0.16	1.32	0.00	0.00	0.00	0.56	1.85	100.00	19.57	8.77	0	365	74	40	0	0	0	0	479	288.71	9.05	3.44	6.40	19.20	9.74	12.02	2.92	20.20	19.63
8/7/2015 12:53:15 PM	0.00	0.48	0.92	1.23	0.00	0.00	0.00	0.63	2.64	99.84	19.66	8.85	0	478	416	37	0	0	0	0	931	280.31	11.52	3.89	8.04	23.83	11.14	16.88	2.93	20.15	19.61
8/7/2015 12:53:18 PM	0.00	0.54	1.10	1.32	0.00	0.00	0.00	0.66	2.97	98.25	19.72	8.81	0	539	497	40	0	0	0	0	1076	275.85	12.80	4.23	8.93	25.75	12.08	18.63	2.93	20.08	19.60
8/7/2015 12:53:21 PM	0.00	0.43	0.94	1.42	0.00	0.00	0.00	0.65	2.79	98.15	19.86	8.75	0	429	421	43	0	0	0	0	893	275.55	12.46	4.15	8.21	25.12	11.68	18.04	2.95	20.02	19.56
8/7/2015 12:53:24 PM	0.00	0.45	0.99	1.26	0.00	0.00	0.00	0.65	2.70	97.09	20.07	8.71	0	449	445	38	0	0	0	0	932	272.57	11.98	3.76	7.97	24.81	11.31	17.63	2.97	19.96	19.54
8/7/2015 12:53:27 PM	0.00	0.48	1.20	1.03	0.00	0.00	0.00	0.67	2.71	96.03	20.27	8.58	0	477	540	31	0	0	0	0	1048	269.60	11.62	3.53	7.90	25.28	10.89	18.12	2.99	19.89	19.48
8/7/2015 12:53:29 PM	0.00	0.41	1.06	0.92	0.00	0.00	0.00	0.68	2.39	97.08	20.50	8.54	0	415	475	28	0	0	0	0	917	272.56	10.44	3.16	7.01	24.39	9.97	16.94	3.01	19.83	19.47
8/7/2015 12:53:32 PM	0.00	0.38	1.08	0.87	0.00	0.00	0.00	0.71	2.32	98.08	20.63	8.51	0	380	485	26	0	0	0	0	891	275.37	10.28	3.06	6.71	24.91	9.66	17.17	3.02	19.80	19.43
8/7/2015 12:53:35 PM	0.00	0.38	1.07	0.87	0.00	0.00	0.00	0.72	2.32	98.30	20.80	8.49	0	375	481	26	0	0	0	0	883	275.97	10.20	3.05	6.69	25.12	9.69	17.32	3.04	19.72	19.36
8/7/2015 12:53:38 PM	0.00	0.44	1.04	1.02	0.00	0.00	0.00	0.75	2.50	98.36	20.94	8.45	0	444	468	31	0	0	0	0	943	276.15	10.94	3.53	7.50	26.23	10.49	18.05	3.05	19.67	19.37
8/7/2015 12:53:41 PM	0.00	0.42	0.96	1.14	0.00	0.00	0.00	0.77	2.53	98.12	21.06	8.40	0	425	434	34	0	0	0	0	893	275.47	11.02	3.61	7.56	26.87	10.89	18.56	3.06	19.58	19.31
8/7/2015 12:53:43 PM	0.00	0.51	0.88	0.99	0.00	0.00	0.00	0.90	2.38	95.97	21.27	8.34	0	510	395	30	0	0	0	0	935	269.44	10.68	3.32	7.65	28.89	10.81	18.61	3.08	19.54	19.29
8/7/2015 12:53:46 PM	0.00	0.59	0.89	0.88	0.00	0.00	0.00	1.05	2.36	94.59	21.49	8.26	0	594	398	26	0	0	0	0	1018	265.56	10.56	3.33	8.00	31.94	10.93	19.75	3.11	19.49	19.25
8/7/2015 12:53:49 PM	0.00	0.61	0.74	0.85	0.00	0.00	0.00	1.09	2.20	94.27	21.62	8.26	0	613	334	25	0	0	0	0	973	264.65	10.25	3.18	7.85	32.19	10.75	19.10	3.12	19.42	19.23
8/7/2015 12:53:52 PM	0.00	0.62	0.62	0.83	0.00	0.00	0.00	1.17	2.07	93.63	21.80	8.29	0	621	278	25	0	0	0	0	923	262.86	9.86	3.19	7.74	33.36	10.59	19.15	3.14	19.37	19.17
8/7/2015 12:53:54 PM	0.00	0.80	0.68	1.06	0.00	0.00	0.00	1.38	2.55	87.74	21.94	8.25	0	804	307	32	0	0	0	0	1143	246.31	11.45	3.85	9.65	39.30	12.87	22.95	3.15	19.32	19.18
8/7/2015 12:53:57 PM	0.00	0.90	0.95	1.09	0.00	0.00	0.00	1.35	2.93	87.40	21.98	8.20	0	896	427	33	0	0	0	0	1356	245.37	12.86	4.04	10.65	40.13	13.81	24.21	3.15	19.26	19.09
8/7/2015 12:54:00 PM	0.00	1.77	3.38	0.94	0.00	0.00	0.00	1.44	6.09	76.92	21.95	8.20	0	1768	1523	28	0	0	0	0	3319	215.91	21.45	6.06	19.33	53.61	21.50	39.41	3.15	19.22	19.10
8/7/2015 12:54:03 PM	1.33	2.25	6.61	1.49	0.00	0.00	0.00	1.15	11.68	74.04	21.99	8.28	703	2254	2976	45	0	0	0	0	5978	207.82	34.06	8.88	29.48	68.77	32.71	65.31	3.15	19.15	19.05
8/7/2015 12:54:06 PM	0.00	2.99	8.00	1.05	0.00	0.00	0.00	1.62	12.03	60.32	22.03	8.38	0	2987	3599	31	0	0	0	0	6618	169.29	39.22	10.26	34.05	80.38	35.17	69.88	3.16	19.10	19.06
