Date/Time	Green Algae	Bluegreen	Diatoms	Cryptophyta	#4	#5	#6	Yellow substances	Total conc.	Transmission	Depth	Temp. Sample	Green Algae	Bluegreen	Diatoms	Cryptophyta	#4	#5	#6	Yellow substances	Total cell count	Trans. 700 nm	LED 3 [525 nm]	LED 4 [570 nm]	LED 5 [610 nm]	LED 6 [370 nm]	LED 7 [590 nm]	LED 8 [470 nm]	Pressure	Temp. LEDs	Temp. Sensor
date	µg/l	µg/l	µg/l	µg/l	µg/l	µg/l	µg/l	µg/l	µg/l	%	m	°C	cells/ml	cells/ml	cells/ml	cells/ml	cells/ml	cells/ml	cells/ml	cells/ml	cells/ml	digits	digits	digits	digits	digits	digits	digits	bar	°C	°C
6/15/2015 12:19:11 PM	0.00	0.60	0.00	0.00	0.00	0.00	0.00	0.16	0.60	69.03	0.20	26.56	0	599	0	0	0	0	0	0	599	193.75	-0.68	-0.69	5.42	7.44	4.16	-3.18	1.02	24.29	20.64
6/15/2015 12:19:14 PM	3.34	0.00	0.00	0.00	0.00	0.00	0.00	0.00	3.34	70.05	0.45	27.58	1768	0	0	0	0	0	0	0	1768	196.62	-5.61	-1.40	-2.32	11.33	9.41	17.70	1.04	24.32	20.62
6/15/2015 12:19:17 PM	1.65	0.43	0.00	0.00	0.00	0.00	0.00	0.23	2.08	73.98	0.70	27.64	875	428	0	0	0	0	0	0	1303	207.65	-3.59	2.68	4.95	12.99	6.97	9.70	1.07	24.35	20.64
6/15/2015 12:19:19 PM	1.94	0.00	0.00	0.00	0.00	0.00	0.00	0.28	1.94	76.45	0.78	27.65	1028	0	0	0	0	0	0	0	1028	214.59	0.22	-1.00	2.23	13.62	1.90	12.32	1.08	24.38	20.68
6/15/2015 12:19:22 PM	1.53	0.00	0.00	0.00	0.00	0.00	0.00	0.22	1.53	92.23	0.99	27.53	811	0	0	0	0	0	0	0	811	258.92	-4.07	-0.67	3.64	11.33	-0.27	10.07	1.10	24.41	20.66
6/15/2015 12:19:25 PM	1.12	0.00	0.00	0.00	0.00	0.00	0.00	0.29	1.12	88.33	1.16	27.36	592	0	0	0	0	0	0	0	592	247.96	1.30	-10.61	2.16	11.17	3.82	7.91	1.11	24.44	20.69
6/15/2015 12:19:28 PM	1.34	0.21	1.54	0.00	0.00	0.00	0.00	0.17	3.09	100.00	1.34	27.20	709	214	692	0	0	0	0	0	1615	297.18	7.11	2.59	6.01	16.33	6.17	16.78	1.13	24.48	20.71
6/15/2015 12:19:30 PM	4.33	0.25	0.00	0.00	0.00	0.00	0.00	0.41	4.58	100.00	1.48	26.97	2295	251	0	0	0	0	0	0	2546	284.10	4.20	3.57	9.49	25.61	5.17	23.41	1.14	24.51	20.73
6/15/2015 12:19:33 PM	0.78	0.00	2.59	0.45	0.00	0.00	0.00	0.25	3.82	100.00	1.62	26.61	412	0	1167	13	0	0	0	0	1592	303.38	11.39	5.29	4.23	21.99	8.50	24.31	1.16	24.55	20.70
6/15/2015 12:19:36 PM	0.00	0.00	4.74	0.00	0.00	0.00	0.00	0.00	4.74	100.00	1.76	26.10	0	0	2131	0	0	0	0	0	2131	310.57	15.95	-0.41	7.75	19.42	7.93	30.61	1.17	24.57	20.72
6/15/2015 12:19:39 PM	5.68	0.00	1.13	0.00	0.00	0.00	0.00	0.07	6.81	100.00	1.85	25.80	3011	0	509	0	0	0	0	0	3520	313.03	8.60	2.29	8.14	27.18	9.88	32.81	1.18	24.61	20.74
6/15/2015 12:19:42 PM	2.90	0.00	3.06	0.28	0.00	0.00	0.00	0.13	6.23	100.00	1.97	25.60	1537	0	1375	8	0	0	0	0	2920	311.51	13.86	3.69	8.42	28.38	10.80	34.08	1.19	24.62	20.76
6/15/2015 12:19:44 PM	4.15	0.00	5.41	0.00	0.00	0.00	0.00	0.00	9.57	100.00	2.14	25.20	2201	0	2437	0	0	0	0	0	4638	299.35	20.97	4.96	13.85	37.13	12.95	53.28	1.21	24.66	20.78
6/15/2015 12:19:47 PM	1.81	0.00	7.40	0.00	0.00	0.00	0.00	0.03	9.21	100.00	2.30	24.84	960	0	3328	0	0	0	0	0	4288	303.25	25.78	6.57	10.84	40.07	10.17	55.34	1.22	24.69	20.80
6/15/2015 12:19:50 PM	8.43	0.00	4.30	0.00	0.00	0.00	0.00	0.00	12.72	100.00	2.48	24.29	4467	0	1933	0	0	0	0	0	6400	297.94	20.27	2.31	11.61	43.91	13.79	70.30	1.24	24.71	20.78
6/15/2015 12:19:53 PM	4.53	0.00	7.78	0.18	0.00	0.00	0.00	0.00	12.49	100.00	2.64	23.93	2403	0	3500	5	0	0	0	0	5909	301.70	29.43	5.75	9.61	50.71	22.31	70.49	1.26	24.74	20.80
6/15/2015 12:19:56 PM	7.63	0.00	5.64	0.00	0.00	0.00	0.00	0.00	13.28	100.00	2.70	23.91	4046	0	2539	0	0	0	0	0	6585	302.69	24.00	6.45	13.45	49.32	16.80	72.41	1.26	24.75	20.83
6/15/2015 12:19:58 PM	5.21	0.00	7.56	0.00	0.00	0.00	0.00	0.00	12.77	100.00	2.86	23.50	2759	0	3403	0	0	0	0	0	6162	301.15	28.49	2.85	14.09	46.45	19.12	74.99	1.28	24.79	20.80
6/15/2015 12:20:01 PM	5.65	0.00	7.28	0.00	0.00	0.00	0.00	0.00	12.93	100.00	2.99	22.71	2994	0	3276	0	0	0	0	0	6270	302.23	27.94	5.36	12.96	49.33	17.23	73.90	1.29	24.81	20.82
6/15/2015 12:20:04 PM	6.20	0.00	6.79	0.00	0.00	0.00	0.00	0.00	12.99	100.00	3.10	22.23	3288	0	3054	0	0	0	0	0	6342	300.96	26.83	3.44	13.39	48.44	20.64	72.96	1.30	24.82	20.84
6/15/2015 12:20:07 PM	5.43	0.00	7.75	0.00	0.00	0.00	0.00	0.00	13.17	100.00	3.23	21.53	2877	0	3486	0	0	0	0	0	6363	304.50	29.49	4.55	11.33	52.02	18.95	74.88	1.32	24.86	20.85
6/15/2015 12:20:10 PM	6.62	0.00	7.11	0.00	0.00	0.00	0.00	0.00	13.73	100.00	3.39	20.76	3510	0	3198	0	0	0	0	0	6708	305.35	28.41	2.56	14.70	51.71	19.22	77.01	1.33	24.88	20.84
6/15/2015 12:20:12 PM	6.10	0.00	7.46	0.12	0.00	0.00	0.00	0.00	13.67	100.00	3.53	20.67	3232	0	3356	3	0	0	0	0	6592	302.94	29.64	5.28	16.27	54.22	21.05	74.69	1.35	24.90	20.89
6/15/2015 12:20:15 PM	7.20	0.00	7.24	0.18	0.00	0.00	0.00	0.00	14.62	100.00	3.65	20.36	3818	0	3257	5	0	0	0	0	7080	305.19	30.10	4.45	15.53	58.21	23.48	78.12	1.36	24.91	20.90
6/15/2015 12:20:18 PM	8.06	0.00	6.19	0.91	0.00	0.00	0.00	0.03	15.15	100.00	3.79	19.22	4272	0	2785	27	0	0	0	0	7083	304.15	29.84	6.86	18.40	60.28	24.58	78.86	1.37	24.93	20.90
6/15/2015 12:20:21 PM	8.80	0.49	6.49	0.77	0.00	0.00	0.00	0.08	16.54	100.00	3.88	19.03	4663	489	2921	23	0	0	0	0	8095	304.83	31.61	8.41	24.68	65.67	26.50	83.54	1.38	24.94	20.92
6/15/2015 12:20:23 PM	7.83	0.32	7.91	0.88	0.00	0.00	0.00	0.04	16.93	100.00	4.03	18.93	4148	317	3558	26	0	0	0	0	8049	304.63	35.74	7.21	24.20	67.90	28.05	87.90	1.39	24.93	20.92
6/15/2015 12:20:26 PM	10.32	0.87	8.31	1.96	0.00	0.00	0.00	0.00	21.46	100.00	4.15	18.18	5471	869	3739	59	0	0	0	0	10138	302.88	42.98	9.19	33.75	80.86	39.14	107.65	1.41	24.96	20.93
6/15/2015 12:20:29 PM	12.31	1.55	9.88	2.71	0.00	0.00	0.00	0.00	26.45	100.00	4.30	17.50	6526	1547	4448	81	0	0	0	0	12602	298.85	52.88	12.38	44.13	98.76	50.46	129.82	1.42	24.97	20.96
6/15/2015 12:20:32 PM	12.60	3.59	25.09	3.86	0.00	0.00	0.00	0.00	45.13	100.00	4.44	17.09	6676	3588	11289	116	0	0	0	0	21668	291.12	109.04	22.11	81.09	174.23	90.27	230.08	1.43	24.97	20.94
6/15/2015 12:20:35 PM	4.84	7.03	45.64	8.51	0.00	0.00	0.00	0.00	66.02	99.76	4.58	16.75	2567	7031	20537	255	0	0	0	0	30390	280.08	189.68	36.97	133.66	257.27	152.80	346.10	1.45	24.98	20.96
6/15/2015 12:20:37 PM	5.05	8.75	44.64	7.44	0.00	0.00	0.00	0.00	65.89	99.09	4.69	16.40	2678	8754	20088	223	0	0	0	0	31744	278.20	184.84	37.63	140.41	254.00	156.09	334.71	1.46	24.98	21.00
6/15/2015 12:20:40 PM	5.57	9.39	36.08	7.26	0.00	0.00	0.00	0.00	58.31	99.38	4.84	16.08	2952	9391	16238	218	0	0	0	0	28799	279.00	157.10	34.11	132.56	217.65	146.24	284.23	1.47	24.98	20.99
6/15/2015 12:20:43 PM	5.64	10.31	29.96	6.11	0.00	0.00	0.00	0.27	52.02	100.00	4.98	15.49	2991	10306	13483	183	0	0	0	0	26963	280.93	135.00	31.75	127.03	195.13	136.86	243.28	1.49	24.98	21.03
6/15/2015 12:20:46 PM	6.41	10.58	19.51	5.71	0.00	0.00	0.00	0.09	42.22	100.00	5.13	15.08	3397	10582	8781	171	0	0	0	0	22932	280.98	99.58	27.12	114.04	146.19	121.22	179.46	1.50	24.97	21.00
6/15/2015 12:20:49 PM	5.76	9.96	13.29	4.94	0.00	0.00	0.00	0.03	33.96	100.00	5.28	14.83	3054	9959	5982	148	0	0	0	0	19143	282.50	75.22	22.14	98.73	111.18	104.46	133.97	1.52	24.97	21.00
6/15/2015 12:20:51 PM	3.75	8.19	8.76	4.20	0.00	0.00	0.00	0.10	24.91	100.00	5.44	14.16	1987	8194	3944	126	0	0	0	0	14251	283.88	54.76	17.19	77.44	80.63	82.64	93.92	1.53	24.97	21.00
6/15/2015 12:20:54 PM	3.51	7.14	7.13	3.77	0.00	0.00	0.00	0.00	21.54	100.00	5.64	13.75	1860	7136	3207	113	0	0	0	0	12316	284.62	46.34	14.82	67.20	67.28	72.20	79.45	1.55	24.96	21.02
6/15/2015 12:20:57 PM	2.15	6.26	6.16	2.65	0.00	0.00	0.00	0.07	17.23	100.00	5.76	13.64	1140	6259	2773	80	0	0	0	0	10251	285.32	37.70	12.32	56.47	54.79	59.46	62.36	1.56	24.94	21.04
6/15/2015 12:21:00 PM	2.51	5.86	5.76	2.65	0.00	0.00	0.00	0.03	16.78	100.00	5.82	13.46	1328	5858	2593	80	0	0	0	0	9858	285.72	36.14	11.39	53.61	52.79	57.27	60.98	1.57	24.93	21.04
6/15/2015 12:21:02 PM	2.08	4.82	4.40	2.53	0.00	0.00	0.00	0.10	13.83	100.00	6.05	13.32	1103	4817	1982	76	0	0	0	0	7978	286.83	30.09	10.12	44.65	45.04	48.36	50.67	1.59	24.91	21.03
6/15/2015 12:21:05 PM	1.77	4.26	4.68	2.31	0.00	0.00	0.00	0.12	13.03	100.00	6.20	12.68	940	4257	2106	69	0	0	0	0	7373	288.82	29.52	9.46	40.73	44.02	44.46	49.90	1.61	24.90	21.02
6/15/2015 12:21:08 PM	1.40	3.34	4.42	1.69	0.00	0.00	0.00	0.18	10.84	100.00	6.44	11.68	740	3337	1990	51	0	0	0	0	6118	291.71	25.58	7.61	32.78	39.65	36.03	43.92	1.63	24.87	21.02
6/15/2015 12:21:11 PM	0.56	1.77	4.93	1.17	0.00	0.00	0.00	0.32	8.43	100.00	6.64	10.92	296	1768	2220	35	0	0	0	0	4319	297.31	23.77	5.64	21.64	38.32	25.28	41.70	1.65	24.85	21.04
6/15/2015 12:21:14 PM	0.53	1.87	5.10	0.92	0.00	0.00	0.00	0.34	8.42	100.00	6.69	10.83	283	1869	2295	28	0	0	0	0	4474	298.60	23.59	5.74	21.99	38.62	24.81	41.53	1.66	24.83	21.03
6/15/2015 12:21:16 PM	0.57	2.00	4.72	1.08	0.00	0.00	0.00	0.32	8.37	100.00	6.77	11.06	300	2004	2122	33	0	0	0	0	4459	296.83	22.97	5.83	22.68	37.29	25.74	39.98	1.66	24.80	21.03
6/15/2015 12:21:19 PM	0.77	2.11	4.72	1.21	0.00	0.00	0.00	0.33	8.81	100.00	6.78	11.20	410	2110	2126	36	0	0	0	0	4681	296.83	23.68	6.31	23.92	38.77	26.98	41.68	1.66	24.76	21.02
6/15/2015 12:21:22 PM	0.55	2.25	4.78	1.36	0.00	0.00	0.00	0.32	8.95	100.00	6.87	11.49	290	2255	2153	41	0	0	0	0	4739	296.67	24.38	6.36	24.93	38.89	28.43	41.80	1.67	24.72	21.01
6/15/2015 12:21:25 PM	0.37	1.66	5.59	1.02	0.00	0.00	0.00	0.35	8.64	100.00	7.08	10.67	194	1661	2515	31	0	0	0	0	4401	298.32	25.25	5.67	21.37	40.44	24.84	44.29	1.69	24.69	21.00
6/15/2015 12:21:28 PM	0.41	1.69	5.87	0.87	0.00	0.00	0.00	0.34	8.84	100.00	7.10	10.51	219	1690	2643	26	0	0	0	0	4578	298.43	25.66	6.00	21.76	41.17	24.58	45.37	1.70	24.65	21.00
6/15/2015 12:21:30 PM	0.07	1.69	5.81	1.14	0.00	0.00	0.00	0.38	8.71	100.00	7.11	11.37	38	1688	2614	34	0	0	0	0	4374	298.54	26.28	6.10	21.88	41.65	25.44	45.27	1.70	24.62	21.02
6/15/2015 12:21:33 PM	0.51	1.63	5.08	1.16	0.00	0.00	0.00	0.36	8.38	100.00	7.14	11.89	268	1629	2287	35	0	0	0	0	4219	298.77	24.14	5.73	20.97	39.31	24.59	42.61	1.70	24.58	20.99
6/15/2015 12:21:36 PM	0.10	1.55	5.98	1.09	0.00	0.00	0.00	0.36	8.73	100.00	7.38	11.21	52	1552	2693	33	0	0	0	0	4329	298.46	26.48	5.97	21.16	41.54	24.76	45.89	1.72	24.54	21.00
6/15/2015 12:21:39 PM	0.00	1.40	8.30	1.20	0.00	0.00	0.00	0.29	10.90	100.00	7.59	10.29	0	1402	3734	36	0	0	0	0	5171	298.18	34.39	6.96	23.57	50.35	27.74	59.21	1.74	24.49	20.96
6/15/2015 12:21:42 PM	0.00	1.40	7.79	1.21	0.00	0.00	0.00	0.31	10.40	100.00	7.69	10.31	0	1400	3508	36	0	0	0	0	4944	298.09	32.50	6.61	22.83	48.53	27.16	56.57	1.75	24.45	20.97
6/15/2015 12:21:44 PM	0.00	1.37	7.52	1.12	0.00	0.00	0.00	0.31	10.00	100.00	8.04	10.41	0	1365	3382	34	0	0	0	0	4781	297.94	31.26	6.44	22.05	46.82	26.08	54.34	1.79	24.41	20.94
6/15/2015 12:21:47 PM	0.07	1.45	8.11	0.96	0.00	0.00	0.00	0.28	10.60	100.00	8.15	10.21	39	1454	3652	29	0	0	0	0	5174	297.63	32.69	6.70	23.19	48.79	26.80	57.36	1.80	24.37	20.96
6/15/2015 12:21:50 PM	0.08	1.34	8.13	1.14	0.00	0.00	0.00	0.27	10.70	100.00	8.41	10.28	44	1344	3657	34	0	0	0	0	5079	298.60	33.22	6.61	22.86	49.11	27.15	58.25	1.82	24.30	20.94
6/15/2015 12:21:53 PM	0.00	1.57	8.18	0.79	0.00	0.00	0.00	0.28	10.54	100.00	8.51	10.12	0	1568	3679	24	0	0	0	0	5271	298.13	32.46	6.77	23.58	48.26	26.55	56.46	1.83	24.26	20.92
6/15/2015 12:21:55 PM	0.00	1.34	7.98	1.19	0.00	0.00	0.00	0.30	10.51	100.00	8.73	10.20	0	1345	3590	36	0	0	0	0	4970	297.58	33.20	6.74	22.73	48.85	26.89	57.23	1.86	24.20	20.92
6/15/2015 12:21:58 PM	0.00	1.42	8.20	1.01	0.00	0.00	0.00	0.28	10.63	100.00	9.08	10.09	0	1419	3692	30	0	0	0	0	5141	297.70	33.17	6.77	23.13	49.00	26.85	57.72	1.89	24.15	20.93
6/15/2015 12:22:01 PM	0.00	1.36	7.94	1.05	0.00	0.00	0.00	0.30	10.35	100.00	9.28	10.06	0	1358	3573	32	0	0	0	0	4962	297.73	32.64	6.75	22.53	48.36	26.23	56.40	1.91	24.09	20.89
6/15/2015 12:22:04 PM	0.00	1.39	7.56	0.95	0.00	0.00	0.00	0.31	9.90	100.00	9.59	9.96	0	1390	3402	29	0	0	0	0	4821	297.82	30.82	6.30	21.91	46.50	25.55	53.84	1.94	24.03	20.88
6/15/2015 12:22:07 PM	0.00	1.28	7.25	1.19	0.00	0.00	0.00	0.34	9.72	100.00	9.79	9.99	0	1283	3262	36	0	0	0	0	4581	297.86	30.61	6.31	21.33	46.45	25.58	53.37	1.96	23.98	20.87
6/15/2015 12:22:09 PM	0.00	1.29	6.08	1.03	0.00	0.00	0.00	0.42	8.40	100.00	10.08	10.18	0	1286	2738	31	0	0	0	0	4055	297.88	26.54	5.55	19.38	42.53	23.24	46.29	1.99	23.91	20.83
6/15/2015 12:22:12 PM	0.11	1.36	4.01	0.87	0.00	0.00	0.00	0.55	6.35	100.00	10.41	10.02	58	1363	1805	26	0	0	0	0	3253	295.78	19.68	4.70	16.82	36.02	19.91	34.65	2.02	23.84	20.83
6/15/2015 12:22:15 PM	0.19	1.45	3.18	0.77	0.00	0.00	0.00	0.60	5.60	100.00	10.60	9.99	103	1454	1429	23	0	0	0	0	3010	296.29	16.93	4.34	16.14	33.54	18.83	30.00	2.04	23.80	20.81
6/15/2015 12:22:18 PM	2.30	4.01	4.31	0.57	0.00	0.00	0.00	0.00	11.20	87.25	10.74	9.94	1220	4012	1941	17	0	0	0	0	7191	244.94	22.01	7.16	36.07	33.51	34.82	41.50	2.05	23.73	20.79
