Date/Time	Green Algae	Bluegreen	Diatoms	Cryptophyta	#4	#5	#6	Yellow substances	Total conc.	Transmission	Depth	Temp. Sample	Green Algae	Bluegreen	Diatoms	Cryptophyta	#4	#5	#6	Yellow substances	Total cell count	Trans. 700 nm	LED 3 [525 nm]	LED 4 [570 nm]	LED 5 [610 nm]	LED 6 [370 nm]	LED 7 [590 nm]	LED 8 [470 nm]	Pressure	Temp. LEDs	Temp. Sensor
date	µg/l	µg/l	µg/l	µg/l	µg/l	µg/l	µg/l	µg/l	µg/l	%	m	°C	cells/ml	cells/ml	cells/ml	cells/ml	cells/ml	cells/ml	cells/ml	cells/ml	cells/ml	digits	digits	digits	digits	digits	digits	digits	bar	°C	°C
6/4/2015 10:31:54 AM	0.04	1.06	0.00	0.00	0.00	0.00	0.00	0.00	1.10	62.25	0.27	17.19	20	1065	0	0	0	0	0	0	1085	174.70	-0.84	-0.61	7.12	0.79	8.72	1.38	1.03	18.70	14.80
6/4/2015 10:31:56 AM	0.00	0.40	0.00	0.00	0.00	0.00	0.00	0.00	0.40	63.52	0.24	17.18	0	404	0	0	0	0	0	0	404	178.26	0.40	0.90	2.27	1.68	4.79	-1.45	1.02	18.71	14.82
6/4/2015 10:31:59 AM	0.37	0.31	0.00	0.00	0.00	0.00	0.00	0.12	0.68	63.03	0.25	17.19	195	313	0	0	0	0	0	0	508	176.90	-1.03	-2.93	3.88	5.37	3.88	2.62	1.02	18.72	14.81
6/4/2015 10:32:02 AM	0.00	1.07	0.00	0.00	0.00	0.00	0.00	0.00	1.07	61.53	0.25	17.20	0	1073	0	0	0	0	0	0	1073	172.69	0.92	1.19	6.73	-0.17	8.98	-4.41	1.02	18.72	14.82
6/4/2015 10:32:05 AM	0.03	1.45	0.00	0.00	0.00	0.00	0.00	0.00	1.48	61.22	0.26	17.18	17	1451	0	0	0	0	0	0	1468	171.82	-0.77	-0.30	6.79	2.71	13.79	0.35	1.03	18.74	14.85
6/4/2015 10:32:08 AM	0.00	1.91	0.00	0.00	0.00	0.00	0.00	0.00	1.91	61.70	0.27	17.18	0	1906	0	0	0	0	0	0	1906	173.15	-2.45	0.75	10.43	-1.21	16.66	-0.79	1.03	18.74	14.83
6/4/2015 10:32:10 AM	0.00	1.33	0.00	0.00	0.00	0.00	0.00	0.00	1.33	61.64	0.27	17.19	0	1331	0	0	0	0	0	0	1331	173.00	-0.96	-0.04	10.75	1.11	7.97	-4.31	1.03	18.74	14.87
6/4/2015 10:32:13 AM	0.00	0.76	0.00	0.91	0.00	0.00	0.00	0.00	1.66	63.83	0.26	17.20	0	757	0	27	0	0	0	0	785	179.13	6.01	7.74	4.86	5.23	11.34	0.97	1.03	18.76	14.85
6/4/2015 10:32:16 AM	0.13	0.79	0.00	0.00	0.00	0.00	0.00	0.00	0.92	61.47	0.27	17.19	69	785	0	0	0	0	0	0	854	172.51	-0.52	-3.00	9.54	1.28	2.71	1.42	1.03	18.77	14.87
6/4/2015 10:32:19 AM	0.11	0.92	0.00	0.00	0.00	0.00	0.00	0.00	1.03	63.69	0.27	17.20	56	919	0	0	0	0	0	0	976	178.74	-3.93	0.09	6.77	2.56	7.44	0.80	1.03	18.77	14.85
6/4/2015 10:32:22 AM	0.31	0.97	0.00	0.00	0.00	0.00	0.00	0.00	1.28	62.54	0.26	17.19	165	968	0	0	0	0	0	0	1133	175.53	0.83	-0.10	10.09	0.45	4.49	3.37	1.03	18.78	14.90
6/4/2015 10:32:24 AM	0.00	1.04	0.00	0.00	0.00	0.00	0.00	0.00	1.04	62.60	0.27	17.20	0	1039	0	0	0	0	0	0	1039	175.68	-6.09	-5.93	4.03	1.44	13.83	-1.29	1.03	18.79	14.91
6/4/2015 10:32:27 AM	0.02	1.42	0.46	0.00	0.00	0.00	0.00	0.00	1.90	62.85	0.27	17.19	9	1425	208	0	0	0	0	0	1642	176.40	3.59	-0.89	11.40	4.37	9.14	3.11	1.03	18.80	14.91
6/4/2015 10:32:30 AM	0.00	0.47	0.00	0.00	0.00	0.00	0.00	0.03	0.47	60.41	0.27	17.20	0	468	0	0	0	0	0	0	468	169.53	5.58	2.98	3.47	2.80	2.93	-3.13	1.03	18.80	14.95
6/4/2015 10:32:33 AM	0.00	1.23	0.00	0.00	0.00	0.00	0.00	0.00	1.23	60.60	0.28	17.21	0	1234	0	0	0	0	0	0	1234	170.06	1.55	3.35	7.88	-1.02	9.41	-2.76	1.03	18.81	14.91
6/4/2015 10:32:35 AM	0.00	1.09	0.00	0.00	0.00	0.00	0.00	0.00	1.09	61.12	0.26	17.20	0	1094	0	0	0	0	0	0	1094	171.53	-2.16	3.39	5.32	3.61	10.16	-5.03	1.03	18.81	14.92
6/4/2015 10:32:38 AM	0.00	0.79	0.00	0.00	0.00	0.00	0.00	0.00	0.79	63.92	0.27	17.21	0	791	0	0	0	0	0	0	791	179.39	2.24	-0.08	5.36	-2.14	7.11	-0.70	1.03	18.82	14.92
6/4/2015 10:32:41 AM	0.00	0.68	0.00	0.00	0.00	0.00	0.00	0.00	0.68	62.84	0.27	17.21	0	676	0	0	0	0	0	0	676	176.35	-2.49	-4.75	5.96	-1.24	6.33	1.24	1.03	18.83	14.94
6/4/2015 10:32:44 AM	0.00	0.40	0.23	0.00	0.00	0.00	0.00	0.00	0.64	62.77	0.28	17.17	0	404	106	0	0	0	0	0	509	176.17	3.56	-1.26	2.75	1.95	5.12	0.38	1.03	18.84	14.96
6/4/2015 10:32:47 AM	3.89	0.24	2.45	1.81	0.00	0.00	0.00	0.33	8.39	100.00	0.69	20.20	2063	244	1102	54	0	0	0	0	3464	310.61	18.67	6.40	14.39	39.30	18.69	44.54	1.07	18.84	14.95
6/4/2015 10:32:49 AM	4.73	0.31	4.11	0.36	0.00	0.00	0.00	0.02	9.52	100.00	0.86	21.02	2509	314	1848	11	0	0	0	0	4682	308.17	19.05	4.29	14.24	37.88	16.54	48.08	1.08	18.85	14.92
6/4/2015 10:32:52 AM	4.00	0.39	4.41	0.73	0.00	0.00	0.00	0.08	9.54	100.00	0.99	21.09	2120	393	1985	22	0	0	0	0	4520	309.34	21.16	2.79	14.54	39.28	19.48	49.02	1.10	18.87	14.97
6/4/2015 10:32:55 AM	4.97	0.00	2.89	1.81	0.00	0.00	0.00	0.09	9.67	100.00	1.14	21.03	2632	0	1301	54	0	0	0	0	3987	309.23	19.89	6.48	13.94	39.21	19.30	49.72	1.11	18.88	14.94
6/4/2015 10:32:58 AM	4.95	0.04	3.12	1.52	0.00	0.00	0.00	0.06	9.63	100.00	1.33	21.01	2624	35	1405	46	0	0	0	0	4110	309.41	19.78	4.16	13.69	38.54	19.44	49.10	1.13	18.89	14.99
6/4/2015 10:33:01 AM	4.76	0.20	3.23	1.29	0.00	0.00	0.00	0.16	9.48	100.00	1.51	21.05	2522	197	1455	39	0	0	0	0	4211	311.95	19.61	5.53	14.67	40.09	18.52	48.85	1.15	18.91	14.97
6/4/2015 10:33:03 AM	4.46	0.29	3.77	0.97	0.00	0.00	0.00	0.06	9.49	100.00	1.71	21.13	2362	290	1698	29	0	0	0	0	4379	309.93	19.92	4.44	14.58	38.25	18.54	48.19	1.17	18.92	15.00
6/4/2015 10:33:06 AM	4.51	0.03	3.52	1.34	0.00	0.00	0.00	0.01	9.39	100.00	1.93	21.08	2388	28	1583	40	0	0	0	0	4039	312.32	19.89	4.78	13.53	37.02	18.22	48.12	1.19	18.93	14.98
6/4/2015 10:33:09 AM	4.95	0.45	3.91	0.53	0.00	0.00	0.00	0.00	9.85	100.00	2.07	21.01	2626	452	1760	16	0	0	0	0	4854	310.90	19.20	3.80	15.46	37.36	18.25	49.01	1.20	18.95	15.04
6/4/2015 10:33:12 AM	4.35	0.43	4.15	0.38	0.00	0.00	0.00	0.01	9.31	100.00	2.25	21.00	2304	426	1869	11	0	0	0	0	4610	311.28	19.12	3.43	14.30	36.74	17.40	46.63	1.22	18.97	15.01
6/4/2015 10:33:15 AM	5.07	0.12	3.45	0.89	0.00	0.00	0.00	0.03	9.53	100.00	2.37	21.01	2690	120	1551	27	0	0	0	0	4387	309.52	18.75	4.59	13.70	37.81	17.19	48.27	1.23	18.98	15.04
6/4/2015 10:33:17 AM	4.43	0.22	4.17	0.70	0.00	0.00	0.00	0.01	9.52	100.00	2.53	20.96	2346	222	1875	21	0	0	0	0	4464	309.81	20.03	4.37	14.09	37.75	17.41	48.59	1.25	19.00	15.04
6/4/2015 10:33:20 AM	4.64	0.15	3.13	1.14	0.00	0.00	0.00	0.15	9.06	100.00	2.66	20.96	2460	155	1409	34	0	0	0	0	4058	311.09	18.63	4.91	13.67	38.54	17.50	46.87	1.26	19.01	15.06
6/4/2015 10:33:23 AM	4.39	0.35	3.67	0.80	0.00	0.00	0.00	0.03	9.21	100.00	2.85	21.02	2327	353	1649	24	0	0	0	0	4353	310.53	18.85	4.78	14.53	36.36	17.53	46.11	1.28	19.02	15.04
6/4/2015 10:33:26 AM	4.47	0.20	4.04	0.62	0.00	0.00	0.00	0.00	9.34	100.00	2.96	21.07	2371	204	1819	19	0	0	0	0	4412	310.27	19.33	3.97	13.72	36.57	16.88	47.78	1.29	19.05	15.07
6/4/2015 10:33:28 AM	4.52	0.67	5.17	0.81	0.00	0.00	0.00	0.08	11.16	100.00	3.13	20.81	2394	669	2325	24	0	0	0	0	5413	310.43	24.47	4.72	18.45	45.06	22.36	56.39	1.31	19.06	15.08
6/4/2015 10:33:31 AM	4.77	0.85	6.38	1.98	0.00	0.00	0.00	0.09	13.98	100.00	3.27	20.53	2528	845	2873	59	0	0	0	0	6305	306.73	32.76	8.05	24.58	55.96	30.00	71.04	1.32	19.08	15.09
6/4/2015 10:33:34 AM	4.37	1.56	6.05	1.40	0.00	0.00	0.00	0.22	13.38	100.00	3.40	20.29	2316	1555	2725	42	0	0	0	0	6638	306.31	30.55	7.50	26.77	54.81	30.61	65.72	1.33	19.10	15.09
6/4/2015 10:33:37 AM	4.45	1.79	4.86	1.93	0.00	0.00	0.00	0.32	13.03	100.00	3.52	19.80	2359	1786	2189	58	0	0	0	0	6392	304.56	29.06	7.93	27.92	54.26	32.53	62.60	1.35	19.12	15.08
6/4/2015 10:33:40 AM	4.49	1.81	5.49	1.60	0.00	0.00	0.00	0.26	13.39	100.00	3.55	19.51	2380	1810	2470	48	0	0	0	0	6708	304.05	29.85	7.66	28.15	54.66	32.21	64.28	1.35	19.13	15.10
6/4/2015 10:33:42 AM	4.41	2.03	5.50	1.46	0.00	0.00	0.00	0.29	13.40	100.00	3.71	19.33	2340	2027	2475	44	0	0	0	0	6886	304.63	29.65	8.24	29.33	54.94	32.44	63.69	1.36	19.16	15.13
6/4/2015 10:33:45 AM	4.34	2.15	4.32	1.66	0.00	0.00	0.00	0.35	12.46	100.00	3.93	18.70	2298	2150	1942	50	0	0	0	0	6440	303.10	26.71	7.46	28.62	51.57	32.45	57.71	1.39	19.16	15.13
6/4/2015 10:33:48 AM	4.50	2.47	3.87	1.50	0.00	0.00	0.00	0.44	12.34	100.00	4.15	17.99	2387	2468	1740	45	0	0	0	0	6639	303.54	25.50	7.06	29.75	52.17	33.26	55.97	1.41	19.18	15.11
6/4/2015 10:33:51 AM	4.73	2.94	3.33	1.70	0.00	0.00	0.00	0.51	12.70	100.00	4.39	17.38	2507	2937	1499	51	0	0	0	0	6994	303.26	25.24	8.10	32.86	53.39	35.86	55.53	1.43	19.19	15.17
6/4/2015 10:33:54 AM	4.83	2.95	3.49	1.64	0.00	0.00	0.00	0.52	12.92	100.00	4.53	17.14	2561	2954	1573	49	0	0	0	0	7136	302.89	25.71	7.57	32.98	54.37	36.34	56.68	1.44	19.22	15.14
6/4/2015 10:33:56 AM	5.14	2.95	3.05	1.81	0.00	0.00	0.00	0.52	12.95	100.00	4.71	16.84	2724	2945	1371	54	0	0	0	0	7095	303.13	25.05	8.03	33.18	54.14	36.52	56.28	1.46	19.22	15.22
6/4/2015 10:33:59 AM	5.09	3.12	2.96	1.71	0.00	0.00	0.00	0.53	12.88	100.00	4.83	16.46	2699	3120	1330	51	0	0	0	0	7200	301.96	24.56	8.14	33.90	53.73	36.74	55.16	1.47	19.24	15.18
6/4/2015 10:34:02 AM	4.66	2.88	2.93	1.29	0.00	0.00	0.00	0.49	11.76	100.00	5.00	16.29	2469	2878	1321	39	0	0	0	0	6706	301.40	22.36	7.28	30.89	49.41	33.04	50.49	1.49	19.26	15.23
6/4/2015 10:34:05 AM	4.58	2.83	2.19	1.35	0.00	0.00	0.00	0.49	10.96	100.00	5.23	15.74	2428	2834	986	41	0	0	0	0	6289	300.47	20.05	6.78	29.57	45.93	31.99	45.91	1.51	19.27	15.20
6/4/2015 10:34:07 AM	4.88	3.05	2.14	1.35	0.00	0.00	0.00	0.49	11.42	100.00	5.41	15.27	2588	3048	965	40	0	0	0	0	6641	300.92	20.33	7.06	31.19	47.11	33.35	47.04	1.53	19.27	15.24
6/4/2015 10:34:10 AM	5.08	2.99	2.03	1.45	0.00	0.00	0.00	0.47	11.55	100.00	5.52	14.95	2693	2985	915	44	0	0	0	0	6636	300.55	20.32	7.05	31.06	47.05	33.53	47.52	1.54	19.29	15.24
6/4/2015 10:34:13 AM	4.75	3.03	1.77	1.44	0.00	0.00	0.00	0.49	10.99	100.00	5.67	15.02	2518	3033	795	43	0	0	0	0	6389	299.35	19.31	6.69	30.53	45.31	33.11	44.62	1.56	19.30	15.25
6/4/2015 10:34:16 AM	4.37	3.00	1.81	1.43	0.00	0.00	0.00	0.50	10.61	100.00	5.82	14.60	2314	2996	815	43	0	0	0	0	6169	299.18	19.12	6.82	30.00	44.31	32.41	43.23	1.57	19.31	15.26
6/4/2015 10:34:19 AM	4.31	3.21	1.75	1.32	0.00	0.00	0.00	0.50	10.59	100.00	5.98	14.25	2285	3211	787	40	0	0	0	0	6323	298.20	18.68	6.80	30.93	43.56	32.93	42.00	1.59	19.31	15.27
6/4/2015 10:34:21 AM	4.71	3.35	2.06	1.15	0.00	0.00	0.00	0.48	11.28	100.00	6.12	13.99	2495	3353	929	35	0	0	0	0	6811	298.03	19.54	7.10	32.36	45.70	33.76	44.77	1.60	19.32	15.27
6/4/2015 10:34:24 AM	4.28	3.44	1.55	1.44	0.00	0.00	0.00	0.52	10.71	100.00	6.24	13.74	2268	3443	697	43	0	0	0	0	6451	297.88	18.70	7.02	32.33	43.73	34.41	41.49	1.61	19.34	15.28
6/4/2015 10:34:27 AM	4.13	3.68	1.30	1.42	0.00	0.00	0.00	0.52	10.52	100.00	6.40	13.36	2189	3678	584	43	0	0	0	0	6493	298.45	17.92	7.14	33.25	42.36	34.99	39.25	1.63	19.34	15.31
6/4/2015 10:34:30 AM	4.07	3.64	0.89	1.42	0.00	0.00	0.00	0.51	10.02	100.00	6.59	12.45	2156	3639	399	43	0	0	0	0	6236	297.55	16.46	6.84	32.35	39.98	34.13	36.36	1.65	19.34	15.32
6/4/2015 10:34:33 AM	4.14	3.39	0.41	1.21	0.00	0.00	0.00	0.53	9.16	100.00	6.78	11.70	2195	3392	186	36	0	0	0	0	5809	297.61	14.06	6.23	29.77	37.54	31.20	32.89	1.66	19.34	15.31
6/4/2015 10:34:35 AM	4.20	2.94	0.71	1.06	0.00	0.00	0.00	0.51	8.91	100.00	6.95	10.89	2228	2938	317	32	0	0	0	0	5515	296.55	14.05	5.83	27.08	37.62	28.55	33.94	1.68	19.34	15.34
6/4/2015 10:34:38 AM	4.28	2.42	0.86	1.03	0.00	0.00	0.00	0.49	8.59	100.00	7.15	10.17	2268	2421	385	31	0	0	0	0	5106	293.61	13.90	5.56	24.12	37.29	25.83	34.72	1.70	19.34	15.33
6/4/2015 10:34:41 AM	4.22	2.14	1.02	0.90	0.00	0.00	0.00	0.47	8.28	100.00	7.33	9.99	2235	2142	460	27	0	0	0	0	4864	292.44	13.61	5.17	22.21	36.48	23.94	34.50	1.72	19.32	15.35
6/4/2015 10:34:44 AM	4.31	1.89	1.26	0.73	0.00	0.00	0.00	0.46	8.19	100.00	7.48	10.16	2284	1890	569	22	0	0	0	0	4765	291.24	13.61	4.90	20.70	36.77	22.25	35.37	1.73	19.32	15.38
6/4/2015 10:34:47 AM	4.09	1.75	1.19	0.85	0.00	0.00	0.00	0.46	7.89	100.00	7.69	10.39	2170	1751	537	25	0	0	0	0	4483	291.11	13.47	4.98	19.80	35.87	21.63	34.54	1.75	19.31	15.36
6/4/2015 10:34:49 AM	4.33	1.77	1.32	0.77	0.00	0.00	0.00	0.46	8.19	100.00	7.86	9.96	2293	1774	593	23	0	0	0	0	4682	290.64	13.83	4.97	20.20	37.01	21.88	35.96	1.77	19.30	15.39
6/4/2015 10:34:52 AM	4.25	1.61	1.35	0.95	0.00	0.00	0.00	0.46	8.15	100.00	8.02	9.89	2252	1607	608	28	0	0	0	0	4496	289.49	14.31	4.91	19.47	37.26	21.78	36.65	1.79	19.30	15.37
6/4/2015 10:34:55 AM	4.19	1.69	1.47	0.80	0.00	0.00	0.00	0.46	8.15	100.00	8.22	9.87	2220	1694	661	24	0	0	0	0	4600	290.35	14.25	4.92	19.80	37.30	21.68	36.43	1.81	19.28	15.40
6/4/2015 10:34:58 AM	4.19	1.68	1.50	0.72	0.00	0.00	0.00	0.49	8.09	100.00	8.37	9.69	2220	1678	676	22	0	0	0	0	4595	290.40	14.18	4.84	19.58	37.83	21.32	36.53	1.82	19.27	15.39
6/4/2015 10:35:00 AM	3.91	1.60	1.31	0.81	0.00	0.00	0.00	0.52	7.64	100.00	8.62	9.50	2073	1601	589	24	0	0	0	0	4287	291.81	13.68	4.66	18.72	36.94	20.80	34.88	1.84	19.25	15.38
6/4/2015 10:35:03 AM	3.94	1.60	1.19	0.71	0.00	0.00	0.00	0.53	7.45	100.00	8.87	9.36	2090	1605	534	21	0	0	0	0	4249	293.06	12.98	4.49	18.38	36.32	20.22	33.83	1.87	19.26	15.37
6/4/2015 10:35:06 AM	4.24	1.62	1.15	0.77	0.00	0.00	0.00	0.55	7.79	100.00	9.04	9.51	2248	1624	517	23	0	0	0	0	4413	292.56	13.36	4.71	18.96	37.81	20.82	35.42	1.89	19.23	15.39
6/4/2015 10:35:09 AM	4.47	1.64	1.14	0.81	0.00	0.00	0.00	0.49	8.05	100.00	9.25	9.89	2367	1640	511	24	0	0	0	0	4541	291.12	13.44	4.70	19.30	37.37	21.29	35.95	1.91	19.22	15.38
6/4/2015 10:35:12 AM	4.40	1.69	1.12	0.76	0.00	0.00	0.00	0.48	7.97	100.00	9.47	9.67	2331	1694	502	23	0	0	0	0	4550	290.44	13.16	4.72	19.44	36.67	21.22	35.17	1.93	19.20	15.42
6/4/2015 10:35:14 AM	4.16	1.66	1.05	0.82	0.00	0.00	0.00	0.50	7.69	100.00	9.66	9.43	2206	1662	474	24	0	0	0	0	4366	292.27	13.02	4.71	19.04	36.28	20.97	34.26	1.95	19.17	15.41
6/4/2015 10:35:17 AM	4.42	1.67	0.96	0.78	0.00	0.00	0.00	0.51	7.82	100.00	9.84	9.32	2340	1666	432	23	0	0	0	0	4461	291.63	12.80	4.73	19.16	36.70	20.94	34.69	1.96	19.16	15.43
6/4/2015 10:35:20 AM	4.21	1.65	0.87	0.77	0.00	0.00	0.00	0.54	7.50	100.00	10.02	9.34	2231	1653	391	23	0	0	0	0	4298	292.94	12.41	4.51	18.67	36.19	20.56	33.44	1.98	19.13	15.40
6/4/2015 10:35:23 AM	4.02	1.60	0.65	0.86	0.00	0.00	0.00	0.48	7.13	100.00	10.35	9.12	2131	1602	290	26	0	0	0	0	4049	288.96	11.60	4.45	18.01	33.54	20.07	31.13	2.01	19.11	15.41
6/4/2015 10:35:26 AM	6.13	2.35	0.58	1.96	0.00	0.00	0.00	0.23	11.02	99.17	10.60	9.22	3248	2351	260	59	0	0	0	0	5918	278.43	16.60	7.21	27.45	39.83	30.71	43.44	2.04	19.08	15.41
6/4/2015 10:35:28 AM	13.33	6.53	0.15	4.25	0.00	0.00	0.00	0.00	24.26	90.22	10.82	9.33	7066	6528	69	128	0	0	0	0	13790	253.28	31.42	15.10	67.81	67.36	69.28	86.61	2.06	19.06	15.41
