Date/Time	Green Algae	Bluegreen	Diatoms	Cryptophyta	#4	#5	#6	Yellow substances	Total conc.	Transmission	Depth	Temp. Sample	Green Algae	Bluegreen	Diatoms	Cryptophyta	#4	#5	#6	Yellow substances	Total cell count	Trans. 700 nm	LED 3 [525 nm]	LED 4 [570 nm]	LED 5 [610 nm]	LED 6 [370 nm]	LED 7 [590 nm]	LED 8 [470 nm]	Pressure	Temp. LEDs	Temp. Sensor
date	µg/l	µg/l	µg/l	µg/l	µg/l	µg/l	µg/l	µg/l	µg/l	%	m	°C	cells/ml	cells/ml	cells/ml	cells/ml	cells/ml	cells/ml	cells/ml	cells/ml	cells/ml	digits	digits	digits	digits	digits	digits	digits	bar	°C	°C
6/19/2015 1:21:25 PM	0.42	0.90	0.90	0.00	0.00	0.00	0.00	0.00	2.22	54.25	0.27	25.89	222	904	405	0	0	0	0	0	1531	152.23	5.05	-4.31	9.27	6.25	8.11	8.02	1.03	22.32	19.15
6/19/2015 1:21:28 PM	4.25	0.00	0.76	0.00	0.00	0.00	0.00	0.00	5.01	100.00	0.83	27.67	2253	0	343	0	0	0	0	0	2596	288.79	5.20	4.50	6.44	14.06	5.30	27.82	1.08	22.37	19.15
6/19/2015 1:21:31 PM	2.76	0.00	0.46	1.48	0.00	0.00	0.00	0.00	4.70	100.00	1.11	27.61	1464	0	206	44	0	0	0	0	1714	292.89	8.54	6.11	8.08	16.59	10.55	23.13	1.11	22.42	19.21
6/19/2015 1:21:33 PM	1.94	0.00	1.18	1.57	0.00	0.00	0.00	0.00	4.69	100.00	1.27	27.70	1030	0	533	47	0	0	0	0	1609	295.06	10.53	4.86	6.04	16.41	12.76	25.23	1.12	22.46	19.15
6/19/2015 1:21:36 PM	2.12	0.18	1.70	1.19	0.00	0.00	0.00	0.00	5.19	100.00	1.53	27.64	1124	180	764	36	0	0	0	0	2103	300.87	11.59	4.37	9.34	19.74	12.40	25.76	1.15	22.52	19.20
6/19/2015 1:21:39 PM	0.13	0.01	3.58	0.00	0.00	0.00	0.00	0.00	3.71	100.00	1.80	27.57	67	5	1611	0	0	0	0	0	1683	304.89	12.25	0.42	6.45	15.92	7.06	22.92	1.18	22.57	19.17
6/19/2015 1:21:42 PM	0.65	0.38	3.52	0.00	0.00	0.00	0.00	0.00	4.54	100.00	2.05	27.48	342	378	1584	0	0	0	0	0	2304	302.33	12.99	-2.47	9.56	16.59	10.11	25.97	1.20	22.60	19.23
6/19/2015 1:21:44 PM	1.08	0.00	2.20	0.94	0.00	0.00	0.00	0.00	4.22	100.00	2.24	27.38	574	0	991	28	0	0	0	0	1593	298.34	11.66	0.06	4.85	17.05	12.61	23.10	1.22	22.64	19.24
6/19/2015 1:21:47 PM	2.16	0.00	1.75	0.00	0.00	0.00	0.00	0.01	3.91	100.00	2.48	27.34	1145	0	786	0	0	0	0	0	1931	302.12	7.70	1.39	3.71	16.10	6.30	20.87	1.24	22.69	19.25
6/19/2015 1:21:50 PM	1.41	0.00	2.10	0.29	0.00	0.00	0.00	0.09	3.80	100.00	2.72	27.26	748	0	946	9	0	0	0	0	1702	300.48	9.39	3.55	5.10	17.89	7.61	21.31	1.27	22.74	19.23
6/19/2015 1:21:53 PM	2.47	0.00	0.88	0.64	0.00	0.00	0.00	0.04	3.99	100.00	2.94	27.12	1308	0	397	19	0	0	0	0	1724	300.99	7.45	1.26	5.26	16.27	9.46	19.70	1.29	22.76	19.26
6/19/2015 1:21:56 PM	2.78	0.02	1.78	0.00	0.00	0.00	0.00	0.01	4.58	100.00	3.20	26.72	1475	18	800	0	0	0	0	0	2293	301.86	8.26	2.79	6.40	18.57	7.18	23.07	1.31	22.82	19.29
6/19/2015 1:21:58 PM	3.21	0.00	8.07	0.00	0.00	0.00	0.00	0.00	11.28	100.00	3.46	24.64	1700	0	3631	0	0	0	0	0	5331	299.74	28.63	7.55	11.05	46.23	18.21	65.57	1.34	22.86	19.31
6/19/2015 1:22:01 PM	4.31	0.00	4.61	0.16	0.00	0.00	0.00	0.12	9.08	100.00	3.83	22.47	2285	0	2074	5	0	0	0	0	4364	302.57	19.57	3.84	9.31	39.48	15.62	49.72	1.37	22.90	19.32
6/19/2015 1:22:04 PM	5.18	0.02	2.60	0.13	0.00	0.00	0.00	0.07	7.94	100.00	4.20	20.96	2747	23	1170	4	0	0	0	0	3944	301.41	13.60	2.08	9.94	32.52	12.79	40.10	1.41	22.94	19.32
6/19/2015 1:22:07 PM	4.26	0.25	2.39	0.14	0.00	0.00	0.00	0.15	7.04	100.00	4.48	20.04	2260	250	1075	4	0	0	0	0	3590	299.39	12.68	2.59	10.29	30.47	12.50	35.59	1.44	22.98	19.35
6/19/2015 1:22:10 PM	5.03	0.00	1.60	0.54	0.00	0.00	0.00	0.13	7.17	100.00	4.78	19.39	2664	0	721	16	0	0	0	0	3401	301.78	11.70	2.71	9.27	30.18	12.56	36.00	1.47	23.00	19.38
6/19/2015 1:22:12 PM	3.92	0.07	1.75	0.53	0.00	0.00	0.00	0.31	6.27	100.00	5.04	18.32	2080	71	786	16	0	0	0	0	2953	302.94	11.97	2.61	8.87	31.07	12.04	33.65	1.49	23.04	19.42
6/19/2015 1:22:15 PM	4.93	0.14	1.87	0.49	0.00	0.00	0.00	0.18	7.43	100.00	5.33	16.78	2612	141	842	15	0	0	0	0	3610	300.49	12.67	2.93	10.47	32.35	13.36	37.51	1.52	23.07	19.40
6/19/2015 1:22:18 PM	5.75	0.00	2.50	0.40	0.00	0.00	0.00	0.04	8.64	100.00	5.65	15.22	3048	0	1124	12	0	0	0	0	4184	301.84	14.43	3.16	10.90	34.41	13.98	43.20	1.55	23.09	19.39
6/19/2015 1:22:21 PM	4.51	0.52	3.66	1.16	0.00	0.00	0.00	0.07	9.86	100.00	5.99	13.79	2392	522	1648	35	0	0	0	0	4597	300.77	20.49	5.04	16.44	39.19	20.43	48.90	1.59	23.11	19.40
6/19/2015 1:22:23 PM	3.34	0.66	5.31	1.46	0.00	0.00	0.00	0.13	10.77	100.00	6.36	12.40	1769	658	2390	44	0	0	0	0	4861	299.67	26.37	6.07	19.02	45.03	23.80	55.83	1.62	23.13	19.43
6/19/2015 1:22:26 PM	3.65	0.77	4.75	3.18	0.00	0.00	0.00	0.16	12.36	100.00	6.65	12.05	1936	772	2139	95	0	0	0	0	4943	297.21	30.72	8.59	23.37	50.29	31.23	62.77	1.65	23.14	19.44
6/19/2015 1:22:29 PM	2.79	2.28	4.58	3.32	0.00	0.00	0.00	0.18	12.98	100.00	7.02	11.38	1480	2285	2063	100	0	0	0	0	5927	294.22	31.53	10.09	32.03	49.45	38.71	59.13	1.69	23.16	19.44
6/19/2015 1:22:32 PM	2.64	3.05	2.24	3.88	0.00	0.00	0.00	0.19	11.80	100.00	7.41	10.61	1397	3048	1009	116	0	0	0	0	5570	292.27	26.38	10.42	34.62	41.52	41.53	47.23	1.73	23.16	19.49
6/19/2015 1:22:35 PM	0.00	32.56	0.00	7.71	0.00	0.00	0.00	0.44	40.27	99.78	7.81	10.25	0	32564	0	231	0	0	0	0	32795	280.15	53.90	44.12	217.39	81.00	217.38	50.24	1.77	23.16	19.47
6/19/2015 1:22:37 PM	0.00	83.08	0.00	16.07	0.00	0.00	0.00	0.00	99.15	90.36	8.19	9.62	0	83076	0	482	0	0	0	0	83558	253.68	122.22	109.33	533.21	171.85	548.02	90.84	1.80	23.17	19.47
6/19/2015 1:22:40 PM	0.00	70.09	0.00	13.25	0.00	0.00	0.00	0.71	83.34	90.96	8.55	9.03	0	70085	0	398	0	0	0	0	70483	255.36	103.25	90.38	447.66	160.24	464.64	81.93	1.84	23.17	19.48
6/19/2015 1:22:43 PM	0.00	55.99	0.00	8.61	0.00	0.00	0.00	1.36	64.60	92.28	9.02	8.58	0	55993	0	258	0	0	0	0	56251	259.08	78.19	69.73	353.46	139.06	363.92	63.41	1.88	23.17	19.50
6/19/2015 1:22:46 PM	0.00	49.44	0.00	7.17	0.00	0.00	0.00	1.42	56.61	92.98	9.28	8.64	0	49437	0	215	0	0	0	0	49652	261.04	68.04	60.83	311.23	126.15	319.97	56.16	1.91	23.17	19.52
6/19/2015 1:22:49 PM	0.00	42.89	0.00	6.50	0.00	0.00	0.00	1.37	49.39	93.29	9.68	8.59	0	42889	0	195	0	0	0	0	43084	261.90	59.60	53.11	268.74	114.05	281.69	50.70	1.95	23.16	19.55
6/19/2015 1:22:51 PM	0.00	41.18	0.00	5.90	0.00	0.00	0.00	1.38	47.08	92.98	10.07	8.35	0	41178	0	177	0	0	0	0	41355	261.02	56.50	50.59	258.32	109.53	267.90	48.14	1.99	23.12	19.54
6/19/2015 1:22:54 PM	0.00	34.31	0.00	4.94	0.00	0.00	0.00	1.32	39.26	93.40	10.50	8.11	0	34313	0	148	0	0	0	0	34461	262.21	47.51	42.04	215.09	95.44	224.35	41.91	2.03	23.10	19.51
6/19/2015 1:22:57 PM	0.00	31.67	0.00	4.67	0.00	0.00	0.00	1.32	36.34	93.21	10.95	8.12	0	31673	0	140	0	0	0	0	31813	261.67	44.39	38.89	199.32	90.48	207.33	40.56	2.07	23.09	19.51
6/19/2015 1:23:00 PM	0.00	29.77	0.00	4.35	0.00	0.00	0.00	1.35	34.12	93.02	11.30	8.08	0	29770	0	130	0	0	0	0	29901	261.15	41.93	36.41	188.13	87.18	194.04	39.56	2.11	23.05	19.52
6/19/2015 1:23:03 PM	0.00	31.00	0.00	4.75	0.00	0.00	0.00	1.40	35.74	91.17	11.53	8.02	0	30996	0	142	0	0	0	0	31138	255.96	44.16	38.15	197.05	91.26	202.16	42.86	2.13	23.06	19.59
