Date/Time	Green Algae	Bluegreen	Diatoms	Cryptophyta	#4	#5	#6	Yellow substances	Total conc.	Transmission	Depth	Temp. Sample	Green Algae	Bluegreen	Diatoms	Cryptophyta	#4	#5	#6	Yellow substances	Total cell count	Trans. 700 nm	LED 3 [525 nm]	LED 4 [570 nm]	LED 5 [610 nm]	LED 6 [370 nm]	LED 7 [590 nm]	LED 8 [470 nm]	Pressure	Temp. LEDs	Temp. Sensor
date	µg/l	µg/l	µg/l	µg/l	µg/l	µg/l	µg/l	µg/l	µg/l	%	m	°C	cells/ml	cells/ml	cells/ml	cells/ml	cells/ml	cells/ml	cells/ml	cells/ml	cells/ml	digits	digits	digits	digits	digits	digits	digits	bar	°C	°C
6/26/2016 1:02:55 AM	1.17	0.28	0.90	0.32	0.00	0.00	0.00	0.05	2.67	86.59	0.12	23.66	619	283	405	10	0	0	0	0	1316	243.10	5.59	1.56	5.59	11.11	7.84	12.27	1.01	21.45	18.28
6/26/2016 1:02:58 AM	1.54	0.00	2.46	0.24	0.00	0.00	0.00	0.14	4.24	100.00	0.56	24.85	814	0	1108	7	0	0	0	0	1929	322.79	10.67	2.63	6.01	20.67	8.67	23.96	1.05	21.49	18.32
6/26/2016 1:03:01 AM	1.86	0.00	2.08	0.65	0.00	0.00	0.00	0.12	4.59	100.00	0.73	24.91	987	0	938	19	0	0	0	0	1945	322.45	11.05	2.68	7.04	21.14	10.26	24.90	1.07	21.54	18.25
6/26/2016 1:03:04 AM	1.79	0.00	2.49	0.16	0.00	0.00	0.00	0.10	4.44	100.00	0.92	24.89	948	0	1121	5	0	0	0	0	2074	322.81	10.63	2.48	6.26	20.76	8.63	24.56	1.09	21.57	18.34
6/26/2016 1:03:06 AM	1.75	0.00	2.68	0.14	0.00	0.00	0.00	0.09	4.58	100.00	1.08	24.85	929	0	1208	4	0	0	0	0	2140	322.67	11.08	2.60	6.18	21.05	8.85	25.36	1.11	21.60	18.37
6/26/2016 1:03:09 AM	1.72	0.00	2.74	0.12	0.00	0.00	0.00	0.09	4.57	100.00	1.20	24.91	909	0	1232	4	0	0	0	0	2145	323.06	11.16	2.47	6.22	21.03	8.81	25.36	1.12	21.64	18.33
6/26/2016 1:03:12 AM	1.85	0.00	2.80	0.13	0.00	0.00	0.00	0.07	4.78	100.00	1.33	24.86	980	0	1259	4	0	0	0	0	2243	323.05	11.45	2.63	6.24	21.52	9.17	26.34	1.13	21.67	18.34
6/26/2016 1:03:15 AM	1.87	0.00	2.76	0.10	0.00	0.00	0.00	0.08	4.73	100.00	1.43	24.84	990	0	1243	3	0	0	0	0	2236	323.01	11.27	2.59	6.28	21.43	8.95	26.07	1.14	21.72	18.35
6/26/2016 1:03:18 AM	1.77	0.00	2.82	0.06	0.00	0.00	0.00	0.09	4.65	100.00	1.52	24.83	937	0	1268	2	0	0	0	0	2207	322.95	11.26	2.42	5.92	21.34	8.90	25.86	1.15	21.75	18.34
6/26/2016 1:03:20 AM	1.80	0.00	2.78	0.06	0.00	0.00	0.00	0.08	4.64	100.00	1.60	24.84	951	0	1253	2	0	0	0	0	2206	323.15	11.16	2.43	5.97	21.23	8.85	25.75	1.16	21.80	18.33
6/26/2016 1:03:23 AM	1.86	0.00	2.82	0.07	0.00	0.00	0.00	0.08	4.75	100.00	1.67	24.84	984	0	1271	2	0	0	0	0	2257	322.85	11.35	2.55	6.11	21.54	8.98	26.27	1.16	21.80	18.37
6/26/2016 1:03:26 AM	2.05	0.00	2.73	0.24	0.00	0.00	0.00	0.06	5.02	100.00	1.74	24.74	1088	0	1229	7	0	0	0	0	2323	322.79	11.72	2.60	7.02	21.97	9.61	27.10	1.17	21.86	18.38
6/26/2016 1:03:29 AM	1.93	0.00	2.80	0.11	0.00	0.00	0.00	0.07	4.85	100.00	1.84	24.61	1025	0	1262	3	0	0	0	0	2290	322.71	11.44	2.49	6.22	21.66	9.24	26.59	1.18	21.89	18.39
6/26/2016 1:03:32 AM	2.01	0.00	2.75	0.20	0.00	0.00	0.00	0.07	4.96	100.00	1.94	24.55	1065	0	1238	6	0	0	0	0	2309	322.87	11.63	2.74	6.72	22.00	9.45	27.00	1.19	21.93	18.43
6/26/2016 1:03:34 AM	1.91	0.00	2.78	0.13	0.00	0.00	0.00	0.08	4.82	100.00	2.02	24.53	1011	0	1250	4	0	0	0	0	2265	322.73	11.48	2.59	6.66	21.87	9.05	26.48	1.20	21.96	18.41
6/26/2016 1:03:37 AM	2.06	0.00	2.93	0.03	0.00	0.00	0.00	0.05	5.02	100.00	2.11	24.62	1090	0	1319	1	0	0	0	0	2409	322.52	11.63	2.52	6.38	22.02	9.17	27.35	1.21	22.00	18.43
6/26/2016 1:03:40 AM	1.82	0.00	2.67	0.22	0.00	0.00	0.00	0.09	4.71	100.00	2.18	24.75	963	0	1202	7	0	0	0	0	2171	322.72	11.40	2.47	6.56	21.58	9.29	25.95	1.21	22.04	18.43
6/26/2016 1:03:43 AM	1.85	0.00	2.75	0.15	0.00	0.00	0.00	0.08	4.75	100.00	2.25	24.67	981	0	1237	4	0	0	0	0	2222	322.63	11.36	2.57	6.23	21.48	9.18	26.16	1.22	22.07	18.46
6/26/2016 1:03:45 AM	1.94	0.00	2.80	0.06	0.00	0.00	0.00	0.07	4.81	100.00	2.35	24.65	1028	0	1261	2	0	0	0	0	2292	322.18	11.31	2.43	6.25	21.57	9.00	26.38	1.23	22.10	18.46
6/26/2016 1:03:48 AM	1.88	0.00	2.94	0.09	0.00	0.00	0.00	0.08	4.90	100.00	2.47	24.72	995	0	1324	3	0	0	0	0	2321	322.37	11.80	2.61	6.39	22.17	9.22	27.13	1.24	22.14	18.48
6/26/2016 1:03:51 AM	1.98	0.00	3.20	0.14	0.00	0.00	0.00	0.05	5.32	100.00	2.58	24.74	1050	0	1440	4	0	0	0	0	2494	322.22	12.80	2.75	6.95	23.20	9.95	29.12	1.25	22.18	18.50
6/26/2016 1:03:54 AM	2.09	0.00	3.16	0.06	0.00	0.00	0.00	0.04	5.31	100.00	2.68	24.75	1106	0	1420	2	0	0	0	0	2528	322.24	12.47	2.71	6.69	23.03	9.72	28.97	1.26	22.20	18.51
6/26/2016 1:03:57 AM	2.04	0.00	3.22	0.04	0.00	0.00	0.00	0.03	5.30	100.00	2.77	24.75	1080	0	1447	1	0	0	0	0	2528	322.26	12.54	2.59	6.69	22.81	9.69	28.88	1.27	22.24	18.52
6/26/2016 1:03:59 AM	2.28	0.00	3.22	0.13	0.00	0.00	0.00	0.02	5.62	100.00	2.87	24.74	1208	0	1447	4	0	0	0	0	2659	322.35	12.98	2.89	7.56	23.78	10.07	30.23	1.28	22.27	18.52
6/26/2016 1:04:02 AM	2.22	0.00	3.62	0.07	0.00	0.00	0.00	0.01	5.92	100.00	2.97	24.73	1179	0	1631	2	0	0	0	0	2812	322.09	14.04	2.91	7.47	24.82	10.64	32.14	1.29	22.31	18.55
6/26/2016 1:04:05 AM	2.19	0.00	3.72	0.08	0.00	0.00	0.00	0.00	5.99	100.00	3.06	24.70	1161	0	1672	2	0	0	0	0	2836	322.03	14.29	2.94	7.54	24.82	10.77	32.65	1.30	22.33	18.55
6/26/2016 1:04:08 AM	2.31	0.00	3.64	0.07	0.00	0.00	0.00	0.00	6.02	100.00	3.20	24.67	1225	0	1639	2	0	0	0	0	2866	321.66	14.12	2.99	7.62	25.05	10.67	32.54	1.31	22.36	18.60
6/26/2016 1:04:11 AM	2.16	0.00	3.93	0.16	0.00	0.00	0.00	0.02	6.25	100.00	3.27	24.61	1145	0	1767	5	0	0	0	0	2917	321.52	15.32	3.18	8.06	26.49	11.41	34.24	1.32	22.41	18.57
6/26/2016 1:04:13 AM	2.32	0.00	3.94	0.06	0.00	0.00	0.00	0.00	6.32	100.00	3.36	24.52	1232	0	1772	2	0	0	0	0	3006	321.55	15.05	3.07	7.83	26.32	11.20	34.41	1.33	22.42	18.62
6/26/2016 1:04:16 AM	2.30	0.00	3.87	0.17	0.00	0.00	0.00	0.01	6.33	100.00	3.48	24.49	1218	0	1739	5	0	0	0	0	2963	321.23	15.20	3.25	8.22	26.52	11.40	34.40	1.34	22.47	18.62
6/26/2016 1:04:19 AM	2.48	0.00	4.06	0.20	0.00	0.00	0.00	0.00	6.74	100.00	3.60	24.46	1315	0	1827	6	0	0	0	0	3148	321.11	16.04	3.41	8.84	27.83	11.98	36.56	1.35	22.49	18.61
6/26/2016 1:04:22 AM	2.40	0.00	4.10	0.18	0.00	0.00	0.00	0.00	6.68	100.00	3.70	24.40	1274	0	1846	5	0	0	0	0	3125	321.04	16.08	3.34	8.54	27.86	12.02	36.35	1.36	22.52	18.65
6/26/2016 1:04:25 AM	2.57	0.00	4.33	0.29	0.00	0.00	0.00	0.02	7.19	100.00	3.85	24.28	1360	0	1947	9	0	0	0	0	3315	320.36	17.39	3.72	9.49	30.27	12.94	39.19	1.38	22.56	18.65
6/26/2016 1:04:27 AM	2.54	0.00	4.63	0.32	0.00	0.00	0.00	0.02	7.49	100.00	3.96	24.08	1346	0	2082	10	0	0	0	0	3438	320.15	18.45	3.84	9.79	31.58	13.58	41.06	1.39	22.59	18.66
6/26/2016 1:04:30 AM	2.72	0.00	4.43	0.47	0.00	0.00	0.00	0.05	7.62	100.00	4.08	23.67	1439	0	1995	14	0	0	0	0	3448	320.09	18.56	3.90	10.56	32.44	13.96	41.54	1.40	22.63	18.67
6/26/2016 1:04:33 AM	2.75	0.00	4.59	0.75	0.00	0.00	0.00	0.13	8.09	100.00	4.20	23.21	1459	0	2064	23	0	0	0	0	3545	319.48	20.35	4.34	11.78	36.14	15.46	44.85	1.41	22.65	18.68
6/26/2016 1:04:36 AM	2.66	0.00	4.43	0.69	0.00	0.00	0.00	0.16	7.78	100.00	4.30	22.94	1409	0	1993	21	0	0	0	0	3422	319.01	19.65	4.23	11.39	35.64	14.81	43.46	1.42	22.67	18.70
6/26/2016 1:04:38 AM	2.89	0.00	4.53	0.64	0.00	0.00	0.00	0.14	8.05	100.00	4.42	22.61	1533	0	2037	19	0	0	0	0	3588	318.64	19.90	4.17	11.46	36.27	15.07	44.68	1.43	22.70	18.72
6/26/2016 1:04:41 AM	3.01	0.00	4.39	0.73	0.00	0.00	0.00	0.15	8.13	100.00	4.55	22.07	1594	0	1977	22	0	0	0	0	3594	318.60	19.90	4.36	11.73	36.61	15.34	44.96	1.45	22.74	18.74
6/26/2016 1:04:44 AM	3.21	0.00	4.85	0.74	0.00	0.00	0.00	0.14	8.79	100.00	4.64	21.86	1700	0	2181	22	0	0	0	0	3903	318.20	21.50	4.68	12.53	38.95	16.26	48.49	1.45	22.76	18.75
6/26/2016 1:04:47 AM	3.39	0.00	5.63	0.67	0.00	0.00	0.00	0.08	9.69	100.00	4.73	21.62	1798	0	2535	20	0	0	0	0	4353	318.13	23.80	4.97	13.48	41.62	17.38	53.25	1.46	22.78	18.77
6/26/2016 1:04:50 AM	3.46	0.00	6.00	0.65	0.00	0.00	0.00	0.07	10.11	100.00	4.86	21.05	1835	0	2700	20	0	0	0	0	4554	317.61	24.97	5.07	13.78	43.31	18.07	55.70	1.48	22.81	18.75
6/26/2016 1:04:52 AM	3.42	0.00	6.39	0.78	0.00	0.00	0.00	0.06	10.59	100.00	4.95	20.73	1815	0	2877	23	0	0	0	0	4715	317.79	26.61	5.48	14.91	44.96	18.98	58.31	1.49	22.82	18.78
6/26/2016 1:04:55 AM	3.21	0.00	5.69	1.03	0.00	0.00	0.00	0.13	9.93	100.00	5.05	20.67	1700	0	2558	31	0	0	0	0	4290	318.01	25.23	5.49	14.52	43.54	18.76	54.98	1.49	22.84	18.82
6/26/2016 1:04:58 AM	3.45	0.00	5.58	1.00	0.00	0.00	0.00	0.10	10.03	100.00	5.17	20.28	1826	0	2510	30	0	0	0	0	4366	318.14	24.87	5.53	14.65	43.26	18.60	54.99	1.51	22.87	18.82
6/26/2016 1:05:01 AM	3.08	0.13	5.03	1.12	0.00	0.00	0.00	0.19	9.36	100.00	5.29	19.83	1634	126	2265	34	0	0	0	0	4059	318.33	23.60	5.40	14.67	42.00	18.63	51.45	1.52	22.88	18.84
6/26/2016 1:05:04 AM	3.28	0.09	5.08	1.27	0.00	0.00	0.00	0.16	9.72	100.00	5.40	19.46	1740	90	2285	38	0	0	0	0	4153	317.79	24.30	5.59	15.05	42.79	19.39	53.11	1.53	22.91	18.83
6/26/2016 1:05:06 AM	3.37	0.16	5.01	1.40	0.00	0.00	0.00	0.18	9.93	100.00	5.53	18.98	1785	157	2254	42	0	0	0	0	4238	317.79	24.69	5.99	15.84	43.75	20.22	53.95	1.54	22.92	18.86
6/26/2016 1:05:09 AM	3.48	0.27	5.08	1.37	0.00	0.00	0.00	0.20	10.19	100.00	5.64	18.61	1844	266	2284	41	0	0	0	0	4436	318.40	25.04	6.23	16.72	44.85	20.84	54.89	1.55	22.95	18.88
6/26/2016 1:05:12 AM	3.32	0.40	4.84	1.46	0.00	0.00	0.00	0.23	10.02	100.00	5.79	18.23	1758	397	2179	44	0	0	0	0	4378	318.60	24.69	6.29	17.24	44.39	21.47	53.52	1.57	22.95	18.85
6/26/2016 1:05:15 AM	3.53	0.50	4.72	1.43	0.00	0.00	0.00	0.24	10.17	100.00	5.91	17.87	1871	499	2123	43	0	0	0	0	4535	318.49	24.48	6.36	17.88	44.90	21.91	53.71	1.58	22.97	18.87
6/26/2016 1:05:18 AM	3.46	0.46	4.19	1.63	0.00	0.00	0.00	0.26	9.74	100.00	6.10	17.37	1835	459	1885	49	0	0	0	0	4228	318.08	23.41	6.22	17.25	43.49	21.79	51.43	1.60	22.98	18.87
6/26/2016 1:05:20 AM	3.67	0.58	4.19	1.57	0.00	0.00	0.00	0.28	10.01	100.00	6.21	17.20	1946	584	1884	47	0	0	0	0	4462	318.15	23.54	6.38	18.16	44.54	22.40	52.25	1.61	22.99	18.94
6/26/2016 1:05:23 AM	3.68	0.60	3.68	1.48	0.00	0.00	0.00	0.25	9.45	100.00	6.36	16.94	1950	600	1658	44	0	0	0	0	4252	318.09	21.51	6.13	17.37	41.37	21.27	48.50	1.62	22.99	18.92
6/26/2016 1:05:26 AM	3.84	0.63	3.28	1.52	0.00	0.00	0.00	0.27	9.27	100.00	6.48	16.87	2034	634	1475	46	0	0	0	0	4189	317.53	20.50	6.15	17.32	40.63	21.13	47.08	1.63	23.02	18.90
6/26/2016 1:05:29 AM	3.70	0.62	3.07	1.73	0.00	0.00	0.00	0.28	9.13	100.00	6.61	16.74	1959	623	1383	52	0	0	0	0	4017	317.98	20.46	6.30	17.30	40.14	21.55	46.37	1.65	23.02	18.93
6/26/2016 1:05:31 AM	3.19	0.62	2.71	1.75	0.00	0.00	0.00	0.29	8.27	100.00	6.72	16.08	1688	616	1221	53	0	0	0	0	3577	318.16	18.97	6.16	16.26	37.11	20.44	42.11	1.66	23.03	18.95
6/26/2016 1:05:34 AM	3.43	0.71	2.84	1.65	0.00	0.00	0.00	0.29	8.62	100.00	6.82	16.17	1819	705	1276	49	0	0	0	0	3850	318.43	19.34	5.96	16.95	38.35	21.07	43.49	1.67	23.03	18.95
6/26/2016 1:05:37 AM	3.20	0.61	2.61	1.72	0.00	0.00	0.00	0.30	8.14	100.00	6.94	15.99	1696	607	1173	52	0	0	0	0	3527	317.31	18.58	5.89	15.95	36.85	20.23	41.49	1.68	23.04	18.97
6/26/2016 1:05:40 AM	3.48	0.63	2.56	1.72	0.00	0.00	0.00	0.29	8.38	100.00	7.03	15.86	1844	627	1152	51	0	0	0	0	3674	317.77	18.59	6.01	16.33	37.33	20.48	42.31	1.69	23.03	18.97
6/26/2016 1:05:43 AM	3.60	0.59	2.39	1.85	0.00	0.00	0.00	0.27	8.43	100.00	7.14	15.87	1906	593	1075	56	0	0	0	0	3630	317.66	18.46	6.31	16.38	36.97	20.63	42.29	1.70	23.03	18.96
6/26/2016 1:05:45 AM	2.81	0.55	2.32	1.98	0.00	0.00	0.00	0.30	7.67	100.00	7.28	15.38	1490	553	1046	59	0	0	0	0	3148	318.52	18.14	6.11	15.41	35.02	20.12	39.30	1.71	23.03	18.99
6/26/2016 1:05:48 AM	2.76	0.51	2.35	2.15	0.00	0.00	0.00	0.29	7.77	100.00	7.43	15.14	1463	509	1056	64	0	0	0	0	3093	318.46	18.67	6.43	15.55	35.25	20.53	39.97	1.73	23.02	18.97
6/26/2016 1:05:51 AM	2.62	0.59	2.36	2.10	0.00	0.00	0.00	0.30	7.65	100.00	7.56	15.12	1386	586	1060	63	0	0	0	0	3094	318.52	18.52	6.44	15.77	34.96	20.55	39.23	1.74	23.02	18.97
6/26/2016 1:05:54 AM	2.33	0.49	2.26	2.23	0.00	0.00	0.00	0.31	7.32	100.00	7.69	14.80	1235	492	1019	67	0	0	0	0	2812	318.39	18.38	6.37	15.03	33.94	20.23	38.07	1.75	23.01	19.02
6/26/2016 1:05:57 AM	2.37	0.55	2.26	2.20	0.00	0.00	0.00	0.31	7.39	100.00	7.83	14.46	1257	552	1017	66	0	0	0	0	2893	318.63	18.35	6.45	15.40	34.09	20.43	38.12	1.77	23.01	19.02
6/26/2016 1:05:59 AM	1.77	0.42	2.26	2.47	0.00	0.00	0.00	0.33	6.93	100.00	7.94	14.04	938	424	1018	74	0	0	0	0	2455	319.59	18.72	6.76	14.62	33.17	20.17	36.94	1.78	22.99	19.00
6/26/2016 1:06:02 AM	1.58	0.48	2.42	2.43	0.00	0.00	0.00	0.33	6.91	100.00	8.06	14.24	839	479	1088	73	0	0	0	0	2479	319.23	19.00	6.79	14.87	33.17	20.31	36.85	1.79	22.99	19.00
6/26/2016 1:06:05 AM	1.74	0.40	2.18	2.66	0.00	0.00	0.00	0.33	6.97	100.00	8.18	14.08	924	395	979	80	0	0	0	0	2379	319.46	19.03	6.93	14.72	33.34	20.69	37.25	1.80	22.97	19.00
6/26/2016 1:06:08 AM	1.75	0.48	2.37	2.48	0.00	0.00	0.00	0.33	7.07	100.00	8.30	13.90	926	480	1066	74	0	0	0	0	2546	319.82	19.12	7.07	15.17	33.75	20.52	37.56	1.81	22.96	19.01
6/26/2016 1:06:11 AM	1.31	0.30	2.28	2.45	0.00	0.00	0.00	0.31	6.34	100.00	8.47	13.62	694	298	1026	73	0	0	0	0	2092	319.79	18.18	6.50	13.27	31.04	18.93	34.68	1.83	22.94	18.98
6/26/2016 1:06:13 AM	1.59	0.39	2.41	2.48	0.00	0.00	0.00	0.33	6.88	100.00	8.60	13.23	844	389	1086	74	0	0	0	0	2393	319.26	19.06	6.90	14.48	33.15	19.99	37.07	1.84	22.92	18.99
6/26/2016 1:06:16 AM	1.57	0.29	2.32	2.55	0.00	0.00	0.00	0.30	6.73	100.00	8.72	13.00	833	289	1045	76	0	0	0	0	2243	320.12	18.80	6.64	13.77	32.22	19.68	36.49	1.85	22.89	18.99
6/26/2016 1:06:19 AM	1.63	0.27	2.36	2.58	0.00	0.00	0.00	0.29	6.84	100.00	8.84	12.95	865	265	1063	77	0	0	0	0	2271	319.67	19.01	6.96	13.90	32.43	19.65	37.06	1.87	22.86	18.97
6/26/2016 1:06:22 AM	1.95	0.22	2.27	2.73	0.00	0.00	0.00	0.29	7.18	100.00	8.92	13.04	1036	221	1021	82	0	0	0	0	2361	319.70	19.43	6.94	14.14	33.62	20.40	38.69	1.87	22.86	19.06
6/26/2016 1:06:24 AM	1.72	0.32	2.31	2.55	0.00	0.00	0.00	0.30	6.90	100.00	8.99	13.25	911	318	1039	77	0	0	0	0	2344	320.15	18.91	6.77	14.13	32.63	19.95	37.07	1.88	22.82	18.98
6/26/2016 1:06:27 AM	1.90	0.37	2.42	2.64	0.00	0.00	0.00	0.28	7.33	100.00	9.08	13.41	1005	369	1090	79	0	0	0	0	2543	319.76	19.68	7.25	15.08	33.75	20.82	38.84	1.89	22.80	18.99
6/26/2016 1:06:30 AM	2.12	0.28	2.24	2.53	0.00	0.00	0.00	0.28	7.18	100.00	9.19	13.63	1126	282	1009	76	0	0	0	0	2492	319.02	18.85	6.77	14.22	33.37	19.99	38.26	1.90	22.79	19.03
6/26/2016 1:06:33 AM	2.13	0.29	2.12	2.44	0.00	0.00	0.00	0.28	6.98	100.00	9.33	13.28	1129	292	956	73	0	0	0	0	2450	319.38	18.16	6.42	13.84	32.52	19.55	37.06	1.91	22.76	19.04
6/26/2016 1:06:36 AM	2.19	0.17	2.03	2.56	0.00	0.00	0.00	0.26	6.95	100.00	9.48	12.77	1161	173	911	77	0	0	0	0	2322	318.75	18.13	6.45	13.31	32.14	19.35	37.15	1.93	22.72	18.97
6/26/2016 1:06:38 AM	2.20	0.31	2.19	2.42	0.00	0.00	0.00	0.27	7.11	100.00	9.62	12.76	1163	307	987	72	0	0	0	0	2530	320.06	18.33	6.47	14.05	32.61	19.69	37.50	1.94	22.71	18.99
6/26/2016 1:06:41 AM	1.99	0.14	2.17	2.39	0.00	0.00	0.00	0.24	6.70	100.00	9.77	12.54	1057	141	976	72	0	0	0	0	2246	319.25	17.78	6.14	12.66	30.98	18.47	36.07	1.96	22.68	18.97
6/26/2016 1:06:44 AM	2.28	0.13	2.37	2.21	0.00	0.00	0.00	0.19	6.99	100.00	9.89	12.19	1210	127	1066	66	0	0	0	0	2470	318.61	17.88	6.00	12.73	31.10	18.20	37.17	1.97	22.64	18.98
6/26/2016 1:06:47 AM	2.31	0.07	2.46	2.04	0.00	0.00	0.00	0.15	6.89	100.00	10.01	12.35	1227	71	1107	61	0	0	0	0	2465	318.56	17.42	5.82	12.15	29.97	17.25	36.56	1.98	22.61	18.97
6/26/2016 1:06:50 AM	2.55	0.00	2.72	1.47	0.00	0.00	0.00	0.07	6.74	100.00	10.18	12.20	1351	0	1225	44	0	0	0	0	2620	319.07	16.26	4.67	10.57	28.28	15.34	35.65	2.00	22.57	18.97
6/26/2016 1:06:52 AM	2.35	0.00	2.57	1.43	0.00	0.00	0.00	0.09	6.35	100.00	10.34	11.95	1246	0	1154	43	0	0	0	0	2443	319.70	15.48	4.72	9.93	27.05	14.71	33.80	2.01	22.57	18.94
6/26/2016 1:06:55 AM	2.24	0.00	2.74	1.30	0.00	0.00	0.00	0.05	6.29	100.00	10.53	11.72	1188	0	1235	39	0	0	0	0	2462	316.49	15.42	4.47	9.70	26.15	14.30	33.34	2.03	22.50	18.98
6/26/2016 1:06:58 AM	2.21	0.00	2.52	1.43	0.00	0.00	0.00	0.07	6.17	100.00	10.68	11.75	1174	0	1136	43	0	0	0	0	2353	315.49	15.18	4.46	9.79	25.99	14.48	32.69	2.05	22.46	18.95
6/26/2016 1:07:01 AM	2.20	0.02	2.17	1.63	0.00	0.00	0.00	0.09	6.02	100.00	10.83	11.84	1168	15	976	49	0	0	0	0	2207	313.58	14.76	4.64	10.14	25.41	14.76	31.57	2.06	22.43	18.97
6/26/2016 1:07:03 AM	1.75	0.07	1.76	1.44	0.00	0.00	0.00	0.14	5.02	100.00	11.00	11.73	928	73	793	43	0	0	0	0	1837	309.96	12.66	4.04	8.97	22.59	13.24	26.61	2.08	22.39	18.97
6/26/2016 1:07:06 AM	1.98	0.05	1.47	1.50	0.00	0.00	0.00	0.13	5.00	100.00	11.16	11.69	1050	50	661	45	0	0	0	0	1806	309.14	12.08	3.93	8.80	22.19	13.26	26.17	2.09	22.35	18.93
6/26/2016 1:07:09 AM	1.66	0.18	1.07	1.28	0.00	0.00	0.00	0.20	4.19	100.00	11.33	11.73	879	182	482	38	0	0	0	0	1581	308.56	10.11	3.56	8.23	20.21	12.06	21.86	2.11	22.31	18.92
6/26/2016 1:07:12 AM	1.88	0.15	1.43	1.27	0.00	0.00	0.00	0.15	4.73	100.00	11.50	11.51	997	148	644	38	0	0	0	0	1827	308.54	11.23	3.69	8.72	21.30	12.61	24.46	2.13	22.27	18.94
6/26/2016 1:07:15 AM	2.18	0.11	1.59	1.32	0.00	0.00	0.00	0.11	5.21	100.00	11.66	11.36	1156	111	715	40	0	0	0	0	2022	309.38	11.99	4.01	9.20	22.39	13.09	26.68	2.14	22.23	18.91
6/26/2016 1:07:17 AM	2.30	0.11	1.70	1.36	0.00	0.00	0.00	0.10	5.47	100.00	11.81	11.28	1219	112	764	41	0	0	0	0	2135	309.49	12.52	4.02	9.53	23.07	13.59	27.91	2.16	22.19	18.90
6/26/2016 1:07:20 AM	2.05	0.32	1.01	1.88	0.00	0.00	0.00	0.19	5.27	100.00	11.95	11.27	1086	316	457	57	0	0	0	0	1916	303.18	12.36	4.58	10.83	23.30	15.74	26.23	2.17	22.14	18.92
6/26/2016 1:07:23 AM	2.09	0.44	0.67	2.03	0.00	0.00	0.00	0.21	5.23	100.00	12.13	11.14	1108	444	301	61	0	0	0	0	1913	300.06	11.93	4.93	11.59	23.09	16.49	25.30	2.19	22.10	18.87
6/26/2016 1:07:26 AM	2.12	0.56	0.43	2.15	0.00	0.00	0.00	0.25	5.26	100.00	12.31	11.00	1126	557	194	65	0	0	0	0	1941	296.80	11.81	5.10	12.31	23.52	17.34	24.99	2.21	22.07	18.85
6/26/2016 1:07:29 AM	1.91	0.59	0.42	1.94	0.00	0.00	0.00	0.28	4.86	100.00	12.45	11.10	1014	586	190	58	0	0	0	0	1849	294.57	11.05	4.78	11.76	22.78	16.38	23.26	2.22	22.01	18.84
6/26/2016 1:07:31 AM	1.69	0.59	0.48	1.66	0.00	0.00	0.00	0.27	4.43	100.00	12.56	11.40	898	590	216	50	0	0	0	0	1754	293.63	10.12	4.40	10.99	21.15	15.05	21.17	2.23	21.96	18.84
6/26/2016 1:07:34 AM	1.68	0.53	0.27	1.70	0.00	0.00	0.00	0.30	4.18	100.00	12.69	11.57	891	528	120	51	0	0	0	0	1590	293.18	9.59	4.28	10.39	20.90	14.59	20.30	2.24	21.92	18.81
6/26/2016 1:07:37 AM	1.73	0.54	0.40	1.61	0.00	0.00	0.00	0.31	4.29	100.00	12.86	11.39	918	545	180	48	0	0	0	0	1690	291.83	9.79	4.02	10.44	21.40	14.65	20.88	2.26	21.87	18.81
6/26/2016 1:07:40 AM	1.64	0.60	0.38	1.44	0.00	0.00	0.00	0.31	4.05	100.00	12.99	11.17	867	596	170	43	0	0	0	0	1677	291.56	9.14	3.97	10.29	20.61	13.97	19.55	2.27	21.82	18.81
6/26/2016 1:07:43 AM	1.51	0.54	0.21	1.52	0.00	0.00	0.00	0.35	3.77	100.00	13.13	11.00	800	539	94	45	0	0	0	0	1478	292.57	8.80	3.96	9.76	20.48	13.60	18.70	2.29	21.78	18.79
6/26/2016 1:07:45 AM	1.50	0.57	0.28	1.34	0.00	0.00	0.00	0.38	3.69	100.00	13.28	10.93	793	571	124	40	0	0	0	0	1529	294.02	8.56	3.69	9.63	20.74	13.20	18.45	2.30	21.73	18.80
6/26/2016 1:07:48 AM	1.76	0.61	0.21	1.29	0.00	0.00	0.00	0.42	3.87	100.00	13.42	10.76	933	609	95	39	0	0	0	0	1675	296.56	8.52	3.66	9.95	22.13	13.39	19.35	2.32	21.68	18.77
6/26/2016 1:07:51 AM	1.59	0.58	0.28	1.22	0.00	0.00	0.00	0.40	3.68	100.00	13.52	10.79	844	578	127	37	0	0	0	0	1586	296.50	8.35	3.61	9.54	21.33	12.83	18.59	2.33	21.64	18.74
6/26/2016 1:07:54 AM	1.75	0.65	0.30	1.14	0.00	0.00	0.00	0.44	3.84	100.00	13.63	11.02	927	653	133	34	0	0	0	0	1747	297.42	8.43	3.54	10.01	22.49	13.14	19.31	2.34	21.57	18.76
6/26/2016 1:07:56 AM	2.06	0.66	0.24	1.18	0.00	0.00	0.00	0.50	4.13	100.00	13.78	10.92	1093	655	106	35	0	0	0	0	1890	297.35	8.79	3.63	10.40	24.80	13.61	21.13	2.35	21.53	18.70
6/26/2016 1:07:59 AM	1.86	0.64	0.31	1.13	0.00	0.00	0.00	0.51	3.94	100.00	13.91	10.66	986	638	141	34	0	0	0	0	1798	299.09	8.73	3.54	10.06	24.43	13.20	20.52	2.36	21.49	18.74
6/26/2016 1:08:02 AM	2.56	1.11	0.75	1.19	0.00	0.00	0.00	0.46	5.61	100.00	14.00	10.64	1355	1111	336	36	0	0	0	0	2838	291.95	11.22	4.34	14.52	28.55	17.44	26.23	2.37	21.43	18.68
