Date/Time	Green Algae	Bluegreen	Diatoms	Cryptophyta	#4	#5	#6	Yellow substances	Total conc.	Transmission	Depth	Temp. Sample	Green Algae	Bluegreen	Diatoms	Cryptophyta	#4	#5	#6	Yellow substances	Total cell count	Trans. 700 nm	LED 3 [525 nm]	LED 4 [570 nm]	LED 5 [610 nm]	LED 6 [370 nm]	LED 7 [590 nm]	LED 8 [470 nm]	Pressure	Temp. LEDs	Temp. Sensor
date	µg/l	µg/l	µg/l	µg/l	µg/l	µg/l	µg/l	µg/l	µg/l	%	m	°C	cells/ml	cells/ml	cells/ml	cells/ml	cells/ml	cells/ml	cells/ml	cells/ml	cells/ml	digits	digits	digits	digits	digits	digits	digits	bar	°C	°C
8/3/2016 8:12:42 PM	5.72	1.45	4.07	2.06	0.00	0.00	0.00	0.00	13.30	100.00	0.28	27.19	3033	1449	1831	62	0	0	0	0	6375	295.72	26.10	6.53	27.49	44.50	31.11	63.11	1.03	21.31	18.24
8/3/2016 8:12:45 PM	5.68	1.33	3.97	2.10	0.00	0.00	0.00	0.00	13.07	100.00	0.43	27.29	3013	1327	1784	63	0	0	0	0	6187	296.98	25.72	6.67	26.68	43.93	30.27	62.41	1.04	21.36	18.21
8/3/2016 8:12:48 PM	5.72	1.35	4.27	1.95	0.00	0.00	0.00	0.00	13.30	100.00	0.55	27.34	3033	1353	1921	59	0	0	0	0	6366	297.83	26.28	6.57	26.97	44.93	30.32	63.73	1.05	21.41	18.24
8/3/2016 8:12:51 PM	5.58	1.28	4.13	2.14	0.00	0.00	0.00	0.00	13.14	100.00	0.72	27.27	2960	1284	1857	64	0	0	0	0	6164	298.04	26.30	6.58	26.53	44.49	30.49	63.08	1.07	21.46	18.26
8/3/2016 8:12:53 PM	5.61	1.40	4.20	2.04	0.00	0.00	0.00	0.00	13.25	100.00	0.89	27.24	2974	1395	1890	61	0	0	0	0	6320	297.98	26.31	6.56	27.17	44.58	30.77	63.26	1.09	21.50	18.23
8/3/2016 8:12:56 PM	5.68	1.46	4.06	2.08	0.00	0.00	0.00	0.00	13.27	100.00	1.02	27.15	3008	1458	1825	62	0	0	0	0	6353	297.54	26.07	6.76	27.57	44.38	31.04	62.87	1.10	21.55	18.24
8/3/2016 8:12:59 PM	5.85	1.37	4.06	2.12	0.00	0.00	0.00	0.00	13.40	100.00	1.19	27.11	3101	1374	1826	64	0	0	0	0	6365	297.76	26.31	6.63	27.17	45.33	31.11	63.64	1.12	21.58	18.23
8/3/2016 8:13:02 PM	5.78	1.37	4.23	1.92	0.00	0.00	0.00	0.00	13.30	100.00	1.31	27.10	3063	1373	1905	58	0	0	0	0	6399	297.71	26.12	6.56	27.01	44.94	30.29	63.56	1.13	21.64	18.25
8/3/2016 8:13:05 PM	5.87	1.62	4.49	1.88	0.00	0.00	0.00	0.00	13.86	100.00	1.45	27.20	3111	1625	2021	56	0	0	0	0	6813	297.52	27.10	7.01	29.12	46.29	31.80	65.62	1.14	21.69	18.29
8/3/2016 8:13:07 PM	5.70	1.16	4.08	2.27	0.00	0.00	0.00	0.00	13.20	100.00	1.59	27.17	3022	1157	1834	68	0	0	0	0	6081	297.88	26.47	6.65	26.28	44.49	30.28	64.24	1.16	21.72	18.34
8/3/2016 8:13:10 PM	5.96	1.24	4.61	2.17	0.00	0.00	0.00	0.00	13.98	100.00	1.72	27.12	3158	1244	2072	65	0	0	0	0	6539	297.74	28.14	6.78	27.70	47.25	31.39	68.35	1.17	21.79	18.28
8/3/2016 8:13:13 PM	5.99	1.31	4.57	2.14	0.00	0.00	0.00	0.00	14.00	100.00	1.86	27.07	3172	1305	2058	64	0	0	0	0	6600	297.24	28.02	7.04	27.99	47.43	31.49	67.96	1.18	21.80	18.33
8/3/2016 8:13:16 PM	5.69	1.26	4.41	2.11	0.00	0.00	0.00	0.00	13.47	100.00	2.03	27.31	3018	1257	1983	63	0	0	0	0	6321	297.43	27.13	6.74	26.94	45.71	30.63	65.30	1.20	21.85	18.36
8/3/2016 8:13:19 PM	5.79	1.42	4.25	1.95	0.00	0.00	0.00	0.00	13.41	100.00	2.15	27.24	3067	1421	1913	59	0	0	0	0	6459	296.86	26.32	6.58	27.50	44.96	30.71	64.07	1.21	21.91	18.32
8/3/2016 8:13:21 PM	5.71	1.23	4.32	2.12	0.00	0.00	0.00	0.00	13.37	100.00	2.28	27.02	3024	1227	1943	64	0	0	0	0	6257	297.58	26.84	6.58	26.66	45.27	30.43	64.91	1.22	21.96	18.33
8/3/2016 8:13:24 PM	5.93	1.43	4.32	1.75	0.00	0.00	0.00	0.00	13.44	100.00	2.29	27.07	3143	1428	1946	53	0	0	0	0	6570	297.15	26.03	6.11	27.30	45.04	30.29	64.23	1.22	22.03	18.34
8/3/2016 8:13:27 PM	5.87	1.26	4.32	2.13	0.00	0.00	0.00	0.00	13.59	100.00	2.58	27.24	3114	1263	1946	64	0	0	0	0	6387	297.86	27.06	6.83	27.14	46.02	30.77	65.74	1.25	22.03	18.41
8/3/2016 8:13:30 PM	5.99	1.47	4.44	2.01	0.00	0.00	0.00	0.00	13.90	100.00	2.70	27.23	3176	1465	1997	60	0	0	0	0	6699	297.90	27.27	7.04	28.59	46.47	31.50	66.66	1.26	22.10	18.41
8/3/2016 8:13:32 PM	5.98	1.40	4.29	2.05	0.00	0.00	0.00	0.00	13.72	100.00	2.83	27.13	3170	1398	1930	62	0	0	0	0	6560	297.42	26.91	6.89	27.91	46.14	31.22	65.70	1.28	22.17	18.41
8/3/2016 8:13:35 PM	5.84	1.23	4.32	2.28	0.00	0.00	0.00	0.00	13.66	100.00	2.91	27.36	3093	1227	1945	68	0	0	0	0	6333	297.38	27.50	6.95	27.14	46.48	31.24	66.18	1.29	22.20	18.43
8/3/2016 8:13:38 PM	5.83	1.14	4.38	2.38	0.00	0.00	0.00	0.00	13.73	100.00	3.01	27.35	3088	1140	1972	71	0	0	0	0	6273	297.52	27.90	7.02	27.11	46.46	31.19	67.38	1.29	22.21	18.44
8/3/2016 8:13:41 PM	5.77	1.39	4.64	2.09	0.00	0.00	0.00	0.00	13.90	100.00	3.07	27.29	3061	1395	2087	63	0	0	0	0	6605	297.40	28.00	6.82	28.24	46.86	31.74	67.23	1.30	22.26	18.44
8/3/2016 8:13:44 PM	5.96	1.30	4.66	2.21	0.00	0.00	0.00	0.00	14.14	100.00	3.14	27.19	3161	1303	2099	66	0	0	0	0	6630	296.78	28.52	7.01	28.29	47.75	31.94	68.96	1.31	22.35	18.48
8/3/2016 8:13:46 PM	6.11	1.17	4.18	2.41	0.00	0.00	0.00	0.00	13.87	100.00	3.24	27.00	3238	1168	1881	72	0	0	0	0	6360	297.37	27.61	6.97	27.28	46.88	31.57	67.45	1.32	22.35	18.59
8/3/2016 8:13:49 PM	6.26	1.20	4.27	2.43	0.00	0.00	0.00	0.00	14.16	100.00	3.38	27.01	3318	1201	1923	73	0	0	0	0	6514	297.73	28.13	7.06	27.85	47.84	32.13	68.86	1.33	22.43	18.53
8/3/2016 8:13:52 PM	6.05	1.29	4.16	2.26	0.00	0.00	0.00	0.00	13.76	100.00	3.45	27.15	3207	1291	1872	68	0	0	0	0	6437	296.84	27.13	6.87	27.54	46.40	31.51	66.19	1.34	22.45	18.60
8/3/2016 8:13:55 PM	5.89	1.28	4.21	2.28	0.00	0.00	0.00	0.00	13.66	100.00	3.53	27.24	3122	1285	1893	68	0	0	0	0	6368	297.39	27.23	6.79	27.38	46.16	31.53	65.80	1.35	22.49	18.54
8/3/2016 8:13:58 PM	5.84	1.53	4.71	2.06	0.00	0.00	0.00	0.00	14.14	100.00	3.61	27.17	3095	1528	2118	62	0	0	0	0	6803	297.75	28.27	7.27	29.39	47.23	32.27	68.04	1.35	22.54	18.61
8/3/2016 8:14:00 PM	6.10	1.50	4.76	2.20	0.00	0.00	0.00	0.00	14.56	100.00	3.67	27.02	3235	1502	2142	66	0	0	0	0	6945	296.85	29.06	7.44	29.99	48.60	33.08	70.40	1.36	22.60	18.55
8/3/2016 8:14:03 PM	5.83	1.40	4.62	2.09	0.00	0.00	0.00	0.00	13.94	100.00	3.74	26.89	3089	1403	2079	63	0	0	0	0	6634	296.79	28.00	6.90	28.37	46.98	31.79	67.39	1.37	22.64	18.62
8/3/2016 8:14:06 PM	5.87	1.43	4.72	1.97	0.00	0.00	0.00	0.00	13.99	100.00	3.80	26.73	3110	1435	2122	59	0	0	0	0	6726	297.64	27.94	7.07	28.54	47.17	31.47	67.55	1.37	22.69	18.62
8/3/2016 8:14:09 PM	5.96	1.43	4.54	1.89	0.00	0.00	0.00	0.00	13.82	100.00	3.84	26.57	3157	1428	2044	57	0	0	0	0	6686	298.72	27.27	6.92	27.75	47.48	31.16	65.68	1.38	22.72	18.62
8/3/2016 8:14:12 PM	5.56	1.55	4.67	1.55	0.00	0.00	0.00	0.00	13.32	100.00	3.91	26.27	2948	1546	2100	46	0	0	0	0	6641	298.42	26.39	7.02	27.27	46.42	29.98	62.39	1.38	22.78	18.65
8/3/2016 8:14:14 PM	5.42	1.40	4.54	1.30	0.00	0.00	0.00	0.00	12.65	100.00	3.98	25.62	2873	1398	2041	39	0	0	0	0	6351	297.48	25.02	6.32	24.88	45.52	28.15	58.74	1.39	22.81	18.69
8/3/2016 8:14:17 PM	4.63	1.26	4.11	1.19	0.00	0.00	0.00	0.11	11.18	100.00	4.05	24.91	2452	1259	1848	36	0	0	0	0	5595	301.20	22.93	5.63	22.05	43.34	25.69	52.60	1.40	22.87	18.67
8/3/2016 8:14:20 PM	4.00	1.23	3.98	0.87	0.00	0.00	0.00	0.20	10.08	100.00	4.12	24.63	2119	1235	1792	26	0	0	0	0	5171	300.99	21.16	5.49	20.48	41.31	23.08	48.23	1.40	22.91	18.68
8/3/2016 8:14:23 PM	3.93	0.93	3.56	0.71	0.00	0.00	0.00	0.21	9.13	100.00	4.20	24.51	2085	932	1600	21	0	0	0	0	4638	300.90	18.94	4.59	17.49	38.49	20.17	44.60	1.41	22.93	18.75
8/3/2016 8:14:25 PM	3.47	0.93	2.86	1.02	0.00	0.00	0.00	0.29	8.29	100.00	4.26	24.39	1839	935	1288	31	0	0	0	0	4093	302.00	17.63	4.59	16.78	36.66	20.10	40.67	1.42	22.98	18.71
8/3/2016 8:14:28 PM	3.75	1.16	3.10	0.60	0.00	0.00	0.00	0.24	8.61	100.00	4.35	24.14	1986	1164	1393	18	0	0	0	0	4561	301.88	17.27	4.58	17.92	36.56	20.01	40.85	1.43	23.01	18.78
8/3/2016 8:14:31 PM	3.75	1.08	3.01	0.86	0.00	0.00	0.00	0.26	8.71	100.00	4.46	23.24	1989	1082	1353	26	0	0	0	0	4450	301.70	17.84	4.66	17.85	37.36	20.68	41.80	1.44	23.06	18.77
8/3/2016 8:14:34 PM	3.32	1.42	2.87	1.12	0.00	0.00	0.00	0.31	8.73	100.00	4.52	22.96	1759	1419	1293	34	0	0	0	0	4504	302.60	18.40	5.35	19.95	37.63	22.86	40.86	1.44	23.10	18.84
8/3/2016 8:14:37 PM	3.20	1.58	2.76	1.04	0.00	0.00	0.00	0.31	8.57	100.00	4.61	22.71	1694	1579	1242	31	0	0	0	0	4546	302.10	17.83	5.36	20.49	36.66	23.05	39.28	1.45	23.13	18.84
8/3/2016 8:14:39 PM	3.34	1.63	2.57	1.20	0.00	0.00	0.00	0.30	8.73	100.00	4.65	22.58	1768	1626	1155	36	0	0	0	0	4585	301.86	17.85	5.58	21.04	36.69	23.83	39.45	1.46	23.17	18.85
8/3/2016 8:14:42 PM	3.59	1.79	2.31	1.68	0.00	0.00	0.00	0.30	9.38	100.00	4.74	22.08	1901	1795	1042	51	0	0	0	0	4788	300.34	19.02	6.32	23.14	38.35	26.76	41.53	1.46	23.20	18.85
8/3/2016 8:14:45 PM	3.79	2.13	1.98	2.01	0.00	0.00	0.00	0.30	9.90	100.00	4.80	21.32	2006	2131	890	60	0	0	0	0	5087	300.49	19.47	7.13	25.80	39.05	29.58	42.07	1.47	23.24	18.85
8/3/2016 8:14:48 PM	4.23	2.48	1.84	2.34	0.00	0.00	0.00	0.31	10.89	100.00	4.87	21.39	2243	2478	828	70	0	0	0	0	5618	300.58	20.87	7.90	29.04	41.85	33.21	45.11	1.48	23.26	18.90
8/3/2016 8:14:51 PM	5.34	2.73	1.25	3.94	0.00	0.00	0.00	0.32	13.26	100.00	4.97	20.98	2832	2728	563	118	0	0	0	0	6241	300.65	25.39	10.58	34.81	49.15	41.60	54.70	1.49	23.29	18.92
8/3/2016 8:14:53 PM	6.35	2.91	1.56	3.94	0.00	0.00	0.00	0.25	14.75	100.00	5.06	19.79	3364	2907	701	118	0	0	0	0	7090	299.68	27.06	11.69	37.65	52.63	43.71	60.40	1.50	23.33	18.92
8/3/2016 8:14:56 PM	6.62	2.85	1.20	5.20	0.00	0.00	0.00	0.22	15.87	100.00	5.21	19.55	3510	2850	541	156	0	0	0	0	7057	300.12	30.22	12.98	39.92	55.69	48.77	65.55	1.51	23.35	18.95
8/3/2016 8:14:59 PM	6.83	2.98	1.06	5.51	0.00	0.00	0.00	0.20	16.38	100.00	5.31	19.81	3619	2976	479	165	0	0	0	0	7240	299.67	31.05	13.37	41.42	56.52	50.90	67.02	1.52	23.38	18.96
8/3/2016 8:15:02 PM	6.65	3.62	1.20	5.53	0.00	0.00	0.00	0.21	17.00	100.00	5.39	19.55	3525	3617	541	166	0	0	0	0	7849	299.22	32.05	14.34	45.58	57.66	54.23	67.39	1.53	23.39	18.97
8/3/2016 8:15:05 PM	6.78	4.04	0.91	5.97	0.00	0.00	0.00	0.19	17.70	100.00	5.49	19.07	3593	4036	411	179	0	0	0	0	8218	298.60	33.06	15.11	48.91	58.51	58.16	68.36	1.54	23.42	18.99
8/3/2016 8:15:07 PM	6.32	5.45	0.32	6.93	0.00	0.00	0.00	0.23	19.02	100.00	5.59	18.57	3350	5454	143	208	0	0	0	0	9155	297.70	35.47	17.68	58.78	60.14	68.40	68.16	1.55	23.45	19.00
8/3/2016 8:15:10 PM	5.47	6.33	0.00	7.01	0.00	0.00	0.00	0.22	18.81	100.00	5.69	18.44	2901	6328	0	210	0	0	0	0	9439	297.62	34.64	18.20	62.79	57.03	72.40	62.95	1.56	23.46	19.04
8/3/2016 8:15:13 PM	3.77	7.13	0.00	8.35	0.00	0.00	0.00	0.25	19.25	100.00	5.80	17.97	1997	7134	0	251	0	0	0	0	9382	296.79	37.52	19.72	67.65	57.61	82.75	62.54	1.57	23.48	19.02
8/3/2016 8:15:16 PM	3.93	9.63	0.00	8.12	0.00	0.00	0.00	0.22	21.68	100.00	5.91	17.94	2084	9627	0	244	0	0	0	0	11955	296.39	39.00	22.70	83.08	59.92	94.93	62.36	1.58	23.49	19.01
8/3/2016 8:15:18 PM	4.09	12.72	0.00	8.35	0.00	0.00	0.00	0.13	25.17	100.00	6.02	17.65	2167	12724	0	251	0	0	0	0	15141	293.97	42.28	25.80	102.71	63.48	113.32	64.12	1.59	23.51	19.04
8/3/2016 8:15:21 PM	2.08	18.60	0.00	10.55	0.00	0.00	0.00	0.23	31.23	100.00	6.16	16.35	1104	18595	0	316	0	0	0	0	20016	290.16	51.60	34.74	140.28	74.45	155.11	68.61	1.60	23.52	19.04
8/3/2016 8:15:24 PM	2.20	26.98	0.00	12.77	0.00	0.00	0.00	0.28	41.94	100.00	6.31	15.37	1164	26981	0	383	0	0	0	0	28528	286.81	65.70	46.08	196.54	94.82	212.08	82.73	1.62	23.52	19.06
8/3/2016 8:15:27 PM	0.64	35.99	0.00	17.04	0.00	0.00	0.00	0.50	53.67	99.28	6.45	14.87	340	35987	0	511	0	0	0	0	36839	278.72	84.39	59.95	257.40	121.45	282.82	101.60	1.63	23.53	19.08
8/3/2016 8:15:30 PM	1.66	35.05	0.00	16.00	0.00	0.00	0.00	0.52	52.71	98.83	6.54	14.89	882	35048	0	480	0	0	0	0	36410	277.46	81.97	58.17	251.44	120.56	272.74	100.94	1.64	23.54	19.11
8/3/2016 8:15:32 PM	3.11	35.81	0.00	17.73	0.00	0.00	0.00	0.52	56.65	98.46	6.64	15.18	1649	35810	0	532	0	0	0	0	37991	276.43	88.95	61.06	261.01	132.65	287.06	116.30	1.65	23.54	19.10
8/3/2016 8:15:35 PM	4.97	32.18	0.00	18.53	0.00	0.00	0.00	0.57	55.67	98.24	6.73	14.81	2632	32177	0	556	0	0	0	0	35365	275.81	91.20	60.45	244.16	138.02	270.24	128.33	1.66	23.54	19.13
8/3/2016 8:15:38 PM	5.56	31.88	0.00	21.35	0.00	0.00	0.00	0.78	58.79	97.81	6.78	14.56	2949	31877	0	641	0	0	0	0	35466	274.61	101.18	62.69	248.65	154.16	283.18	147.18	1.66	23.54	19.13
8/3/2016 8:15:41 PM	6.10	33.10	0.00	21.99	0.00	0.00	0.00	0.80	61.20	98.08	6.87	14.59	3236	33102	0	660	0	0	0	0	36998	275.38	105.53	65.85	259.28	160.26	291.88	153.35	1.67	23.53	19.14
8/3/2016 8:15:44 PM	6.71	30.60	0.00	22.30	0.00	0.00	0.00	0.72	59.61	97.79	6.93	13.61	3558	30595	0	669	0	0	0	0	34822	274.54	106.31	64.98	247.15	158.01	277.15	156.21	1.68	23.52	19.15
8/3/2016 8:15:46 PM	6.69	30.75	0.00	24.46	0.00	0.00	0.00	0.76	61.91	99.41	6.98	13.94	3548	30750	0	734	0	0	0	0	35032	279.10	111.08	67.38	250.34	166.72	291.24	167.41	1.68	23.52	19.17
8/3/2016 8:15:49 PM	8.87	31.21	0.00	23.35	0.00	0.00	0.00	0.53	63.43	97.91	7.05	14.55	4701	31208	0	700	0	0	0	0	36609	274.87	110.17	65.60	253.83	165.85	289.97	169.40	1.69	23.51	19.17
8/3/2016 8:15:52 PM	5.57	28.57	0.00	24.11	0.00	0.00	0.00	0.85	58.24	99.06	7.17	13.18	2950	28571	0	723	0	0	0	0	32245	278.12	107.17	63.28	234.11	160.70	277.73	160.90	1.70	23.50	19.18
8/3/2016 8:15:55 PM	6.97	30.16	0.00	23.42	0.00	0.00	0.00	0.83	60.54	99.55	7.26	12.18	3693	30160	0	702	0	0	0	0	34555	279.49	108.54	65.15	245.45	164.74	282.72	163.91	1.71	23.49	19.18
8/3/2016 8:15:58 PM	5.93	29.46	0.00	23.01	0.00	0.00	0.00	0.83	58.40	100.00	7.37	12.14	3143	29456	0	690	0	0	0	0	33289	281.12	106.29	63.33	239.34	158.71	275.58	157.03	1.72	23.47	19.20
8/3/2016 8:16:00 PM	7.47	29.93	0.00	23.01	0.00	0.00	0.00	0.74	60.41	100.00	7.47	12.73	3957	29930	0	690	0	0	0	0	34577	281.75	107.74	64.96	244.41	162.80	279.04	163.22	1.73	23.46	19.20
8/3/2016 8:16:03 PM	5.31	31.78	0.00	23.32	0.00	0.00	0.00	0.95	60.41	100.00	7.58	13.50	2813	31782	0	700	0	0	0	0	35294	281.17	108.02	66.66	252.93	163.63	290.20	157.59	1.74	23.43	19.19
8/3/2016 8:16:06 PM	5.97	31.70	0.00	22.59	0.00	0.00	0.00	0.88	60.26	100.00	7.72	12.96	3161	31701	0	678	0	0	0	0	35541	281.80	106.21	65.08	251.59	161.67	287.13	156.14	1.76	23.41	19.20
8/3/2016 8:16:09 PM	5.79	31.38	0.00	21.60	0.00	0.00	0.00	0.80	58.78	100.00	7.83	12.06	3071	31384	0	648	0	0	0	0	35102	283.35	102.13	63.04	246.90	155.47	281.12	149.51	1.77	23.40	19.20
8/3/2016 8:16:11 PM	4.55	31.33	0.00	20.47	0.00	0.00	0.00	0.93	56.35	100.00	7.94	11.60	2410	31330	0	614	0	0	0	0	34354	283.13	97.45	61.24	242.37	150.06	275.05	139.49	1.78	23.37	19.20
8/3/2016 8:16:14 PM	3.26	31.23	0.00	19.34	0.00	0.00	0.00	1.00	53.83	100.00	8.02	11.56	1727	31232	0	580	0	0	0	0	33539	283.56	92.39	58.31	236.94	143.25	269.46	128.68	1.79	23.34	19.21
8/3/2016 8:16:17 PM	2.36	31.01	0.00	17.35	0.00	0.00	0.00	1.08	50.72	100.00	8.14	11.44	1253	31014	0	520	0	0	0	0	32787	284.82	85.01	55.39	230.04	134.73	258.69	115.38	1.80	23.31	19.20
8/3/2016 8:16:20 PM	1.38	34.91	0.00	14.39	0.00	0.00	0.00	1.04	50.67	100.00	8.27	11.09	731	34906	0	432	0	0	0	0	36068	282.87	77.25	55.33	245.97	125.50	266.30	96.64	1.81	23.29	19.19
8/3/2016 8:16:23 PM	1.96	33.75	0.00	13.84	0.00	0.00	0.00	1.04	49.55	100.00	8.39	11.36	1040	33747	0	415	0	0	0	0	35202	283.38	74.81	53.27	238.06	124.05	258.38	96.18	1.82	23.25	19.19
8/3/2016 8:16:25 PM	0.00	36.25	0.00	12.08	0.00	0.00	0.00	1.13	48.33	100.00	8.56	10.43	0	36254	0	362	0	0	0	0	36616	282.82	68.50	52.19	245.68	116.76	264.76	79.97	1.84	23.22	19.21
8/3/2016 8:16:28 PM	0.21	36.86	0.00	12.12	0.00	0.00	0.00	1.09	49.20	98.96	8.63	10.28	113	36861	0	364	0	0	0	0	37338	277.85	69.30	53.73	250.24	117.68	267.76	81.03	1.85	23.19	19.18
8/3/2016 8:16:31 PM	0.24	37.17	0.00	11.24	0.00	0.00	0.00	1.09	48.65	100.00	8.73	10.79	129	37168	0	337	0	0	0	0	37634	283.36	67.38	53.07	250.91	115.03	264.58	76.79	1.86	23.15	19.16
8/3/2016 8:16:34 PM	0.00	38.46	0.00	11.58	0.00	0.00	0.00	1.14	50.04	100.00	8.86	11.01	0	38461	0	347	0	0	0	0	38809	282.16	69.11	54.15	258.40	118.33	274.35	77.99	1.87	23.11	19.17
8/3/2016 8:16:37 PM	0.00	40.05	0.00	11.35	0.00	0.00	0.00	1.15	51.40	99.98	8.99	10.73	0	40051	0	341	0	0	0	0	40391	280.70	69.78	55.52	267.73	119.92	282.05	77.31	1.88	23.07	19.13
8/3/2016 8:16:39 PM	0.00	38.36	0.00	11.48	0.00	0.00	0.00	1.11	49.84	99.55	9.10	10.77	0	38357	0	344	0	0	0	0	38702	279.48	68.46	53.14	254.42	117.92	277.02	75.43	1.89	23.03	19.16
8/3/2016 8:16:42 PM	0.00	37.06	0.00	10.46	0.00	0.00	0.00	0.97	47.51	100.00	9.22	10.71	0	37057	0	314	0	0	0	0	37370	280.80	64.06	50.72	242.40	110.10	266.90	67.19	1.90	22.99	19.15
8/3/2016 8:16:45 PM	0.00	41.70	0.00	9.67	0.00	0.00	0.00	0.98	51.37	99.61	9.34	10.20	0	41699	0	290	0	0	0	0	41989	279.66	66.11	55.59	271.08	113.51	286.55	64.90	1.92	22.94	19.15
8/3/2016 8:16:48 PM	0.00	42.63	0.00	8.79	0.00	0.00	0.00	0.87	51.42	99.15	9.46	10.18	0	42627	0	264	0	0	0	0	42891	278.37	63.95	54.94	274.18	109.53	288.35	59.18	1.93	22.91	19.13
8/3/2016 8:16:51 PM	0.00	41.60	0.00	8.13	0.00	0.00	0.00	0.84	49.73	99.34	9.58	10.14	0	41599	0	244	0	0	0	0	41843	278.91	61.30	52.83	267.31	104.81	278.57	55.62	1.94	22.86	19.14
8/3/2016 8:16:53 PM	0.00	42.02	0.00	8.87	0.00	0.00	0.00	0.74	50.90	98.54	9.69	9.51	0	42023	0	266	0	0	0	0	42289	276.66	63.66	54.59	268.07	106.64	288.00	56.21	1.95	22.81	19.15
8/3/2016 8:16:56 PM	0.00	43.61	0.00	8.78	0.00	0.00	0.00	0.71	52.39	98.44	9.80	9.65	0	43608	0	263	0	0	0	0	43872	276.37	64.93	57.23	278.39	107.83	295.09	55.87	1.96	22.77	19.11
8/3/2016 8:16:59 PM	0.00	41.72	0.00	7.62	0.00	0.00	0.00	0.77	49.34	98.77	9.90	9.89	0	41717	0	229	0	0	0	0	41946	277.30	60.32	52.67	266.37	102.01	277.21	51.52	1.97	22.71	19.08
8/3/2016 8:17:02 PM	0.00	41.93	0.00	8.55	0.00	0.00	0.00	0.63	50.48	98.73	9.98	10.02	0	41932	0	257	0	0	0	0	42189	277.19	62.08	54.65	265.15	103.41	287.66	52.35	1.98	22.66	19.09
8/3/2016 8:17:04 PM	0.00	48.20	0.00	8.59	0.00	0.00	0.00	0.67	56.79	97.48	10.13	10.20	0	48196	0	258	0	0	0	0	48454	273.69	67.64	60.82	304.53	112.80	321.68	55.01	1.99	22.61	19.08
8/3/2016 8:17:07 PM	0.00	49.35	0.00	8.42	0.00	0.00	0.00	0.64	57.76	96.96	10.23	9.70	0	49348	0	252	0	0	0	0	49601	272.21	68.23	61.53	311.95	112.95	326.41	54.49	2.00	22.56	19.07
8/3/2016 8:17:10 PM	0.00	51.63	0.00	9.24	0.00	0.00	0.00	0.64	60.87	96.67	10.33	9.73	0	51630	0	277	0	0	0	0	51907	271.41	72.84	65.02	327.13	118.95	343.45	58.66	2.01	22.52	19.07
8/3/2016 8:17:13 PM	0.00	50.49	0.00	8.89	0.00	0.00	0.00	0.54	59.38	97.21	10.44	10.10	0	50489	0	267	0	0	0	0	50756	272.90	70.03	64.17	317.22	114.59	337.76	54.36	2.02	22.46	19.03
8/3/2016 8:17:16 PM	0.00	48.34	0.00	9.55	0.00	0.00	0.00	0.44	57.89	96.72	10.52	10.18	0	48342	0	286	0	0	0	0	48629	271.53	69.65	62.28	302.06	112.58	332.79	54.43	2.03	22.40	19.04
8/3/2016 8:17:18 PM	0.00	52.48	0.00	9.11	0.00	0.00	0.00	0.48	61.59	96.02	10.65	9.69	0	52483	0	273	0	0	0	0	52756	269.57	72.56	66.03	329.53	116.67	350.16	54.91	2.04	22.35	19.03
8/3/2016 8:17:21 PM	0.00	53.77	0.00	9.47	0.00	0.00	0.00	0.47	63.24	95.56	10.77	9.33	0	53773	0	284	0	0	0	0	54057	268.27	75.09	67.83	337.05	119.81	360.23	56.00	2.06	22.29	19.03
8/3/2016 8:17:24 PM	0.00	56.57	0.00	9.24	0.00	0.00	0.00	0.49	65.81	95.71	10.87	9.68	0	56575	0	277	0	0	0	0	56852	268.71	76.82	70.90	355.03	123.04	373.17	56.38	2.07	22.25	18.97
8/3/2016 8:17:27 PM	0.00	60.32	0.00	9.76	0.00	0.00	0.00	0.49	70.09	94.83	10.98	9.66	0	60323	0	293	0	0	0	0	60616	266.25	81.25	74.80	378.78	130.04	396.99	60.06	2.08	22.18	18.97
8/3/2016 8:17:30 PM	0.00	60.71	0.00	10.34	0.00	0.00	0.00	0.48	71.06	94.58	11.08	9.63	0	60714	0	310	0	0	0	0	61025	265.54	82.88	76.70	381.01	132.70	403.33	62.18	2.09	22.13	18.96
8/3/2016 8:17:32 PM	0.00	60.50	0.00	9.72	0.00	0.00	0.00	0.53	70.22	94.45	11.17	10.06	0	60502	0	292	0	0	0	0	60793	265.16	82.74	75.71	381.06	130.84	395.95	60.06	2.09	22.07	18.95
8/3/2016 8:17:35 PM	0.00	61.07	0.00	9.72	0.00	0.00	0.00	0.51	70.79	94.62	11.28	10.20	0	61070	0	291	0	0	0	0	61361	265.64	82.51	76.29	383.60	131.32	400.23	59.75	2.10	22.01	18.94
8/3/2016 8:17:38 PM	0.00	59.18	0.00	10.29	0.00	0.00	0.00	0.39	69.47	95.23	11.35	10.23	0	59181	0	309	0	0	0	0	59489	267.35	81.42	72.99	370.34	128.57	396.15	60.30	2.11	21.96	18.92
8/3/2016 8:17:41 PM	0.00	58.53	0.00	11.04	0.00	0.00	0.00	0.36	69.58	94.36	11.43	10.36	0	58532	0	331	0	0	0	0	58864	264.90	83.15	75.97	364.95	130.60	398.87	61.05	2.12	21.89	18.89
8/3/2016 8:17:44 PM	0.00	59.43	0.00	11.48	0.00	0.00	0.00	0.25	70.91	93.31	11.52	10.52	0	59432	0	344	0	0	0	0	59777	261.96	84.99	77.63	372.25	130.54	404.69	62.81	2.13	21.83	18.86
8/3/2016 8:17:46 PM	0.00	63.03	0.00	9.78	0.00	0.00	0.00	0.49	72.81	94.31	11.64	10.45	0	63030	0	293	0	0	0	0	63323	264.76	84.05	77.90	396.83	133.32	410.30	61.24	2.14	21.78	18.86
8/3/2016 8:17:49 PM	0.00	59.33	0.00	10.49	0.00	0.00	0.00	0.49	69.83	94.35	11.78	9.69	0	59334	0	315	0	0	0	0	59649	264.87	82.70	73.36	372.14	131.54	397.55	62.43	2.15	21.72	18.83
8/3/2016 8:17:52 PM	0.00	64.20	0.00	10.80	0.00	0.00	0.00	0.62	75.00	92.42	11.88	8.84	0	64202	0	324	0	0	0	0	64526	259.47	88.11	81.32	406.27	141.37	421.47	68.05	2.16	21.68	18.83
8/3/2016 8:17:55 PM	0.00	66.08	0.00	10.39	0.00	0.00	0.00	0.64	76.47	92.51	11.94	8.76	0	66077	0	312	0	0	0	0	66389	259.71	89.24	81.20	417.77	142.66	429.20	67.06	2.17	21.60	18.83
