Date/Time	Green Algae	Bluegreen	Diatoms	Cryptophyta	#4	#5	#6	Yellow substances	Total conc.	Transmission	Depth	Temp. Sample	Green Algae	Bluegreen	Diatoms	Cryptophyta	#4	#5	#6	Yellow substances	Total cell count	Trans. 700 nm	LED 3 [525 nm]	LED 4 [570 nm]	LED 5 [610 nm]	LED 6 [370 nm]	LED 7 [590 nm]	LED 8 [470 nm]	Pressure	Temp. LEDs	Temp. Sensor
date	µg/l	µg/l	µg/l	µg/l	µg/l	µg/l	µg/l	µg/l	µg/l	%	m	°C	cells/ml	cells/ml	cells/ml	cells/ml	cells/ml	cells/ml	cells/ml	cells/ml	cells/ml	digits	digits	digits	digits	digits	digits	digits	bar	°C	°C
5/30/2016 11:58:50 AM	0.00	1.60	0.00	0.16	0.00	0.00	0.00	0.00	1.76	40.28	0.03	21.68	0	1604	0	5	0	0	0	0	1609	112.99	5.39	6.64	10.64	2.91	10.57	-1.96	1.00	21.64	18.86
5/30/2016 11:58:53 AM	0.65	0.53	1.45	0.42	0.00	0.00	0.00	0.02	3.05	57.97	0.24	22.09	342	533	655	13	0	0	0	0	1542	162.67	7.50	2.33	7.66	11.86	9.73	13.63	1.02	21.68	18.90
5/30/2016 11:58:55 AM	3.00	0.85	0.00	0.77	0.00	0.00	0.00	0.00	4.62	100.00	0.63	22.54	1590	851	0	23	0	0	0	0	2464	302.13	4.69	-1.26	9.82	11.70	16.38	19.31	1.06	21.73	18.89
5/30/2016 11:58:58 AM	1.74	1.22	1.28	0.00	0.00	0.00	0.00	0.19	4.25	100.00	0.86	22.49	925	1222	578	0	0	0	0	0	2725	310.24	7.59	2.95	12.50	18.15	12.14	17.24	1.08	21.76	18.90
5/30/2016 11:59:01 AM	2.59	0.38	1.20	0.92	0.00	0.00	0.00	0.00	5.08	100.00	1.09	22.42	1372	380	538	28	0	0	0	0	2317	314.90	9.43	1.65	10.22	15.94	12.97	24.98	1.11	21.81	18.90
5/30/2016 11:59:04 AM	4.55	0.73	0.00	0.64	0.00	0.00	0.00	0.00	5.92	100.00	1.36	21.30	2413	726	0	19	0	0	0	0	3159	319.50	6.47	2.14	12.05	18.06	13.79	24.43	1.13	21.85	18.92
5/30/2016 11:59:07 AM	1.47	0.92	2.69	0.00	0.00	0.00	0.00	0.00	5.08	100.00	1.58	20.80	782	924	1209	0	0	0	0	0	2915	307.14	11.34	-0.74	13.67	17.23	11.54	23.87	1.15	21.89	18.91
5/30/2016 11:59:09 AM	1.48	0.47	2.82	0.00	0.00	0.00	0.00	0.11	4.77	100.00	1.80	20.40	786	466	1269	0	0	0	0	0	2521	314.40	11.44	3.49	10.77	21.42	8.53	24.54	1.18	21.94	18.95
5/30/2016 11:59:12 AM	1.90	0.79	2.96	0.00	0.00	0.00	0.00	0.00	5.65	100.00	1.95	20.14	1005	792	1331	0	0	0	0	0	3129	316.84	12.33	0.68	11.33	21.04	13.98	26.38	1.19	21.95	18.97
5/30/2016 11:59:15 AM	4.63	1.01	1.08	0.00	0.00	0.00	0.00	0.00	6.72	100.00	2.16	19.86	2455	1014	484	0	0	0	0	0	3954	313.05	8.36	2.54	13.77	22.87	14.11	27.09	1.21	22.00	18.97
5/30/2016 11:59:18 AM	2.91	0.94	2.17	0.38	0.00	0.00	0.00	0.00	6.40	100.00	2.37	19.39	1543	936	977	12	0	0	0	0	3467	314.47	11.55	5.95	14.66	22.47	13.72	28.32	1.23	22.03	18.98
5/30/2016 11:59:21 AM	3.50	1.16	1.66	0.29	0.00	0.00	0.00	0.00	6.60	100.00	2.64	19.01	1856	1159	746	9	0	0	0	0	3769	314.24	10.43	3.00	14.88	22.02	15.96	27.48	1.26	22.07	18.97
5/30/2016 11:59:23 AM	1.65	0.69	0.61	2.09	0.00	0.00	0.00	0.25	5.04	100.00	2.91	18.86	873	692	274	63	0	0	0	0	1901	311.36	11.96	4.94	12.66	22.56	17.65	23.63	1.29	22.10	18.98
5/30/2016 11:59:26 AM	1.66	1.54	1.36	0.85	0.00	0.00	0.00	0.17	5.40	100.00	3.16	18.53	880	1535	611	26	0	0	0	0	3052	317.49	10.96	3.32	15.77	21.14	18.50	21.46	1.31	22.13	18.97
5/30/2016 11:59:29 AM	3.53	1.13	0.41	1.19	0.00	0.00	0.00	0.08	6.26	100.00	3.36	18.31	1869	1135	185	36	0	0	0	0	3224	314.71	9.64	4.54	15.16	22.15	17.65	24.87	1.33	22.16	19.00
5/30/2016 11:59:32 AM	2.94	1.58	0.39	1.56	0.00	0.00	0.00	0.24	6.46	100.00	3.60	17.61	1559	1578	173	47	0	0	0	0	3357	317.19	11.40	4.06	17.74	25.33	21.82	25.54	1.35	22.19	19.01
5/30/2016 11:59:34 AM	4.15	1.74	1.46	0.93	0.00	0.00	0.00	0.11	8.29	100.00	3.86	16.83	2202	1742	658	28	0	0	0	0	4629	313.77	13.56	3.61	19.97	29.66	23.09	33.20	1.38	22.21	19.02
5/30/2016 11:59:37 AM	4.07	1.27	1.95	1.66	0.00	0.00	0.00	0.00	8.95	100.00	4.08	16.41	2157	1270	876	50	0	0	0	0	4353	314.48	16.54	6.17	19.88	30.75	23.22	38.33	1.40	22.23	19.04
5/30/2016 11:59:40 AM	4.18	1.64	2.57	0.80	0.00	0.00	0.00	0.06	9.19	100.00	4.29	16.14	2217	1641	1156	24	0	0	0	0	5038	313.32	16.50	3.73	20.56	32.85	23.70	38.82	1.42	22.25	19.07
5/30/2016 11:59:43 AM	4.28	1.58	2.08	1.44	0.00	0.00	0.00	0.00	9.39	100.00	4.53	15.51	2268	1582	937	43	0	0	0	0	4830	313.76	16.69	6.11	21.83	31.42	24.37	39.31	1.44	22.29	19.02
5/30/2016 11:59:46 AM	4.62	1.72	2.30	0.77	0.00	0.00	0.00	0.02	9.41	100.00	4.77	15.01	2447	1724	1035	23	0	0	0	0	5229	313.42	15.76	4.20	21.25	32.29	23.78	38.62	1.47	22.31	19.06
5/30/2016 11:59:48 AM	4.58	1.61	1.58	1.28	0.00	0.00	0.00	0.08	9.06	100.00	5.02	14.51	2430	1615	712	38	0	0	0	0	4794	312.65	15.13	5.29	21.01	32.07	23.87	37.32	1.49	22.31	19.07
5/30/2016 11:59:51 AM	4.78	1.64	1.41	1.17	0.00	0.00	0.00	0.11	8.99	100.00	5.24	14.15	2532	1641	634	35	0	0	0	0	4841	314.02	14.42	5.39	20.98	32.24	23.34	36.85	1.51	22.33	19.07
5/30/2016 11:59:54 AM	5.17	1.48	0.78	1.57	0.00	0.00	0.00	0.15	9.00	100.00	5.47	13.67	2741	1482	350	47	0	0	0	0	4620	313.21	13.97	5.73	20.54	32.80	23.67	37.15	1.54	22.34	19.04
5/30/2016 11:59:57 AM	5.30	1.73	0.84	1.39	0.00	0.00	0.00	0.14	9.25	100.00	5.70	12.85	2808	1728	377	42	0	0	0	0	4955	312.57	13.94	4.72	21.53	32.97	25.00	37.08	1.56	22.35	19.10
5/30/2016 12:00:00 PM	6.05	1.54	0.00	1.84	0.00	0.00	0.00	0.11	9.43	100.00	5.95	12.15	3208	1539	0	55	0	0	0	0	4801	311.19	12.86	5.93	21.32	32.54	24.95	37.34	1.58	22.36	19.08
5/30/2016 12:00:02 PM	5.21	1.51	0.77	1.30	0.00	0.00	0.00	0.13	8.80	100.00	6.23	11.48	2762	1512	348	39	0	0	0	0	4662	310.49	13.08	5.08	20.04	31.65	22.87	35.79	1.61	22.37	19.05
5/30/2016 12:00:05 PM	4.62	1.41	0.76	1.18	0.00	0.00	0.00	0.13	7.97	100.00	6.54	11.20	2448	1412	340	35	0	0	0	0	4235	310.43	12.05	4.50	18.37	28.82	21.23	32.30	1.64	22.36	19.12
5/30/2016 12:00:08 PM	4.33	1.21	0.77	0.98	0.00	0.00	0.00	0.13	7.29	100.00	6.74	11.03	2296	1207	348	29	0	0	0	0	3880	309.32	11.01	3.99	16.33	26.95	18.96	30.08	1.66	22.36	19.12
5/30/2016 12:00:11 PM	3.92	1.25	0.92	0.85	0.00	0.00	0.00	0.13	6.94	100.00	7.00	10.84	2079	1250	413	25	0	0	0	0	3767	309.65	10.80	3.53	15.94	25.83	18.56	28.47	1.69	22.36	19.12
5/30/2016 12:00:14 PM	4.04	1.10	0.89	0.87	0.00	0.00	0.00	0.10	6.90	100.00	7.28	10.88	2141	1097	400	26	0	0	0	0	3664	308.57	10.60	3.66	15.19	25.27	17.76	28.60	1.71	22.35	19.08
5/30/2016 12:00:16 PM	3.82	1.10	0.99	0.75	0.00	0.00	0.00	0.12	6.66	100.00	7.47	10.85	2025	1096	445	23	0	0	0	0	3589	309.44	10.44	3.63	14.86	25.10	17.12	27.89	1.73	22.38	19.04
5/30/2016 12:00:19 PM	3.66	1.10	0.87	0.92	0.00	0.00	0.00	0.11	6.55	100.00	7.75	10.90	1937	1102	391	28	0	0	0	0	3458	308.94	10.46	3.73	14.91	24.38	17.53	27.17	1.76	22.34	19.07
5/30/2016 12:00:22 PM	3.88	1.12	0.84	0.82	0.00	0.00	0.00	0.11	6.66	100.00	7.96	10.89	2054	1119	379	25	0	0	0	0	3577	308.50	10.22	3.57	14.97	24.63	17.42	27.46	1.78	22.35	19.11
5/30/2016 12:00:25 PM	3.89	1.02	0.53	1.11	0.00	0.00	0.00	0.14	6.55	100.00	8.24	10.89	2060	1018	239	33	0	0	0	0	3351	309.15	10.16	3.82	14.62	24.81	17.65	27.34	1.81	22.35	19.02
5/30/2016 12:00:27 PM	3.82	1.10	1.02	0.80	0.00	0.00	0.00	0.11	6.74	100.00	8.45	10.86	2024	1095	460	24	0	0	0	0	3604	309.06	10.67	3.58	14.96	25.12	17.42	28.19	1.83	22.31	19.07
5/30/2016 12:00:30 PM	3.78	1.10	0.86	0.89	0.00	0.00	0.00	0.13	6.62	100.00	8.69	10.77	2004	1096	387	27	0	0	0	0	3513	308.81	10.47	3.66	14.92	25.06	17.52	27.68	1.85	22.29	19.04
5/30/2016 12:00:33 PM	3.79	1.11	0.87	0.83	0.00	0.00	0.00	0.12	6.59	100.00	8.87	10.73	2007	1108	391	25	0	0	0	0	3530	308.63	10.28	3.55	14.86	24.60	17.37	27.33	1.87	22.30	19.02
5/30/2016 12:00:36 PM	3.78	1.17	0.95	0.79	0.00	0.00	0.00	0.12	6.69	100.00	9.12	10.68	2006	1171	428	24	0	0	0	0	3628	308.85	10.49	3.62	15.28	25.06	17.63	27.69	1.89	22.28	19.06
5/30/2016 12:00:39 PM	3.73	1.11	0.93	0.85	0.00	0.00	0.00	0.12	6.62	100.00	9.34	10.78	1977	1113	417	25	0	0	0	0	3532	308.56	10.50	3.59	14.94	24.80	17.49	27.54	1.92	22.24	19.07
