Date/Time	Green Algae	Bluegreen	Diatoms	Cryptophyta	#4	#5	#6	Yellow substances	Total conc.	Transmission	Depth	Temp. Sample	Green Algae	Bluegreen	Diatoms	Cryptophyta	#4	#5	#6	Yellow substances	Total cell count	Trans. 700 nm	LED 3 [525 nm]	LED 4 [570 nm]	LED 5 [610 nm]	LED 6 [370 nm]	LED 7 [590 nm]	LED 8 [470 nm]	Pressure	Temp. LEDs	Temp. Sensor
date	µg/l	µg/l	µg/l	µg/l	µg/l	µg/l	µg/l	µg/l	µg/l	%	m	°C	cells/ml	cells/ml	cells/ml	cells/ml	cells/ml	cells/ml	cells/ml	cells/ml	cells/ml	digits	digits	digits	digits	digits	digits	digits	bar	°C	°C
6/25/2016 1:56:19 PM	1.34	0.00	0.00	0.93	0.00	0.00	0.00	0.15	2.27	89.08	0.51	25.73	712	0	0	28	0	0	0	0	740	250.07	5.40	4.50	1.83	11.34	6.92	12.57	1.05	24.53	20.90
6/25/2016 1:56:22 PM	3.20	0.47	0.01	0.00	0.00	0.00	0.00	0.08	3.68	97.81	0.59	25.74	1697	468	4	0	0	0	0	0	2169	274.59	3.46	1.47	7.23	14.25	8.09	14.81	1.06	24.57	20.86
6/25/2016 1:56:25 PM	0.64	0.00	0.93	0.51	0.00	0.00	0.00	0.23	2.09	100.00	0.71	25.68	341	0	418	15	0	0	0	0	775	294.58	6.12	2.49	3.12	13.66	6.69	13.04	1.07	24.61	20.91
6/25/2016 1:56:28 PM	0.00	0.12	0.02	1.30	0.00	0.00	0.00	0.52	1.44	100.00	0.77	25.66	0	119	7	39	0	0	0	0	165	293.70	10.81	2.11	4.57	17.31	8.19	8.72	1.08	24.63	20.88
6/25/2016 1:56:30 PM	0.00	0.00	1.34	0.48	0.00	0.00	0.00	0.39	1.82	95.64	0.82	25.66	0	0	601	15	0	0	0	0	616	268.51	8.99	3.17	3.38	16.89	5.85	13.08	1.08	24.67	20.92
6/25/2016 1:56:33 PM	1.49	0.41	1.06	0.00	0.00	0.00	0.00	0.24	2.96	100.00	0.89	25.66	787	410	477	0	0	0	0	0	1674	326.32	6.38	-0.20	9.40	16.30	4.52	15.07	1.09	24.69	20.96
6/25/2016 1:56:36 PM	0.00	0.00	2.05	0.49	0.00	0.00	0.00	0.21	2.54	100.00	0.97	25.61	0	0	921	15	0	0	0	0	935	304.80	12.19	2.13	0.20	15.94	8.84	15.53	1.09	24.74	20.92
6/25/2016 1:56:39 PM	0.00	0.00	1.89	1.12	0.00	0.00	0.00	0.00	3.01	100.00	1.03	25.46	0	0	852	34	0	0	0	0	885	301.51	12.23	2.61	2.64	11.40	10.77	17.00	1.10	24.77	20.97
6/25/2016 1:56:41 PM	1.99	0.00	0.75	0.00	0.00	0.00	0.00	0.00	2.74	91.70	1.11	25.30	1057	0	336	0	0	0	0	0	1393	257.43	4.22	-1.48	0.25	10.11	6.30	14.27	1.11	24.81	20.93
6/25/2016 1:56:44 PM	0.00	0.00	2.30	0.27	0.00	0.00	0.00	0.25	2.57	89.99	1.19	25.25	0	0	1033	8	0	0	0	0	1041	252.64	12.43	5.03	-2.31	17.07	7.94	16.91	1.12	24.83	20.98
6/25/2016 1:56:47 PM	4.26	0.00	0.00	0.00	0.00	0.00	0.00	0.00	4.26	97.10	1.25	25.27	2258	0	0	0	0	0	0	0	2258	272.62	0.89	-0.95	4.29	15.20	8.13	19.24	1.12	24.87	20.99
6/25/2016 1:56:50 PM	2.74	0.00	0.00	0.00	0.00	0.00	0.00	0.00	2.74	85.19	1.35	25.22	1450	0	0	0	0	0	0	0	1450	239.14	-1.12	-5.06	1.78	8.78	6.51	13.70	1.13	24.90	21.03
6/25/2016 1:56:53 PM	0.49	0.00	0.00	0.88	0.00	0.00	0.00	0.57	1.37	100.00	1.46	25.17	258	0	0	26	0	0	0	0	284	306.01	6.28	5.36	-1.29	17.08	6.25	13.26	1.14	24.93	21.00
6/25/2016 1:56:55 PM	0.71	0.00	1.55	0.12	0.00	0.00	0.00	0.47	2.38	100.00	1.54	25.18	377	0	697	3	0	0	0	0	1077	301.60	7.19	6.79	2.92	20.53	4.44	17.99	1.15	24.95	21.02
6/25/2016 1:56:58 PM	1.13	0.00	1.56	0.16	0.00	0.00	0.00	0.28	2.85	100.00	1.61	25.17	598	0	704	5	0	0	0	0	1306	298.98	7.26	3.81	0.91	17.90	7.34	18.57	1.16	24.98	21.01
6/25/2016 1:57:01 PM	0.83	0.00	3.64	0.00	0.00	0.00	0.00	0.00	4.46	100.00	1.67	25.11	439	0	1636	0	0	0	0	0	2076	318.98	12.47	4.74	8.16	18.32	6.33	26.40	1.16	25.01	21.01
6/25/2016 1:57:04 PM	2.16	0.00	0.77	1.17	0.00	0.00	0.00	0.38	4.11	100.00	1.73	25.11	1146	0	349	35	0	0	0	0	1530	328.84	9.53	2.70	5.53	23.89	11.79	23.77	1.17	25.05	21.04
6/25/2016 1:57:07 PM	3.26	0.24	2.13	0.18	0.00	0.00	0.00	0.00	5.81	100.00	1.82	25.04	1726	243	958	5	0	0	0	0	2932	321.08	10.54	1.99	9.16	21.85	11.16	28.34	1.18	25.07	21.06
6/25/2016 1:57:09 PM	2.64	0.00	2.79	0.00	0.00	0.00	0.00	0.06	5.43	100.00	1.88	24.96	1398	0	1257	0	0	0	0	0	2655	324.25	11.46	1.28	3.09	23.01	9.88	30.26	1.18	25.08	21.08
6/25/2016 1:57:12 PM	2.88	0.00	1.34	1.82	0.00	0.00	0.00	0.00	6.05	100.00	1.88	24.96	1528	0	603	55	0	0	0	0	2186	315.15	12.66	3.33	10.77	19.64	14.94	32.12	1.18	25.11	21.06
6/25/2016 1:57:15 PM	2.67	0.06	2.02	0.61	0.00	0.00	0.00	0.21	5.35	100.00	1.92	24.94	1415	60	907	18	0	0	0	0	2401	322.89	11.53	4.79	8.92	25.78	10.13	28.91	1.19	25.15	21.08
6/25/2016 1:57:18 PM	4.75	0.16	0.85	1.58	0.00	0.00	0.00	0.00	7.33	100.00	1.99	24.93	2516	156	381	47	0	0	0	0	3100	325.34	11.83	4.94	12.69	24.75	15.32	35.27	1.19	25.16	21.08
6/25/2016 1:57:21 PM	3.79	0.00	2.43	0.07	0.00	0.00	0.00	0.03	6.28	100.00	2.06	24.87	2007	0	1094	2	0	0	0	0	3103	326.46	11.28	3.97	8.23	25.55	9.65	32.09	1.20	25.19	21.11
6/25/2016 1:57:23 PM	2.45	0.00	3.64	0.00	0.00	0.00	0.00	0.00	6.09	100.00	2.16	24.88	1300	0	1636	0	0	0	0	0	2937	325.73	13.83	2.85	5.94	24.60	10.62	33.75	1.21	25.20	21.14
6/25/2016 1:57:26 PM	2.62	0.00	3.39	0.00	0.00	0.00	0.00	0.00	6.01	100.00	2.27	24.90	1391	0	1526	0	0	0	0	0	2916	324.76	13.39	1.63	8.36	24.26	10.31	32.30	1.22	25.23	21.13
6/25/2016 1:57:29 PM	3.45	0.00	2.53	0.71	0.00	0.00	0.00	0.00	6.70	100.00	2.37	24.90	1831	0	1139	21	0	0	0	0	2991	326.18	13.32	3.49	7.75	25.19	13.47	35.21	1.23	25.26	21.13
6/25/2016 1:57:32 PM	3.20	0.00	3.39	0.00	0.00	0.00	0.00	0.00	6.59	100.00	2.44	24.90	1693	0	1527	0	0	0	0	0	3220	324.41	13.63	1.32	6.87	24.95	10.92	36.51	1.24	25.28	21.15
6/25/2016 1:57:34 PM	1.15	0.00	4.61	0.00	0.00	0.00	0.00	0.00	5.76	100.00	2.54	24.90	607	0	2075	0	0	0	0	0	2682	324.79	16.05	1.63	8.28	22.59	9.70	34.88	1.25	25.30	21.16
6/25/2016 1:57:37 PM	3.01	0.00	3.69	0.00	0.00	0.00	0.00	0.00	6.70	100.00	2.65	24.85	1597	0	1659	0	0	0	0	0	3256	323.92	13.94	5.88	8.36	24.62	9.51	38.24	1.26	25.31	21.15
6/25/2016 1:57:40 PM	2.58	0.00	4.14	0.00	0.00	0.00	0.00	0.00	6.72	100.00	2.79	24.74	1366	0	1863	0	0	0	0	0	3229	325.75	15.33	2.74	3.99	25.83	10.84	39.45	1.27	25.33	21.19
6/25/2016 1:57:43 PM	3.41	0.00	3.89	0.00	0.00	0.00	0.00	0.00	7.30	100.00	2.90	24.72	1808	0	1752	0	0	0	0	0	3560	323.31	15.39	2.94	7.48	28.73	11.93	39.95	1.28	25.35	21.18
6/25/2016 1:57:46 PM	1.34	0.00	5.23	0.00	0.00	0.00	0.00	0.00	6.57	100.00	2.96	24.69	712	0	2351	0	0	0	0	0	3063	324.08	18.17	4.38	8.81	27.66	10.02	38.47	1.29	25.37	21.19
6/25/2016 1:57:48 PM	1.78	0.02	5.37	0.00	0.00	0.00	0.00	0.00	7.17	100.00	3.02	24.56	946	17	2416	0	0	0	0	0	3379	323.06	19.00	3.65	11.16	28.69	11.63	41.73	1.30	25.39	21.20
6/25/2016 1:57:51 PM	1.81	0.00	5.56	0.00	0.00	0.00	0.00	0.00	7.38	100.00	3.08	24.49	961	0	2504	0	0	0	0	0	3465	324.16	19.76	2.70	8.13	30.74	11.89	43.02	1.30	25.41	21.20
6/25/2016 1:57:54 PM	2.70	0.00	5.21	0.11	0.00	0.00	0.00	0.00	8.02	100.00	3.15	24.50	1431	0	2343	3	0	0	0	0	3778	322.58	19.46	3.87	10.28	31.62	13.57	45.65	1.31	25.42	21.23
6/25/2016 1:57:57 PM	2.03	0.00	5.85	0.19	0.00	0.00	0.00	0.00	8.06	100.00	3.20	24.45	1074	0	2631	6	0	0	0	0	3711	321.37	20.98	5.62	9.19	31.53	14.08	47.90	1.31	25.43	21.21
6/25/2016 1:58:00 PM	2.28	0.00	5.58	0.32	0.00	0.00	0.00	0.00	8.19	100.00	3.29	24.35	1209	0	2513	10	0	0	0	0	3731	323.81	21.07	3.66	9.70	32.41	15.34	47.35	1.32	25.45	21.23
6/25/2016 1:58:02 PM	2.26	0.00	5.61	0.27	0.00	0.00	0.00	0.00	8.14	100.00	3.39	24.37	1198	0	2527	8	0	0	0	0	3732	324.52	20.92	4.96	8.56	33.31	15.07	46.59	1.33	25.46	21.24
6/25/2016 1:58:05 PM	2.29	0.00	6.19	0.00	0.00	0.00	0.00	0.00	8.49	100.00	3.44	24.37	1214	0	2787	0	0	0	0	0	4002	324.83	22.19	2.59	10.24	34.64	14.39	49.08	1.34	25.47	21.26
6/25/2016 1:58:08 PM	2.67	0.00	6.00	0.39	0.00	0.00	0.00	0.00	9.05	100.00	3.50	24.19	1413	0	2699	12	0	0	0	0	4124	321.77	22.82	5.35	11.51	35.61	15.81	52.14	1.34	25.50	21.24
6/25/2016 1:58:11 PM	3.68	0.00	6.08	0.20	0.00	0.00	0.00	0.00	9.97	100.00	3.61	23.96	1953	0	2738	6	0	0	0	0	4697	324.14	23.11	4.71	10.87	37.97	17.06	57.23	1.35	25.51	21.24
6/25/2016 1:58:14 PM	3.29	0.00	6.07	0.41	0.00	0.00	0.00	0.00	9.77	100.00	3.70	23.93	1744	0	2730	12	0	0	0	0	4487	323.21	23.47	6.22	12.51	37.69	16.29	55.90	1.36	25.52	21.30
6/25/2016 1:58:16 PM	2.25	0.00	6.97	0.00	0.00	0.00	0.00	0.00	9.23	100.00	3.78	23.86	1194	0	3137	0	0	0	0	0	4332	321.33	24.56	3.60	11.50	37.25	15.73	54.12	1.37	25.54	21.28
6/25/2016 1:58:19 PM	3.50	0.00	6.05	0.39	0.00	0.00	0.00	0.00	9.94	100.00	3.87	23.89	1853	0	2722	12	0	0	0	0	4586	323.84	23.69	4.60	12.06	38.64	17.39	56.28	1.38	25.55	21.30
6/25/2016 1:58:22 PM	6.68	0.01	7.74	1.84	0.00	0.00	0.00	0.00	16.27	100.00	3.97	23.26	3539	5	3485	55	0	0	0	0	7084	320.33	36.83	7.65	23.84	63.15	28.88	87.19	1.39	25.55	21.32
6/25/2016 1:58:25 PM	8.05	0.00	7.95	1.92	0.00	0.00	0.00	0.00	17.91	100.00	4.08	22.30	4267	0	3576	57	0	0	0	0	7901	317.55	38.82	8.98	24.83	70.29	31.12	94.25	1.40	25.56	21.29
6/25/2016 1:58:27 PM	7.88	0.00	10.43	2.51	0.00	0.00	0.00	0.00	20.82	100.00	4.17	22.21	4177	0	4693	75	0	0	0	0	8945	316.98	48.73	10.03	29.78	81.16	37.43	112.86	1.41	25.58	21.29
6/25/2016 1:58:30 PM	6.96	0.00	9.82	2.82	0.00	0.00	0.00	0.00	19.60	100.00	4.24	22.16	3689	0	4418	85	0	0	0	0	8192	317.76	47.16	10.28	29.13	77.03	36.55	105.87	1.42	25.58	21.27
6/25/2016 1:58:33 PM	5.39	0.00	8.83	2.81	0.00	0.00	0.00	0.00	17.04	100.00	4.34	21.77	2859	0	3974	84	0	0	0	0	6917	316.91	42.60	9.76	25.77	66.79	33.26	93.04	1.43	25.59	21.31
6/25/2016 1:58:36 PM	6.46	0.00	8.27	3.03	0.00	0.00	0.00	0.00	17.76	100.00	4.43	20.75	3421	0	3722	91	0	0	0	0	7234	317.29	42.25	10.28	26.13	68.66	34.64	95.70	1.43	25.59	21.32
6/25/2016 1:58:39 PM	5.59	0.09	8.84	2.40	0.00	0.00	0.00	0.00	16.92	100.00	4.60	20.27	2961	89	3977	72	0	0	0	0	7099	318.20	41.62	9.02	25.74	67.01	32.29	91.21	1.45	25.61	21.35
6/25/2016 1:58:41 PM	13.15	0.88	8.43	2.81	0.00	0.00	0.00	0.00	25.26	100.00	4.70	20.03	6971	877	3792	84	0	0	0	0	11724	315.57	47.95	12.94	40.61	92.54	44.75	126.28	1.46	25.60	21.38
6/25/2016 1:58:44 PM	5.87	0.12	7.47	2.82	0.00	0.00	0.00	0.05	16.26	100.00	4.81	19.84	3109	117	3360	84	0	0	0	0	6670	317.37	38.99	9.57	25.06	65.50	32.45	86.01	1.47	25.60	21.36
6/25/2016 1:58:47 PM	5.86	0.26	6.45	2.36	0.00	0.00	0.00	0.00	14.94	100.00	4.91	19.67	3108	264	2904	71	0	0	0	0	6347	319.36	34.07	8.14	23.55	57.82	29.80	77.46	1.48	25.60	21.36
6/25/2016 1:58:50 PM	3.90	0.00	5.61	2.67	0.00	0.00	0.00	0.06	12.18	100.00	5.03	19.45	2068	5	2524	80	0	0	0	0	4676	319.12	30.71	8.74	19.46	49.71	25.84	65.14	1.49	25.61	21.35
6/25/2016 1:58:53 PM	2.88	0.14	5.43	2.34	0.00	0.00	0.00	0.19	10.79	100.00	5.16	19.31	1529	139	2446	70	0	0	0	0	4184	319.94	28.83	7.67	18.06	47.25	24.14	59.11	1.51	25.60	21.37
6/25/2016 1:58:55 PM	2.46	0.32	5.21	2.02	0.00	0.00	0.00	0.21	10.00	100.00	5.28	19.35	1302	320	2344	61	0	0	0	0	4026	320.19	26.95	7.24	17.68	44.39	22.93	54.49	1.52	25.60	21.37
6/25/2016 1:58:58 PM	2.82	0.36	3.54	2.58	0.00	0.00	0.00	0.31	9.29	100.00	5.41	19.49	1492	362	1591	77	0	0	0	0	3523	319.91	23.99	7.14	17.26	42.41	23.65	49.72	1.53	25.60	21.39
6/25/2016 1:59:01 PM	2.45	0.44	4.05	2.08	0.00	0.00	0.00	0.26	9.03	100.00	5.51	19.33	1300	445	1823	62	0	0	0	0	3630	320.77	23.66	6.48	16.85	40.69	22.39	48.23	1.54	25.59	21.37
6/25/2016 1:59:04 PM	3.23	0.33	2.73	2.35	0.00	0.00	0.00	0.32	8.64	100.00	5.61	19.37	1712	334	1227	71	0	0	0	0	3344	320.41	20.90	6.71	15.96	39.77	21.64	45.67	1.55	25.59	21.38
6/25/2016 1:59:07 PM	2.53	0.30	3.21	2.19	0.00	0.00	0.00	0.35	8.22	100.00	5.70	19.19	1339	296	1446	66	0	0	0	0	3148	319.93	21.46	6.37	15.20	39.40	20.81	44.88	1.56	25.58	21.40
6/25/2016 1:59:09 PM	2.56	0.50	3.83	1.84	0.00	0.00	0.00	0.23	8.73	100.00	5.82	19.28	1359	502	1721	55	0	0	0	0	3638	319.93	22.13	6.36	16.52	38.63	21.26	45.86	1.57	25.57	21.40
6/25/2016 1:59:12 PM	2.80	0.59	3.20	1.68	0.00	0.00	0.00	0.34	8.27	100.00	5.98	18.39	1482	592	1442	50	0	0	0	0	3567	320.06	20.21	5.88	16.13	38.74	20.55	43.46	1.59	25.56	21.41
6/25/2016 1:59:15 PM	3.17	0.49	2.67	1.95	0.00	0.00	0.00	0.35	8.28	100.00	6.12	17.67	1681	491	1201	59	0	0	0	0	3431	320.59	19.59	5.71	15.69	38.61	20.95	43.28	1.60	25.55	21.42
6/25/2016 1:59:18 PM	2.66	0.52	2.94	1.98	0.00	0.00	0.00	0.33	8.11	100.00	6.27	17.59	1412	516	1325	59	0	0	0	0	3312	321.31	20.13	6.49	15.97	37.93	20.67	42.73	1.61	25.54	21.40
6/25/2016 1:59:20 PM	2.61	0.76	2.72	1.81	0.00	0.00	0.00	0.38	7.89	100.00	6.41	17.19	1382	756	1222	54	0	0	0	0	3415	320.66	19.16	6.26	16.68	37.45	20.91	40.72	1.63	25.54	21.39
6/25/2016 1:59:23 PM	2.72	0.72	2.34	1.94	0.00	0.00	0.00	0.32	7.72	100.00	6.57	16.94	1444	718	1052	58	0	0	0	0	3271	321.00	18.22	6.05	16.23	35.26	20.86	39.00	1.64	25.51	21.39
6/25/2016 1:59:26 PM	2.37	0.85	2.52	1.67	0.00	0.00	0.00	0.33	7.42	100.00	6.73	16.19	1257	853	1134	50	0	0	0	0	3294	320.33	17.81	5.86	16.34	34.28	20.31	37.30	1.66	25.50	21.40
6/25/2016 1:59:29 PM	2.37	0.75	1.83	1.75	0.00	0.00	0.00	0.33	6.71	100.00	6.91	15.86	1256	751	824	53	0	0	0	0	2885	321.20	15.75	5.25	14.83	31.33	19.26	33.47	1.68	25.48	21.41
6/25/2016 1:59:32 PM	2.75	0.56	1.34	2.12	0.00	0.00	0.00	0.28	6.78	100.00	7.08	15.46	1459	564	601	64	0	0	0	0	2688	321.08	15.29	5.66	14.29	30.41	19.34	33.53	1.69	25.47	21.40
6/25/2016 1:59:34 PM	1.63	0.70	1.64	1.54	0.00	0.00	0.00	0.37	5.50	100.00	7.21	15.17	865	700	736	46	0	0	0	0	2347	321.12	13.87	5.03	13.04	28.03	16.77	28.30	1.71	25.43	21.41
6/25/2016 1:59:37 PM	1.20	0.72	1.69	1.55	0.00	0.00	0.00	0.37	5.15	100.00	7.35	15.33	634	716	761	46	0	0	0	0	2158	321.20	13.76	4.99	12.76	26.74	16.52	26.71	1.72	25.41	21.40
6/25/2016 1:59:40 PM	0.82	0.46	1.47	1.81	0.00	0.00	0.00	0.40	4.57	100.00	7.50	15.40	437	464	661	54	0	0	0	0	1616	320.80	13.46	4.91	11.05	25.60	15.59	25.20	1.74	25.39	21.39
6/25/2016 1:59:43 PM	0.50	0.59	1.83	1.48	0.00	0.00	0.00	0.38	4.40	100.00	7.63	15.15	265	586	823	44	0	0	0	0	1719	320.52	13.37	4.68	11.20	24.75	15.01	24.16	1.75	25.36	21.37
6/25/2016 1:59:46 PM	0.19	0.48	1.54	1.67	0.00	0.00	0.00	0.40	3.88	100.00	7.82	15.57	100	481	692	50	0	0	0	0	1323	320.66	12.74	4.76	10.27	23.25	14.43	22.08	1.77	25.33	21.36
6/25/2016 1:59:48 PM	0.42	0.39	1.33	1.63	0.00	0.00	0.00	0.38	3.77	100.00	7.97	15.07	224	395	597	49	0	0	0	0	1265	321.27	11.93	4.66	9.62	22.45	13.64	21.43	1.78	25.30	21.39
6/25/2016 1:59:51 PM	0.34	0.30	1.21	1.68	0.00	0.00	0.00	0.37	3.53	100.00	8.08	14.94	182	295	545	50	0	0	0	0	1072	320.66	11.57	4.32	8.77	21.59	13.21	20.55	1.79	25.28	21.39
6/25/2016 1:59:54 PM	0.42	0.28	1.07	1.64	0.00	0.00	0.00	0.36	3.42	100.00	8.27	14.91	224	280	481	49	0	0	0	0	1034	319.56	11.02	3.94	8.40	20.87	12.98	19.75	1.81	25.25	21.39
6/25/2016 1:59:57 PM	0.42	0.31	1.03	1.61	0.00	0.00	0.00	0.38	3.37	100.00	8.41	13.95	222	313	464	48	0	0	0	0	1047	320.24	10.83	4.18	8.56	20.94	12.80	19.49	1.82	25.22	21.36
6/25/2016 2:00:00 PM	0.30	0.27	0.99	1.51	0.00	0.00	0.00	0.37	3.07	100.00	8.57	13.36	159	275	444	45	0	0	0	0	923	319.01	10.19	3.95	7.88	19.75	11.96	18.09	1.84	25.19	21.35
6/25/2016 2:00:02 PM	0.34	0.30	0.94	1.45	0.00	0.00	0.00	0.36	3.03	100.00	8.70	13.30	180	304	423	43	0	0	0	0	950	319.38	9.86	3.90	7.91	19.24	11.82	17.57	1.85	25.15	21.33
6/25/2016 2:00:05 PM	0.34	0.34	1.07	1.34	0.00	0.00	0.00	0.36	3.09	100.00	8.84	13.01	182	345	479	40	0	0	0	0	1046	319.58	9.97	3.69	8.04	19.59	11.84	17.85	1.87	25.11	21.32
6/25/2016 2:00:08 PM	0.33	0.29	0.91	1.41	0.00	0.00	0.00	0.37	2.93	100.00	8.99	13.04	177	288	407	42	0	0	0	0	914	319.71	9.61	3.94	7.70	19.17	11.42	17.24	1.88	25.09	21.29
6/25/2016 2:00:11 PM	0.46	0.26	0.82	1.23	0.00	0.00	0.00	0.37	2.77	100.00	9.20	12.72	243	260	368	37	0	0	0	0	907	321.49	8.82	3.50	7.09	18.57	10.61	16.38	1.90	25.04	21.34
6/25/2016 2:00:13 PM	0.33	0.21	0.75	1.32	0.00	0.00	0.00	0.40	2.60	100.00	9.37	12.48	172	205	338	40	0	0	0	0	756	321.18	8.84	3.39	6.68	18.66	10.56	16.08	1.92	24.99	21.41
6/25/2016 2:00:16 PM	0.39	0.29	0.93	0.95	0.00	0.00	0.00	0.37	2.56	100.00	9.61	12.37	204	289	419	29	0	0	0	0	941	322.16	8.23	2.95	6.63	17.80	9.77	15.29	1.94	24.96	21.37
6/25/2016 2:00:19 PM	0.47	0.23	0.83	1.09	0.00	0.00	0.00	0.39	2.61	100.00	9.72	12.24	247	227	372	33	0	0	0	0	880	322.40	8.42	3.16	6.54	18.64	9.91	15.97	1.95	24.90	21.29
6/25/2016 2:00:22 PM	0.51	0.27	0.85	0.97	0.00	0.00	0.00	0.37	2.59	100.00	9.85	12.52	271	266	381	29	0	0	0	0	947	321.97	8.09	2.94	6.54	18.04	9.72	15.47	1.97	24.88	21.23
6/25/2016 2:00:25 PM	0.73	0.22	0.65	0.96	0.00	0.00	0.00	0.37	2.57	100.00	10.02	12.81	386	224	293	29	0	0	0	0	931	320.99	7.54	2.87	6.24	17.69	9.40	15.16	1.98	24.82	21.26
6/25/2016 2:00:27 PM	0.52	0.22	0.63	0.84	0.00	0.00	0.00	0.38	2.22	100.00	10.22	12.37	277	218	285	25	0	0	0	0	805	319.52	6.97	2.54	5.64	16.77	8.67	13.66	2.00	24.76	21.33
6/25/2016 2:00:30 PM	0.69	0.22	0.64	0.71	0.00	0.00	0.00	0.36	2.26	100.00	10.41	11.91	367	223	287	21	0	0	0	0	899	318.02	6.60	2.31	5.52	16.47	8.34	13.57	2.02	24.72	21.25
6/25/2016 2:00:33 PM	0.73	0.19	0.48	0.81	0.00	0.00	0.00	0.35	2.21	100.00	10.55	12.13	384	194	217	24	0	0	0	0	820	316.41	6.41	2.39	5.40	16.02	8.40	13.20	2.03	24.66	21.22
6/25/2016 2:00:36 PM	0.66	0.20	0.54	0.71	0.00	0.00	0.00	0.36	2.11	100.00	10.71	11.89	351	199	244	21	0	0	0	0	815	315.99	6.23	2.29	5.21	15.90	7.98	12.83	2.05	24.61	21.19
6/25/2016 2:00:39 PM	0.64	0.20	0.49	0.72	0.00	0.00	0.00	0.37	2.06	100.00	10.80	11.72	340	203	221	22	0	0	0	0	786	317.77	6.13	2.38	5.22	15.84	7.94	12.60	2.06	24.57	21.21
6/25/2016 2:00:41 PM	0.50	0.23	0.65	0.65	0.00	0.00	0.00	0.36	2.03	100.00	10.92	11.98	266	225	291	20	0	0	0	0	802	317.56	6.30	2.19	5.19	15.70	7.91	12.50	2.07	24.51	21.19
6/25/2016 2:00:44 PM	0.46	0.24	0.62	0.68	0.00	0.00	0.00	0.37	2.00	100.00	11.05	11.89	242	245	277	20	0	0	0	0	784	314.76	6.32	2.21	5.29	15.70	8.07	12.34	2.08	24.46	21.24
6/25/2016 2:00:47 PM	0.62	0.29	0.48	0.69	0.00	0.00	0.00	0.36	2.08	100.00	11.22	11.38	327	291	216	21	0	0	0	0	855	309.48	6.06	2.32	5.62	15.69	8.28	12.27	2.10	24.41	21.17
6/25/2016 2:00:50 PM	0.61	0.29	0.52	0.64	0.00	0.00	0.00	0.35	2.07	100.00	11.40	11.22	321	292	236	19	0	0	0	0	869	309.33	5.97	2.23	5.54	15.27	8.13	12.05	2.12	24.34	21.13
6/25/2016 2:00:53 PM	0.60	0.29	0.42	0.64	0.00	0.00	0.00	0.36	1.95	100.00	11.52	11.17	319	292	188	19	0	0	0	0	818	309.37	5.67	2.19	5.39	15.14	7.97	11.55	2.13	24.30	21.14
6/25/2016 2:00:55 PM	0.68	0.27	0.34	0.67	0.00	0.00	0.00	0.36	1.96	100.00	11.65	11.25	360	272	154	20	0	0	0	0	806	309.54	5.55	2.25	5.33	15.12	7.93	11.57	2.14	24.24	21.12
6/25/2016 2:00:58 PM	0.69	0.29	0.28	0.70	0.00	0.00	0.00	0.36	1.96	100.00	11.74	11.32	365	289	128	21	0	0	0	0	803	311.86	5.48	2.24	5.42	15.04	8.08	11.41	2.15	24.18	21.09
6/25/2016 2:01:01 PM	0.69	0.27	0.24	0.82	0.00	0.00	0.00	0.38	2.02	100.00	11.84	11.15	366	270	107	25	0	0	0	0	767	310.07	5.78	2.33	5.51	15.61	8.47	11.90	2.16	24.13	21.04
6/25/2016 2:01:04 PM	0.94	0.36	0.37	0.73	0.00	0.00	0.00	0.35	2.40	100.00	11.94	10.98	496	365	166	22	0	0	0	0	1049	307.99	6.11	2.49	6.38	16.31	9.01	13.14	2.17	24.06	21.04
6/25/2016 2:01:06 PM	0.79	0.31	0.24	0.86	0.00	0.00	0.00	0.36	2.20	100.00	12.09	11.08	417	313	108	26	0	0	0	0	865	307.64	5.95	2.49	5.99	15.67	8.93	12.35	2.18	24.01	21.04
6/25/2016 2:01:09 PM	0.88	0.39	0.35	0.82	0.00	0.00	0.00	0.34	2.44	100.00	12.21	11.06	465	387	156	25	0	0	0	0	1032	304.34	6.27	2.52	6.60	15.93	9.46	13.02	2.20	23.95	21.01
6/25/2016 2:01:12 PM	1.34	0.56	0.25	1.39	0.00	0.00	0.00	0.34	3.54	100.00	12.39	11.05	711	559	112	42	0	0	0	0	1423	296.28	8.36	3.75	9.45	19.32	13.06	17.42	2.21	23.88	20.98
6/25/2016 2:01:15 PM	1.98	0.61	0.30	1.55	0.00	0.00	0.00	0.34	4.45	100.00	12.51	11.03	1049	614	135	47	0	0	0	0	1845	293.63	9.63	4.09	10.92	22.45	14.88	21.44	2.23	23.82	21.01
6/25/2016 2:01:18 PM	1.91	0.62	0.30	1.53	0.00	0.00	0.00	0.34	4.36	100.00	12.65	11.07	1010	625	136	46	0	0	0	0	1816	292.53	9.53	3.96	10.83	22.14	14.83	21.02	2.24	23.77	20.96
6/25/2016 2:01:20 PM	1.87	0.63	0.25	2.33	0.00	0.00	0.00	0.37	5.08	100.00	12.78	11.00	992	627	114	70	0	0	0	0	1803	292.34	12.11	5.17	12.64	25.28	18.13	24.90	2.25	23.70	20.94
6/25/2016 2:01:23 PM	2.24	0.57	0.18	2.63	0.00	0.00	0.00	0.36	5.62	100.00	12.87	11.17	1186	572	80	79	0	0	0	0	1917	294.05	13.09	5.45	13.26	26.89	19.50	27.47	2.26	23.64	20.92
6/25/2016 2:01:26 PM	2.25	0.77	0.33	2.96	0.00	0.00	0.00	0.41	6.32	100.00	12.98	11.15	1192	770	150	89	0	0	0	0	2201	294.58	15.02	6.72	15.70	30.10	21.98	30.66	2.27	23.59	20.87
6/25/2016 2:01:29 PM	2.18	0.74	0.37	2.80	0.00	0.00	0.00	0.40	6.09	100.00	13.10	10.94	1154	741	167	84	0	0	0	0	2147	294.57	14.54	6.27	15.06	29.39	21.23	29.74	2.28	23.51	20.88
6/25/2016 2:01:32 PM	2.52	0.72	0.27	3.15	0.00	0.00	0.00	0.39	6.65	100.00	13.22	10.87	1333	719	121	95	0	0	0	0	2267	293.99	15.59	6.39	15.83	30.95	23.02	32.22	2.29	23.45	20.83
6/25/2016 2:01:34 PM	2.31	0.71	0.29	2.94	0.00	0.00	0.00	0.46	6.24	100.00	13.38	10.79	1224	710	129	88	0	0	0	0	2152	295.22	14.96	6.36	15.20	31.10	21.74	31.01	2.31	23.41	20.79
6/25/2016 2:01:37 PM	2.42	0.90	0.54	2.60	0.00	0.00	0.00	0.49	6.46	100.00	13.56	10.73	1282	898	245	78	0	0	0	0	2503	296.97	15.05	6.41	16.16	32.54	21.72	31.78	2.33	23.34	20.78
6/25/2016 2:01:40 PM	2.45	0.71	0.28	2.30	0.00	0.00	0.00	0.58	5.74	100.00	13.70	10.69	1300	708	126	69	0	0	0	0	2203	298.90	13.32	5.36	13.87	32.16	19.30	29.62	2.34	23.27	20.78
6/25/2016 2:01:43 PM	2.43	0.65	0.24	1.93	0.00	0.00	0.00	0.63	5.26	100.00	13.81	10.67	1288	655	109	58	0	0	0	0	2110	300.14	12.09	4.43	12.52	31.62	17.62	27.90	2.35	23.20	20.75
6/25/2016 2:01:46 PM	2.31	0.92	0.55	1.60	0.00	0.00	0.00	0.65	5.38	100.00	13.94	10.70	1226	916	247	48	0	0	0	0	2437	301.06	12.18	4.85	13.87	32.32	17.65	27.88	2.37	23.15	20.69
6/25/2016 2:01:48 PM	2.43	0.82	0.39	1.57	0.00	0.00	0.00	0.69	5.22	100.00	14.04	10.74	1290	816	177	47	0	0	0	0	2331	299.78	11.72	4.44	13.03	32.70	17.05	27.69	2.38	23.09	20.70
6/25/2016 2:01:51 PM	2.45	0.83	0.36	1.53	0.00	0.00	0.00	0.72	5.18	100.00	14.15	10.47	1300	834	163	46	0	0	0	0	2343	297.83	11.61	4.41	13.05	33.13	16.97	27.66	2.39	23.02	20.70
