Date/Time	Green Algae	Bluegreen	Diatoms	Cryptophyta	#4	#5	#6	Yellow substances	Total conc.	Transmission	Depth	Temp. Sample	Green Algae	Bluegreen	Diatoms	Cryptophyta	#4	#5	#6	Yellow substances	Total cell count	Trans. 700 nm	LED 3 [525 nm]	LED 4 [570 nm]	LED 5 [610 nm]	LED 6 [370 nm]	LED 7 [590 nm]	LED 8 [470 nm]	Pressure	Temp. LEDs	Temp. Sensor
date	µg/l	µg/l	µg/l	µg/l	µg/l	µg/l	µg/l	µg/l	µg/l	%	m	°C	cells/ml	cells/ml	cells/ml	cells/ml	cells/ml	cells/ml	cells/ml	cells/ml	cells/ml	digits	digits	digits	digits	digits	digits	digits	bar	°C	°C
7/12/2016 10:54:36 AM	1.62	0.00	0.54	1.98	0.00	0.00	0.00	0.17	4.14	93.07	0.36	22.82	858	0	242	59	0	0	0	0	1160	261.30	10.11	7.08	8.17	19.08	11.86	21.83	1.04	20.14	18.47
7/12/2016 10:54:39 AM	1.25	0.45	3.51	0.00	0.00	0.00	0.00	0.00	5.21	100.00	0.39	25.49	665	446	1577	0	0	0	0	0	2689	301.00	13.33	0.15	8.97	20.88	12.58	26.65	1.04	20.16	18.51
7/12/2016 10:54:41 AM	3.80	0.33	0.00	2.10	0.00	0.00	0.00	0.00	6.22	100.00	0.50	25.36	2015	327	0	63	0	0	0	0	2405	301.80	9.70	5.66	11.98	20.57	16.86	27.86	1.05	20.21	18.50
7/12/2016 10:54:44 AM	5.17	0.56	0.00	1.08	0.00	0.00	0.00	0.00	6.82	100.00	0.69	25.48	2742	558	0	33	0	0	0	0	3333	303.98	8.04	1.55	11.69	22.27	16.84	28.90	1.07	20.26	18.50
7/12/2016 10:54:47 AM	3.17	0.37	1.95	0.62	0.00	0.00	0.00	0.09	6.12	100.00	0.77	25.52	1681	370	879	19	0	0	0	0	2950	303.11	11.85	3.18	10.66	25.04	13.33	29.72	1.08	20.30	18.53
7/12/2016 10:54:50 AM	3.75	0.11	1.88	1.00	0.00	0.00	0.00	0.00	6.74	100.00	0.87	25.50	1989	114	846	30	0	0	0	0	2980	302.23	12.61	3.52	10.90	24.43	13.71	33.69	1.09	20.34	18.53
7/12/2016 10:54:53 AM	2.87	0.10	1.83	1.30	0.00	0.00	0.00	0.01	6.10	100.00	0.96	25.39	1519	100	825	39	0	0	0	0	2484	303.97	12.97	3.24	9.82	23.51	14.48	30.09	1.09	20.38	18.54
7/12/2016 10:54:55 AM	4.53	0.13	1.41	0.89	0.00	0.00	0.00	0.00	6.96	100.00	1.06	25.27	2400	128	637	27	0	0	0	0	3191	300.56	11.40	3.47	10.76	25.33	13.54	33.38	1.10	20.43	18.55
7/12/2016 10:54:58 AM	4.65	0.00	1.35	0.98	0.00	0.00	0.00	0.00	6.97	100.00	1.13	25.02	2463	0	607	29	0	0	0	0	3099	305.79	11.31	2.13	9.98	23.74	13.78	35.34	1.11	20.47	18.55
7/12/2016 10:55:01 AM	4.27	0.53	2.31	0.00	0.00	0.00	0.00	0.00	7.12	100.00	1.21	24.98	2266	534	1039	0	0	0	0	0	3838	304.38	11.42	2.68	12.52	24.63	12.93	34.27	1.12	20.51	18.57
7/12/2016 10:55:04 AM	3.65	0.29	1.98	1.00	0.00	0.00	0.00	0.00	6.92	100.00	1.29	24.92	1932	286	892	30	0	0	0	0	3141	303.76	13.07	3.65	12.00	24.77	14.75	33.91	1.13	20.55	18.57
7/12/2016 10:55:06 AM	3.69	0.47	1.67	1.26	0.00	0.00	0.00	0.00	7.09	100.00	1.37	25.02	1955	466	753	38	0	0	0	0	3212	302.34	13.13	5.36	13.31	25.78	15.92	32.70	1.13	20.59	18.61
7/12/2016 10:55:09 AM	4.28	0.06	2.04	1.13	0.00	0.00	0.00	0.00	7.51	100.00	1.44	25.28	2271	58	918	34	0	0	0	0	3281	305.55	14.09	2.18	11.09	27.52	15.79	37.59	1.14	20.65	18.56
7/12/2016 10:55:12 AM	4.55	0.00	1.34	1.66	0.00	0.00	0.00	0.00	7.55	100.00	1.53	25.23	2411	0	603	50	0	0	0	0	3065	300.54	13.47	4.06	10.62	26.43	16.61	37.90	1.15	20.68	18.60
7/12/2016 10:55:15 AM	4.25	0.48	2.72	0.36	0.00	0.00	0.00	0.00	7.81	98.47	1.59	25.15	2252	480	1224	11	0	0	0	0	3966	276.45	14.16	2.66	12.73	29.34	15.45	37.05	1.16	20.73	18.58
7/12/2016 10:55:18 AM	3.53	0.14	3.35	0.54	0.00	0.00	0.00	0.00	7.56	100.00	1.69	25.02	1873	137	1507	16	0	0	0	0	3533	283.44	15.76	3.11	11.79	28.40	14.02	39.59	1.17	20.77	18.61
7/12/2016 10:55:20 AM	4.25	0.13	1.99	1.14	0.00	0.00	0.00	0.00	7.51	100.00	1.80	24.93	2251	129	896	34	0	0	0	0	3310	305.10	13.66	5.45	12.78	26.63	14.09	37.76	1.18	20.81	18.63
7/12/2016 10:55:23 AM	5.30	0.00	1.25	1.24	0.00	0.00	0.00	0.00	7.80	100.00	1.88	25.01	2811	0	564	37	0	0	0	0	3412	304.68	12.08	6.20	11.20	26.91	13.97	38.96	1.18	20.87	18.63
7/12/2016 10:55:26 AM	4.66	0.47	2.58	0.00	0.00	0.00	0.00	0.00	7.71	100.00	1.96	24.94	2472	473	1159	0	0	0	0	0	4104	302.97	12.86	1.63	14.14	28.09	11.99	36.93	1.19	20.90	18.61
7/12/2016 10:55:29 AM	5.08	0.02	1.60	1.50	0.00	0.00	0.00	0.00	8.20	100.00	2.04	24.97	2692	17	719	45	0	0	0	0	3473	305.37	14.50	3.00	11.79	30.27	17.32	39.79	1.20	20.95	18.64
7/12/2016 10:55:32 AM	5.16	0.00	2.04	1.53	0.00	0.00	0.00	0.00	8.74	100.00	2.11	24.83	2737	1	919	46	0	0	0	0	3703	304.16	15.84	4.89	13.49	31.48	16.90	43.94	1.21	21.00	18.64
7/12/2016 10:55:34 AM	5.29	0.48	2.67	1.09	0.00	0.00	0.00	0.00	9.53	100.00	2.20	24.65	2804	475	1202	33	0	0	0	0	4514	302.07	17.07	3.62	16.18	33.42	19.34	46.54	1.22	21.04	18.63
7/12/2016 10:55:37 AM	6.24	0.19	2.30	1.23	0.00	0.00	0.00	0.00	9.96	100.00	2.30	24.49	3306	195	1034	37	0	0	0	0	4571	299.40	16.67	3.98	15.70	34.50	18.52	49.71	1.23	21.09	18.68
7/12/2016 10:55:40 AM	6.06	0.10	2.33	1.83	0.00	0.00	0.00	0.00	10.32	100.00	2.33	24.37	3211	102	1048	55	0	0	0	0	4415	300.83	18.58	5.32	16.17	36.84	20.31	51.37	1.23	21.13	18.66
7/12/2016 10:55:43 AM	5.46	0.11	2.39	1.68	0.00	0.00	0.00	0.00	9.64	100.00	2.44	24.23	2894	111	1077	50	0	0	0	0	4132	301.10	17.82	4.98	15.36	34.34	19.14	48.45	1.24	21.18	18.69
7/12/2016 10:55:45 AM	5.89	0.23	2.29	1.45	0.00	0.00	0.00	0.00	9.86	100.00	2.51	24.11	3122	230	1028	44	0	0	0	0	4424	300.24	17.31	3.70	15.31	35.34	19.88	48.17	1.25	21.22	18.67
7/12/2016 10:55:48 AM	5.50	0.26	2.78	1.47	0.00	0.00	0.00	0.00	10.01	100.00	2.60	24.07	2917	258	1249	44	0	0	0	0	4468	301.62	18.69	4.48	15.97	36.31	20.13	49.52	1.25	21.26	18.72
7/12/2016 10:55:51 AM	5.71	0.51	3.18	0.65	0.00	0.00	0.00	0.00	10.04	100.00	2.68	24.02	3026	508	1429	19	0	0	0	0	4982	300.04	17.61	4.05	16.55	36.22	18.56	48.90	1.26	21.32	18.71
7/12/2016 10:55:54 AM	5.26	0.49	3.09	0.97	0.00	0.00	0.00	0.00	9.80	100.00	2.78	23.83	2787	490	1390	29	0	0	0	0	4696	300.63	18.01	4.96	16.61	35.66	18.96	47.68	1.27	21.35	18.72
7/12/2016 10:55:57 AM	5.01	0.51	3.24	0.40	0.00	0.00	0.00	0.00	9.16	100.00	2.87	23.62	2653	514	1459	12	0	0	0	0	4638	300.02	16.53	3.90	15.03	34.14	16.91	44.17	1.28	21.39	18.75
7/12/2016 10:55:59 AM	5.05	0.32	1.98	1.23	0.00	0.00	0.00	0.00	8.59	100.00	2.91	23.48	2679	323	893	37	0	0	0	0	3932	297.99	15.05	4.09	13.95	31.32	17.76	40.82	1.29	21.45	18.74
7/12/2016 10:56:02 AM	4.69	0.37	2.08	0.94	0.00	0.00	0.00	0.06	8.07	100.00	2.96	23.46	2484	368	934	28	0	0	0	0	3814	297.05	14.34	4.16	13.29	31.23	16.37	38.53	1.29	21.46	18.76
7/12/2016 10:56:05 AM	5.24	0.29	1.55	0.85	0.00	0.00	0.00	0.00	7.93	100.00	3.03	23.45	2779	292	698	25	0	0	0	0	3794	294.99	12.42	3.37	12.59	28.39	15.39	37.31	1.30	21.53	18.75
7/12/2016 10:56:08 AM	4.15	0.22	2.46	1.03	0.00	0.00	0.00	0.00	7.87	100.00	3.11	23.37	2201	223	1108	31	0	0	0	0	3563	296.20	15.17	3.05	12.43	29.11	16.40	38.87	1.30	21.56	18.81
7/12/2016 10:56:11 AM	4.07	0.53	1.81	1.00	0.00	0.00	0.00	0.08	7.41	100.00	3.19	23.26	2155	533	815	30	0	0	0	0	3534	294.94	13.46	3.89	13.32	28.85	16.61	34.70	1.31	21.60	18.80
7/12/2016 10:56:13 AM	3.31	0.78	2.24	0.39	0.00	0.00	0.00	0.02	6.72	100.00	3.28	23.21	1756	775	1006	12	0	0	0	0	3549	293.34	12.30	2.99	13.05	24.96	15.24	30.29	1.32	21.65	18.80
7/12/2016 10:56:16 AM	2.76	0.75	1.04	0.72	0.00	0.00	0.00	0.10	5.27	100.00	3.33	23.17	1460	753	467	22	0	0	0	0	2702	288.55	9.27	3.05	11.49	20.60	14.04	22.96	1.33	21.69	18.82
