Date/Time	Green Algae	Bluegreen	Diatoms	Cryptophyta	#4	#5	#6	Yellow substances	Total conc.	Transmission	Depth	Temp. Sample	Green Algae	Bluegreen	Diatoms	Cryptophyta	#4	#5	#6	Yellow substances	Total cell count	Trans. 700 nm	LED 3 [525 nm]	LED 4 [570 nm]	LED 5 [610 nm]	LED 6 [370 nm]	LED 7 [590 nm]	LED 8 [470 nm]	Pressure	Temp. LEDs	Temp. Sensor
date	µg/l	µg/l	µg/l	µg/l	µg/l	µg/l	µg/l	µg/l	µg/l	%	m	°C	cells/ml	cells/ml	cells/ml	cells/ml	cells/ml	cells/ml	cells/ml	cells/ml	cells/ml	digits	digits	digits	digits	digits	digits	digits	bar	°C	°C
8/23/2016 9:35:53 AM	4.99	0.08	3.22	1.52	0.00	0.00	0.00	0.00	9.82	100.00	0.33	25.58	2645	79	1450	46	0	0	0	0	4220	325.33	19.64	5.83	15.46	36.46	18.75	50.16	1.03	21.85	18.69
8/23/2016 9:35:56 AM	6.41	0.00	2.26	1.91	0.00	0.00	0.00	0.00	10.58	100.00	0.42	25.63	3395	0	1018	57	0	0	0	0	4471	324.74	18.92	3.17	15.09	37.47	21.70	53.26	1.04	21.87	18.72
8/23/2016 9:35:59 AM	6.13	0.19	3.27	1.33	0.00	0.00	0.00	0.00	10.91	100.00	0.57	25.75	3247	186	1471	40	0	0	0	0	4944	324.84	20.19	4.81	16.78	39.84	20.35	54.82	1.06	21.93	18.70
8/23/2016 9:36:02 AM	5.87	0.18	3.84	0.70	0.00	0.00	0.00	0.00	10.59	100.00	0.68	25.72	3114	178	1727	21	0	0	0	0	5040	327.11	19.77	2.33	15.57	38.34	18.94	54.66	1.07	21.96	18.75
8/23/2016 9:36:04 AM	7.27	0.00	1.26	2.78	0.00	0.00	0.00	0.00	11.31	100.00	0.74	25.77	3855	0	566	83	0	0	0	0	4504	328.04	18.83	6.66	18.11	37.53	23.06	56.59	1.07	22.00	18.72
8/23/2016 9:36:07 AM	6.61	0.00	2.79	1.64	0.00	0.00	0.00	0.00	11.05	100.00	0.80	25.74	3504	0	1257	49	0	0	0	0	4811	326.10	19.61	5.79	17.09	38.60	19.66	56.92	1.08	22.03	18.75
8/23/2016 9:36:10 AM	6.27	0.00	3.24	1.95	0.00	0.00	0.00	0.00	11.46	100.00	0.83	25.66	3322	0	1460	59	0	0	0	0	4840	323.17	22.01	6.23	17.47	41.72	21.69	58.70	1.08	22.07	18.78
8/23/2016 9:36:13 AM	7.50	0.06	2.17	2.32	0.00	0.00	0.00	0.00	12.06	100.00	0.88	25.52	3975	64	979	70	0	0	0	0	5088	324.79	20.81	5.15	18.39	42.19	23.99	59.86	1.09	22.11	18.78
8/23/2016 9:36:15 AM	7.01	0.54	3.58	0.74	0.00	0.00	0.00	0.00	11.87	100.00	0.91	25.48	3717	542	1609	22	0	0	0	0	5890	325.62	20.22	3.98	19.14	42.02	21.32	58.34	1.09	22.16	18.76
8/23/2016 9:36:18 AM	5.96	0.06	2.72	2.54	0.00	0.00	0.00	0.00	11.29	100.00	0.92	25.56	3160	62	1225	76	0	0	0	0	4522	321.70	22.12	4.93	18.15	39.12	24.17	58.05	1.09	22.20	18.83
8/23/2016 9:36:21 AM	6.19	0.21	3.95	1.31	0.00	0.00	0.00	0.00	11.66	100.00	0.95	25.51	3282	210	1776	39	0	0	0	0	5308	324.93	22.18	6.45	18.77	41.97	20.45	59.98	1.09	22.24	18.84
8/23/2016 9:36:24 AM	5.91	0.83	5.05	0.00	0.00	0.00	0.00	0.00	11.80	100.00	1.00	25.51	3134	833	2274	0	0	0	0	0	6241	325.89	21.86	4.64	20.25	41.91	20.57	59.32	1.10	22.26	18.84
8/23/2016 9:36:27 AM	5.90	0.24	3.91	1.31	0.00	0.00	0.00	0.00	11.36	100.00	1.05	25.54	3126	239	1759	39	0	0	0	0	5163	321.58	21.94	5.27	18.35	40.48	20.82	58.70	1.10	22.31	18.82
8/23/2016 9:36:29 AM	4.92	0.88	6.17	0.00	0.00	0.00	0.00	0.00	11.96	100.00	1.11	25.52	2607	875	2777	0	0	0	0	0	6259	324.77	24.80	5.13	21.79	43.13	20.50	61.92	1.11	22.34	18.83
8/23/2016 9:36:32 AM	6.26	0.11	3.10	2.06	0.00	0.00	0.00	0.00	11.54	100.00	1.14	25.64	3319	113	1393	62	0	0	0	0	4887	324.12	21.93	6.02	18.59	40.58	22.50	59.09	1.11	22.37	18.85
8/23/2016 9:36:35 AM	6.04	0.28	3.93	1.24	0.00	0.00	0.00	0.00	11.49	100.00	1.21	25.61	3200	279	1767	37	0	0	0	0	5283	323.23	21.99	4.89	18.34	41.27	21.22	58.78	1.12	22.42	18.89
8/23/2016 9:36:38 AM	6.33	0.00	3.27	2.03	0.00	0.00	0.00	0.00	11.63	100.00	1.27	25.61	3355	0	1470	61	0	0	0	0	4887	322.85	22.24	6.76	18.11	41.26	21.75	60.37	1.12	22.44	18.89
8/23/2016 9:36:41 AM	6.91	0.06	3.07	1.71	0.00	0.00	0.00	0.00	11.74	100.00	1.31	25.69	3664	58	1379	51	0	0	0	0	5152	323.93	21.02	5.65	18.33	40.92	21.16	60.42	1.13	22.49	18.89
8/23/2016 9:36:43 AM	7.02	0.00	2.93	2.17	0.00	0.00	0.00	0.00	12.12	100.00	1.34	25.74	3721	0	1317	65	0	0	0	0	5103	324.17	22.22	6.63	18.15	43.36	23.03	61.60	1.13	22.53	18.92
8/23/2016 9:36:46 AM	5.29	0.31	4.43	1.17	0.00	0.00	0.00	0.00	11.21	100.00	1.37	25.71	2806	314	1993	35	0	0	0	0	5148	323.83	22.99	4.60	17.71	41.79	21.48	57.28	1.13	22.56	18.94
8/23/2016 9:36:49 AM	6.97	0.00	3.05	1.91	0.00	0.00	0.00	0.00	11.93	100.00	1.40	25.58	3693	0	1373	57	0	0	0	0	5124	324.90	21.51	7.09	17.82	41.82	21.55	61.66	1.14	22.59	18.94
8/23/2016 9:36:52 AM	6.67	0.46	3.50	1.21	0.00	0.00	0.00	0.00	11.83	100.00	1.44	25.48	3533	456	1574	36	0	0	0	0	5598	323.37	21.10	3.74	19.53	40.56	22.46	59.70	1.14	22.62	18.93
8/23/2016 9:36:55 AM	5.91	0.07	3.95	1.58	0.00	0.00	0.00	0.00	11.51	100.00	1.46	25.50	3131	72	1777	47	0	0	0	0	5026	322.37	22.68	5.36	18.46	40.10	20.92	61.24	1.14	22.67	18.94
8/23/2016 9:36:57 AM	4.51	0.14	5.37	1.55	0.00	0.00	0.00	0.00	11.58	100.00	1.51	25.45	2393	142	2416	47	0	0	0	0	4997	325.83	26.19	5.24	19.49	40.62	21.88	64.20	1.15	22.71	18.97
8/23/2016 9:37:00 AM	5.47	0.00	4.53	1.78	0.00	0.00	0.00	0.00	11.78	100.00	1.54	25.47	2897	0	2037	54	0	0	0	0	4988	324.90	24.72	5.52	16.96	41.20	22.69	64.50	1.15	22.75	18.99
8/23/2016 9:37:03 AM	6.75	0.15	3.88	1.96	0.00	0.00	0.00	0.00	12.74	100.00	1.58	25.62	3576	146	1748	59	0	0	0	0	5528	323.56	24.53	5.42	20.34	44.37	24.21	66.37	1.15	22.77	18.97
8/23/2016 9:37:06 AM	7.50	0.00	2.48	2.73	0.00	0.00	0.00	0.00	12.72	100.00	1.61	25.62	3974	1	1118	82	0	0	0	0	5174	321.11	22.97	6.76	20.10	43.92	25.13	64.57	1.16	22.80	19.03
8/23/2016 9:37:08 AM	6.22	0.30	4.22	1.22	0.00	0.00	0.00	0.00	11.95	100.00	1.63	25.53	3295	295	1898	36	0	0	0	0	5525	325.20	22.83	4.79	19.63	41.36	21.53	62.57	1.16	22.83	18.97
8/23/2016 9:37:11 AM	6.01	0.20	4.13	1.65	0.00	0.00	0.00	0.00	11.99	100.00	1.69	25.46	3188	201	1857	50	0	0	0	0	5295	322.73	24.05	4.44	18.53	43.83	23.55	61.57	1.17	22.86	19.00
8/23/2016 9:37:14 AM	6.71	0.33	3.90	1.09	0.00	0.00	0.00	0.00	12.03	100.00	1.72	25.42	3555	331	1755	33	0	0	0	0	5673	322.62	21.82	5.02	19.51	41.99	21.17	61.68	1.17	22.90	19.00
8/23/2016 9:37:17 AM	6.17	0.23	3.85	1.63	0.00	0.00	0.00	0.00	11.88	100.00	1.77	25.43	3270	228	1733	49	0	0	0	0	5280	323.63	23.06	3.96	19.02	41.36	23.13	61.79	1.17	22.93	19.05
8/23/2016 9:37:20 AM	5.04	0.48	4.62	1.28	0.00	0.00	0.00	0.00	11.42	100.00	1.82	25.39	2672	483	2079	38	0	0	0	0	5272	322.62	23.80	4.81	19.62	40.76	22.56	59.10	1.18	22.97	19.07
8/23/2016 9:37:22 AM	5.93	0.00	3.86	2.13	0.00	0.00	0.00	0.00	11.92	100.00	1.91	25.32	3144	0	1737	64	0	0	0	0	4945	324.96	24.29	5.87	18.53	42.47	23.23	62.94	1.19	23.00	19.15
8/23/2016 9:37:25 AM	6.42	0.00	3.94	2.38	0.00	0.00	0.00	0.00	12.73	100.00	1.93	25.40	3402	0	1771	71	0	0	0	0	5244	323.73	25.76	5.51	19.54	44.99	25.37	67.11	1.19	23.05	19.09
8/23/2016 9:37:28 AM	7.27	0.08	3.55	2.20	0.00	0.00	0.00	0.00	13.10	100.00	2.01	25.51	3852	85	1599	66	0	0	0	0	5601	323.07	24.56	6.08	20.73	45.55	24.75	67.81	1.20	23.06	19.07
8/23/2016 9:37:31 AM	7.26	0.00	3.41	2.16	0.00	0.00	0.00	0.00	12.83	100.00	2.08	25.68	3847	0	1534	65	0	0	0	0	5447	323.27	23.77	6.82	19.83	44.59	23.53	66.82	1.20	23.10	19.14
8/23/2016 9:37:34 AM	5.62	0.31	5.26	1.46	0.00	0.00	0.00	0.00	12.65	100.00	2.14	25.67	2981	311	2366	44	0	0	0	0	5702	321.27	26.71	5.78	20.73	45.86	23.70	66.61	1.21	23.14	19.12
8/23/2016 9:37:36 AM	6.48	0.16	3.98	2.24	0.00	0.00	0.00	0.00	12.87	100.00	2.19	25.61	3435	156	1792	67	0	0	0	0	5451	324.69	25.59	5.98	21.07	44.64	25.21	67.42	1.21	23.16	19.15
8/23/2016 9:37:39 AM	6.36	0.00	4.06	2.19	0.00	0.00	0.00	0.00	12.61	100.00	2.25	25.52	3371	0	1829	66	0	0	0	0	5266	323.80	25.39	6.49	19.97	44.58	23.82	66.75	1.22	23.18	19.20
8/23/2016 9:37:42 AM	6.32	0.00	4.16	2.25	0.00	0.00	0.00	0.00	12.73	100.00	2.33	25.57	3350	0	1870	68	0	0	0	0	5287	322.92	25.94	5.46	20.00	44.71	24.74	67.68	1.23	23.22	19.15
8/23/2016 9:37:45 AM	6.60	0.06	4.23	2.12	0.00	0.00	0.00	0.00	13.01	100.00	2.36	25.77	3499	62	1905	63	0	0	0	0	5529	322.94	25.99	5.84	20.60	45.76	24.71	68.69	1.23	23.26	19.18
8/23/2016 9:37:48 AM	6.35	0.28	4.81	1.56	0.00	0.00	0.00	0.00	13.00	100.00	2.39	25.78	3365	275	2167	47	0	0	0	0	5854	323.00	26.04	6.23	21.32	46.15	23.72	68.19	1.23	23.28	19.25
8/23/2016 9:37:50 AM	6.29	0.12	4.62	1.73	0.00	0.00	0.00	0.00	12.76	100.00	2.40	25.72	3335	118	2079	52	0	0	0	0	5584	323.59	25.82	5.56	20.16	45.47	23.62	67.52	1.24	23.31	19.24
8/23/2016 9:37:53 AM	6.15	0.16	4.64	1.56	0.00	0.00	0.00	0.00	12.52	100.00	2.43	25.65	3262	162	2090	47	0	0	0	0	5561	323.37	25.37	4.32	19.49	44.79	23.64	66.01	1.24	23.34	19.24
8/23/2016 9:37:56 AM	5.96	0.09	4.33	1.89	0.00	0.00	0.00	0.00	12.27	100.00	2.48	25.60	3157	91	1948	57	0	0	0	0	5253	323.01	25.19	5.48	19.26	44.20	23.57	64.49	1.24	23.37	19.25
8/23/2016 9:37:59 AM	6.27	0.15	4.20	1.80	0.00	0.00	0.00	0.00	12.42	100.00	2.54	25.59	3324	152	1888	54	0	0	0	0	5419	323.84	24.82	5.42	19.43	44.93	23.77	64.34	1.25	23.41	19.24
8/23/2016 9:38:01 AM	5.58	0.00	4.83	2.12	0.00	0.00	0.00	0.00	12.53	100.00	2.61	25.57	2957	0	2172	64	0	0	0	0	5193	324.07	27.15	6.31	19.54	45.51	24.21	67.19	1.26	23.43	19.26
8/23/2016 9:38:04 AM	6.12	0.00	4.09	2.23	0.00	0.00	0.00	0.00	12.44	100.00	2.72	25.54	3246	0	1839	67	0	0	0	0	5151	324.50	25.51	6.25	19.02	44.67	24.31	65.60	1.27	23.47	19.29
8/23/2016 9:38:07 AM	6.24	0.00	3.86	2.22	0.00	0.00	0.00	0.00	12.32	100.00	2.81	25.73	3310	0	1737	66	0	0	0	0	5113	324.37	24.72	6.08	19.17	43.22	23.84	65.28	1.28	23.48	19.31
8/23/2016 9:38:10 AM	6.69	0.24	4.20	1.56	0.00	0.00	0.00	0.00	12.69	100.00	2.85	25.79	3543	239	1890	47	0	0	0	0	5719	322.99	24.35	6.06	20.21	45.57	23.17	65.17	1.28	23.52	19.34
8/23/2016 9:38:13 AM	6.06	0.34	4.75	1.35	0.00	0.00	0.00	0.00	12.50	100.00	2.93	25.75	3212	337	2138	41	0	0	0	0	5727	324.53	25.12	4.83	20.13	44.97	23.52	64.82	1.29	23.56	19.32
8/23/2016 9:38:15 AM	5.66	0.00	4.62	1.94	0.00	0.00	0.00	0.00	12.22	100.00	2.98	25.74	2998	0	2080	58	0	0	0	0	5136	323.68	25.99	5.06	18.87	44.00	23.60	65.53	1.29	23.58	19.37
8/23/2016 9:38:18 AM	6.12	0.06	4.09	2.12	0.00	0.00	0.00	0.00	12.40	100.00	3.05	25.72	3244	60	1842	64	0	0	0	0	5209	323.26	25.20	5.70	19.79	43.67	24.03	65.55	1.30	23.61	19.34
8/23/2016 9:38:21 AM	5.89	0.29	4.41	1.56	0.00	0.00	0.00	0.00	12.15	100.00	3.08	25.73	3123	291	1985	47	0	0	0	0	5446	322.93	24.53	4.96	19.68	43.52	23.44	63.04	1.30	23.64	19.37
8/23/2016 9:38:24 AM	6.31	0.17	4.42	1.78	0.00	0.00	0.00	0.00	12.68	100.00	3.14	25.71	3344	171	1990	53	0	0	0	0	5559	322.35	25.46	5.88	20.13	45.64	23.85	66.07	1.31	23.66	19.37
8/23/2016 9:38:27 AM	6.06	0.00	4.20	2.15	0.00	0.00	0.00	0.00	12.42	100.00	3.22	25.63	3214	0	1892	65	0	0	0	0	5171	323.22	25.63	5.83	19.21	44.73	24.11	65.57	1.32	23.70	19.41
8/23/2016 9:38:29 AM	6.24	0.18	4.70	1.78	0.00	0.00	0.00	0.00	12.90	100.00	3.35	25.63	3305	184	2116	53	0	0	0	0	5658	322.36	26.32	5.67	20.60	46.21	24.36	67.78	1.33	23.71	19.38
8/23/2016 9:38:32 AM	7.40	0.09	6.44	2.91	0.00	0.00	0.00	0.00	16.84	100.00	3.44	25.72	3924	85	2897	87	0	0	0	0	6994	320.39	36.46	7.68	26.92	60.01	32.47	90.63	1.34	23.75	19.43
8/23/2016 9:38:35 AM	7.04	0.04	6.16	3.16	0.00	0.00	0.00	0.00	16.40	100.00	3.50	25.68	3729	43	2774	95	0	0	0	0	6641	321.70	35.96	7.96	26.83	57.44	32.20	89.18	1.34	23.77	19.44
8/23/2016 9:38:38 AM	6.67	0.08	6.53	2.65	0.00	0.00	0.00	0.00	15.93	100.00	3.54	25.66	3535	77	2939	80	0	0	0	0	6631	322.07	35.40	6.91	25.27	57.43	30.93	86.21	1.35	23.80	19.48
8/23/2016 9:38:41 AM	6.74	0.00	6.39	2.81	0.00	0.00	0.00	0.00	15.94	100.00	3.56	25.64	3570	0	2877	84	0	0	0	0	6532	321.03	35.40	7.43	25.06	57.33	30.88	86.62	1.35	23.83	19.46
8/23/2016 9:38:43 AM	7.14	0.00	6.11	3.17	0.00	0.00	0.00	0.00	16.41	100.00	3.59	25.63	3782	0	2747	95	0	0	0	0	6624	321.94	35.83	8.10	26.09	57.70	32.22	89.27	1.35	23.84	19.48
8/23/2016 9:38:46 AM	7.23	0.01	6.71	2.92	0.00	0.00	0.00	0.00	16.88	100.00	3.65	25.57	3833	9	3020	88	0	0	0	0	6950	321.98	37.17	6.79	26.72	59.65	32.65	92.25	1.36	23.88	19.48
8/23/2016 9:38:49 AM	6.97	0.05	7.36	3.65	0.00	0.00	0.00	0.00	18.04	100.00	3.69	25.57	3695	55	3312	110	0	0	0	0	7171	321.54	41.37	9.51	30.17	63.25	35.71	99.43	1.36	23.91	19.50
8/23/2016 9:38:52 AM	7.39	0.00	7.30	3.32	0.00	0.00	0.00	0.00	18.01	100.00	3.72	25.57	3916	0	3287	99	0	0	0	0	7302	320.31	40.35	7.92	28.79	62.79	35.07	99.66	1.36	23.93	19.54
8/23/2016 9:38:54 AM	7.24	0.00	7.70	3.36	0.00	0.00	0.00	0.00	18.30	100.00	3.75	25.53	3838	0	3465	101	0	0	0	0	7404	320.12	41.78	7.86	28.99	64.83	35.97	101.11	1.37	23.95	19.53
8/23/2016 9:38:57 AM	7.98	0.06	8.19	3.49	0.00	0.00	0.00	0.00	19.71	100.00	3.77	25.51	4230	57	3683	105	0	0	0	0	8075	319.75	44.41	9.09	31.72	70.21	37.87	107.96	1.37	23.97	19.53
8/23/2016 9:39:00 AM	8.79	0.00	8.65	3.92	0.00	0.00	0.00	0.00	21.36	100.00	3.78	25.48	4658	0	3893	118	0	0	0	0	8669	319.66	47.96	9.64	33.72	76.33	41.28	116.77	1.37	24.01	19.56
8/23/2016 9:39:03 AM	8.93	0.13	8.74	3.73	0.00	0.00	0.00	0.00	21.53	100.00	3.82	25.43	4733	127	3933	112	0	0	0	0	8905	319.74	47.87	9.32	34.45	76.72	41.47	117.00	1.37	24.03	19.58
8/23/2016 9:39:06 AM	9.88	0.37	10.19	3.63	0.00	0.00	0.00	0.00	24.07	100.00	3.85	25.39	5238	367	4585	109	0	0	0	0	10299	318.09	53.22	10.54	39.08	86.17	45.34	129.97	1.38	24.06	19.59
8/23/2016 9:39:08 AM	9.71	0.18	10.83	4.00	0.00	0.00	0.00	0.00	24.73	100.00	3.90	25.34	5148	178	4875	120	0	0	0	0	10320	316.77	56.23	10.55	39.61	88.64	46.86	135.56	1.38	24.07	19.61
8/23/2016 9:39:11 AM	10.47	0.20	11.15	4.06	0.00	0.00	0.00	0.00	25.89	100.00	3.92	25.22	5551	203	5018	122	0	0	0	0	10894	317.44	58.11	10.26	41.09	92.69	48.89	141.44	1.38	24.09	19.63
8/23/2016 9:39:14 AM	10.42	0.25	11.03	4.12	0.00	0.00	0.00	0.00	25.81	100.00	3.95	25.17	5522	248	4962	124	0	0	0	0	10855	316.88	57.84	11.20	41.45	92.45	48.67	140.53	1.39	24.12	19.63
8/23/2016 9:39:17 AM	10.18	0.20	10.59	4.05	0.00	0.00	0.00	0.00	25.01	100.00	3.98	25.20	5394	195	4767	121	0	0	0	0	10477	317.17	56.00	10.55	39.82	89.76	47.41	136.10	1.39	24.14	19.65
8/23/2016 9:39:20 AM	10.09	0.36	10.16	3.75	0.00	0.00	0.00	0.00	24.36	100.00	4.03	25.04	5350	362	4570	113	0	0	0	0	10395	317.72	53.68	10.68	39.49	87.17	46.04	131.31	1.39	24.16	19.66
8/23/2016 9:39:22 AM	10.00	0.33	8.70	3.42	0.00	0.00	0.00	0.00	22.44	100.00	4.09	24.74	5298	330	3915	103	0	0	0	0	9645	319.02	47.72	9.56	36.13	79.74	42.21	119.85	1.40	24.19	19.66
8/23/2016 9:39:25 AM	9.76	0.41	8.07	3.14	0.00	0.00	0.00	0.00	21.37	100.00	4.14	24.53	5172	412	3631	94	0	0	0	0	9309	318.08	44.62	9.25	34.79	75.64	40.12	113.24	1.41	24.20	19.64
8/23/2016 9:39:28 AM	8.96	0.32	6.66	3.26	0.00	0.00	0.00	0.00	19.20	100.00	4.21	24.40	4747	317	2998	98	0	0	0	0	8159	320.39	39.86	8.63	31.01	68.36	37.45	100.50	1.41	24.23	19.67
8/23/2016 9:39:31 AM	8.57	0.43	6.85	3.21	0.00	0.00	0.00	0.00	19.06	100.00	4.29	24.27	4543	431	3081	96	0	0	0	0	8152	320.88	40.11	8.57	31.40	67.81	37.75	99.65	1.42	24.25	19.69
8/23/2016 9:39:33 AM	8.74	0.49	6.82	3.23	0.00	0.00	0.00	0.00	19.28	100.00	4.38	23.89	4632	488	3071	97	0	0	0	0	8287	321.23	40.26	8.80	32.10	68.20	38.17	100.57	1.43	24.27	19.72
8/23/2016 9:39:36 AM	8.81	0.34	6.43	3.43	0.00	0.00	0.00	0.00	19.02	100.00	4.47	23.52	4672	342	2894	103	0	0	0	0	8011	320.12	39.58	8.90	31.06	67.62	37.77	99.17	1.44	24.29	19.72
8/23/2016 9:39:39 AM	8.53	0.39	6.37	3.41	0.00	0.00	0.00	0.00	18.69	100.00	4.60	23.00	4520	389	2866	102	0	0	0	0	7878	320.57	39.18	8.89	30.71	66.81	37.61	97.03	1.45	24.30	19.72
8/23/2016 9:39:42 AM	7.41	0.64	5.88	3.50	0.00	0.00	0.00	0.00	17.43	100.00	4.69	22.41	3929	644	2644	105	0	0	0	0	7322	321.94	37.36	9.57	30.25	62.79	37.33	88.45	1.46	24.32	19.76
8/23/2016 9:39:45 AM	7.42	0.84	4.81	4.05	0.00	0.00	0.00	0.00	17.11	100.00	4.79	22.15	3931	838	2162	121	0	0	0	0	7052	322.04	35.90	10.21	31.13	60.55	39.12	84.45	1.47	24.34	19.78
8/23/2016 9:39:47 AM	6.34	1.06	4.63	4.16	0.00	0.00	0.00	0.00	16.19	100.00	4.86	21.58	3361	1063	2083	125	0	0	0	0	6632	322.89	35.20	10.70	30.95	57.99	39.45	78.14	1.48	24.35	19.78
8/23/2016 9:39:50 AM	5.74	1.42	4.88	3.54	0.00	0.00	0.00	0.00	15.58	100.00	4.91	21.08	3043	1419	2197	106	0	0	0	0	6766	323.99	33.93	10.13	31.10	56.13	38.62	73.37	1.48	24.36	19.79
8/23/2016 9:39:53 AM	5.87	1.46	4.44	3.61	0.00	0.00	0.00	0.00	15.38	100.00	4.99	20.69	3109	1460	1996	108	0	0	0	0	6674	323.16	32.86	10.29	31.03	55.08	38.57	71.46	1.49	24.37	19.83
8/23/2016 9:39:56 AM	4.74	1.58	4.33	3.45	0.00	0.00	0.00	0.05	14.10	100.00	5.10	20.78	2512	1581	1949	104	0	0	0	0	6146	323.16	31.41	9.96	29.98	51.60	37.19	65.37	1.50	24.38	19.85
8/23/2016 9:39:59 AM	4.23	1.54	4.00	3.88	0.00	0.00	0.00	0.09	13.64	100.00	5.18	20.52	2240	1538	1800	116	0	0	0	0	5695	323.63	31.41	10.56	29.78	50.45	37.62	63.51	1.51	24.40	19.80
8/23/2016 9:40:01 AM	4.66	1.55	3.66	3.79	0.00	0.00	0.00	0.07	13.66	100.00	5.24	20.43	2471	1547	1647	114	0	0	0	0	5779	323.42	30.28	10.34	29.63	49.74	37.25	62.78	1.51	24.41	19.83
8/23/2016 9:40:04 AM	3.86	1.46	3.42	3.96	0.00	0.00	0.00	0.16	12.70	100.00	5.31	20.54	2047	1460	1541	119	0	0	0	0	5167	324.03	29.68	10.00	28.21	48.42	36.48	59.46	1.52	24.41	19.87
8/23/2016 9:40:07 AM	4.20	1.38	3.14	4.10	0.00	0.00	0.00	0.18	12.82	100.00	5.35	20.12	2229	1377	1414	123	0	0	0	0	5143	324.34	29.47	9.92	27.96	49.10	36.68	60.13	1.52	24.42	19.84
8/23/2016 9:40:10 AM	4.05	1.54	3.54	3.78	0.00	0.00	0.00	0.13	12.92	100.00	5.40	19.86	2148	1543	1592	114	0	0	0	0	5396	323.58	29.57	10.23	28.78	48.42	36.35	59.86	1.53	24.42	19.87
8/23/2016 9:40:13 AM	4.13	1.69	3.54	3.72	0.00	0.00	0.00	0.16	13.08	100.00	5.44	19.39	2189	1689	1595	112	0	0	0	0	5585	323.59	29.67	10.58	29.75	49.49	36.82	60.31	1.53	24.43	19.87
8/23/2016 9:40:15 AM	2.99	1.30	2.94	3.44	0.00	0.00	0.00	0.20	10.67	100.00	5.50	19.44	1584	1299	1324	103	0	0	0	0	4311	325.54	25.63	9.11	24.48	42.19	31.51	50.39	1.54	24.43	19.89
8/23/2016 9:40:18 AM	2.31	1.27	3.01	3.24	0.00	0.00	0.00	0.28	9.84	100.00	5.53	19.31	1222	1274	1355	97	0	0	0	0	3949	324.18	24.92	8.46	23.16	41.00	30.12	47.47	1.54	24.43	19.91
8/23/2016 9:40:21 AM	2.13	1.02	2.43	3.28	0.00	0.00	0.00	0.30	8.86	100.00	5.58	19.41	1130	1017	1092	98	0	0	0	0	3338	325.58	22.83	7.69	20.54	38.07	27.99	43.47	1.55	24.44	19.93
8/23/2016 9:40:24 AM	1.43	1.27	3.06	3.05	0.00	0.00	0.00	0.32	8.81	100.00	5.62	18.86	757	1271	1375	91	0	0	0	0	3495	326.05	23.86	8.10	21.82	38.36	28.38	43.22	1.55	24.43	19.92
8/23/2016 9:40:26 AM	1.32	1.34	3.29	2.88	0.00	0.00	0.00	0.43	8.83	100.00	5.68	18.25	697	1344	1479	86	0	0	0	0	3606	325.12	24.43	7.75	22.04	40.99	28.53	44.37	1.56	24.43	19.94
8/23/2016 9:40:29 AM	1.88	1.14	2.64	3.36	0.00	0.00	0.00	0.29	9.01	100.00	5.74	17.64	995	1137	1190	101	0	0	0	0	3422	326.50	23.68	8.01	21.50	38.35	28.97	43.95	1.56	24.42	19.94
8/23/2016 9:40:32 AM	1.35	2.05	2.96	4.64	0.00	0.00	0.00	0.33	11.00	100.00	5.81	17.76	716	2051	1332	139	0	0	0	0	4239	323.69	29.62	11.31	30.29	44.42	39.06	50.60	1.57	24.43	19.97
8/23/2016 9:40:35 AM	1.49	1.95	2.33	6.89	0.00	0.00	0.00	0.27	12.66	100.00	5.89	18.07	791	1950	1049	207	0	0	0	0	3997	323.86	34.91	13.92	34.05	48.31	47.45	58.06	1.58	24.42	19.95
8/23/2016 9:40:38 AM	0.86	2.38	3.39	5.85	0.00	0.00	0.00	0.29	12.49	100.00	5.95	18.11	458	2377	1527	176	0	0	0	0	4539	323.40	34.89	13.70	35.29	48.25	45.97	56.78	1.58	24.40	19.96
8/23/2016 9:40:40 AM	2.09	5.37	3.06	8.53	0.00	0.00	0.00	0.16	19.05	100.00	6.00	17.73	1109	5367	1378	256	0	0	0	0	8109	320.77	46.24	21.08	61.33	61.49	73.89	73.25	1.59	24.40	19.96
8/23/2016 9:40:43 AM	1.67	5.21	1.91	9.58	0.00	0.00	0.00	0.23	18.36	100.00	6.07	17.48	884	5207	861	287	0	0	0	0	7239	319.77	45.74	21.45	60.60	59.74	75.62	70.24	1.59	24.40	19.98
8/23/2016 9:40:46 AM	2.05	5.43	0.14	11.53	0.00	0.00	0.00	0.28	19.15	100.00	6.14	17.86	1089	5426	62	346	0	0	0	0	6922	318.69	47.30	21.68	63.81	61.14	84.15	71.44	1.60	24.38	19.99
8/23/2016 9:40:49 AM	2.15	10.46	0.11	11.92	0.00	0.00	0.00	0.24	24.64	100.00	6.25	17.70	1138	10463	48	358	0	0	0	0	12006	314.29	53.39	28.07	96.70	68.66	112.28	74.53	1.61	24.36	19.96
8/23/2016 9:40:52 AM	1.74	28.29	0.00	13.34	0.00	0.00	0.00	0.00	43.37	100.00	6.33	17.01	925	28286	0	400	0	0	0	0	29611	307.00	70.13	50.05	208.63	90.10	216.29	81.37	1.62	24.35	19.97
8/23/2016 9:40:54 AM	1.97	42.90	0.00	16.08	0.00	0.00	0.00	0.00	60.94	100.00	6.40	17.06	1042	42899	0	482	0	0	0	0	44423	293.79	92.27	72.83	308.63	117.28	304.66	101.67	1.63	24.34	20.01
8/23/2016 9:40:57 AM	6.71	48.54	0.00	21.25	0.00	0.00	0.00	0.00	76.50	100.00	6.48	17.46	3556	48535	0	638	0	0	0	0	52728	287.16	121.20	87.48	364.67	157.20	358.27	151.63	1.63	24.34	19.98
8/23/2016 9:41:00 AM	0.00	57.98	0.00	36.10	0.00	0.00	0.00	0.00	94.09	100.00	6.56	17.28	0	57985	0	1083	0	0	0	0	59068	283.71	168.25	111.69	431.75	197.15	490.90	192.95	1.64	24.31	20.00
8/23/2016 9:41:03 AM	0.00	65.28	0.00	33.70	0.00	0.00	0.00	0.00	98.98	99.53	6.62	17.20	0	65281	0	1011	0	0	0	0	66292	279.43	165.85	117.39	472.95	197.20	518.67	184.30	1.65	24.30	20.01
8/23/2016 9:41:06 AM	0.00	52.02	0.00	27.67	0.00	0.00	0.00	0.00	79.69	100.00	6.70	16.75	0	52025	0	830	0	0	0	0	52855	282.97	133.78	92.54	379.78	160.72	416.66	151.95	1.66	24.28	20.04
8/23/2016 9:41:08 AM	0.00	48.29	0.00	21.79	0.00	0.00	0.00	0.00	70.07	100.00	6.77	16.02	0	48288	0	654	0	0	0	0	48941	289.93	111.24	79.50	340.90	137.88	372.88	119.23	1.66	24.27	20.02
8/23/2016 9:41:11 AM	0.00	54.54	0.00	22.54	0.00	0.00	0.00	0.00	77.08	100.00	6.85	15.77	0	54538	0	676	0	0	0	0	55214	289.69	118.51	88.43	382.05	147.61	409.61	125.59	1.67	24.24	20.02
8/23/2016 9:41:14 AM	0.00	48.36	0.00	21.56	0.00	0.00	0.00	0.00	69.92	100.00	6.91	15.84	0	48361	0	647	0	0	0	0	49008	290.56	108.89	79.63	343.85	137.17	368.83	120.44	1.68	24.22	20.02
8/23/2016 9:41:17 AM	0.00	49.49	0.00	21.30	0.00	0.00	0.00	0.00	70.79	100.00	6.98	15.66	0	49490	0	639	0	0	0	0	50129	291.75	107.78	80.19	349.28	138.42	375.16	119.32	1.68	24.20	20.01
8/23/2016 9:41:19 AM	0.00	43.45	0.00	21.34	0.00	0.00	0.00	0.00	64.79	100.00	7.11	14.32	0	43452	0	640	0	0	0	0	44092	292.31	103.68	73.05	310.77	131.94	343.46	116.36	1.70	24.17	20.07
8/23/2016 9:41:22 AM	2.74	34.57	0.00	17.34	0.00	0.00	0.00	0.00	54.65	100.00	7.23	13.16	1455	34568	0	520	0	0	0	0	36543	293.41	86.00	60.23	253.67	116.20	275.06	107.48	1.71	24.15	20.01
8/23/2016 9:41:25 AM	2.31	36.30	0.00	19.74	0.00	0.00	0.00	0.16	58.35	100.00	7.30	13.18	1223	36302	0	592	0	0	0	0	38118	293.81	94.37	64.35	267.77	129.27	297.07	119.35	1.72	24.12	20.06
8/23/2016 9:41:28 AM	1.39	34.18	0.00	19.57	0.00	0.00	0.00	0.33	55.14	100.00	7.37	14.03	739	34177	0	587	0	0	0	0	35503	295.95	91.13	60.76	252.27	126.43	285.31	115.47	1.72	24.08	19.98
8/23/2016 9:41:31 AM	5.34	34.32	0.00	16.33	0.00	0.00	0.00	0.29	55.99	100.00	7.44	14.57	2829	34322	0	490	0	0	0	0	37641	297.43	87.16	58.31	254.00	128.02	270.88	116.59	1.73	24.05	20.02
8/23/2016 9:41:33 AM	1.93	31.45	0.00	19.35	0.00	0.00	0.00	0.61	52.74	100.00	7.54	13.87	1025	31454	0	580	0	0	0	0	33060	296.33	88.81	57.60	235.05	130.37	271.18	118.97	1.74	24.01	19.97
8/23/2016 9:41:36 AM	1.46	27.35	0.00	15.50	0.00	0.00	0.00	0.75	44.32	100.00	7.76	11.76	776	27347	0	465	0	0	0	0	28589	301.33	74.03	48.56	201.95	112.93	229.33	97.92	1.76	23.98	20.03
8/23/2016 9:41:39 AM	1.10	28.92	0.00	13.78	0.00	0.00	0.00	0.78	43.80	100.00	7.90	11.16	583	28923	0	413	0	0	0	0	29919	303.69	69.85	48.16	207.89	108.40	229.26	88.26	1.77	23.94	19.98
8/23/2016 9:41:42 AM	0.00	29.01	0.00	13.53	0.00	0.00	0.00	0.86	42.53	100.00	8.01	10.99	0	29008	0	406	0	0	0	0	29414	302.66	67.73	47.16	205.01	105.97	229.67	82.44	1.78	23.91	19.98
8/23/2016 9:41:45 AM	0.00	30.86	0.00	12.86	0.00	0.00	0.00	0.90	43.72	100.00	8.06	10.75	0	30864	0	386	0	0	0	0	31250	302.71	67.51	48.92	216.24	106.84	235.28	80.39	1.79	23.87	20.00
8/23/2016 9:41:47 AM	0.00	29.48	0.00	13.23	0.00	0.00	0.00	0.85	42.71	100.00	8.12	11.10	0	29480	0	397	0	0	0	0	29877	303.58	66.52	47.24	207.17	105.17	231.14	81.21	1.80	23.83	19.98
8/23/2016 9:41:50 AM	0.62	31.98	0.00	12.86	0.00	0.00	0.00	0.87	45.47	100.00	8.24	10.80	330	31984	0	386	0	0	0	0	32700	302.46	68.77	50.34	223.83	109.88	242.14	83.21	1.81	23.79	19.97
8/23/2016 9:41:53 AM	0.00	32.88	0.00	12.42	0.00	0.00	0.00	0.84	45.30	100.00	8.33	11.00	0	32882	0	373	0	0	0	0	33255	302.35	67.49	49.96	225.56	107.13	246.92	76.84	1.82	23.73	19.97
8/23/2016 9:41:56 AM	0.82	33.97	0.00	11.22	0.00	0.00	0.00	0.80	46.02	100.00	8.40	11.05	436	33972	0	337	0	0	0	0	34745	302.51	66.63	50.13	234.07	105.92	243.95	75.66	1.82	23.69	19.97
8/23/2016 9:41:59 AM	0.00	28.08	0.00	12.97	0.00	0.00	0.00	0.63	41.05	100.00	8.47	11.53	0	28080	0	389	0	0	0	0	28469	302.29	64.75	46.74	192.65	99.21	227.53	73.19	1.83	23.66	19.96
8/23/2016 9:42:01 AM	0.00	30.98	0.00	11.86	0.00	0.00	0.00	0.73	42.85	100.00	8.56	11.88	0	30981	0	356	0	0	0	0	31337	303.90	64.64	47.87	212.95	100.32	233.10	72.09	1.84	23.60	19.93
8/23/2016 9:42:04 AM	0.00	31.27	0.00	11.29	0.00	0.00	0.00	0.82	42.55	100.00	8.63	11.83	0	31267	0	339	0	0	0	0	31605	301.88	62.90	46.98	211.46	101.15	234.63	69.17	1.85	23.56	19.92
8/23/2016 9:42:07 AM	0.00	31.48	0.00	9.89	0.00	0.00	0.00	0.80	41.38	100.00	8.69	11.99	0	31481	0	297	0	0	0	0	31778	301.78	58.85	44.68	212.90	95.29	225.96	63.99	1.85	23.51	19.91
8/23/2016 9:42:10 AM	0.00	32.08	0.00	10.61	0.00	0.00	0.00	0.84	42.69	100.00	8.76	12.34	0	32085	0	318	0	0	0	0	32403	302.61	61.12	46.62	215.40	100.15	235.81	66.64	1.86	23.46	19.92
8/23/2016 9:42:12 AM	0.00	33.17	0.00	10.82	0.00	0.00	0.00	0.79	43.99	100.00	8.83	12.24	0	33165	0	325	0	0	0	0	33490	301.66	62.46	48.20	223.25	101.08	241.81	68.00	1.87	23.43	19.89
8/23/2016 9:42:15 AM	0.00	33.20	0.00	11.63	0.00	0.00	0.00	0.66	44.83	100.00	8.90	12.17	0	33200	0	349	0	0	0	0	33549	299.83	64.13	48.02	219.75	102.31	252.11	67.97	1.87	23.37	19.92
8/23/2016 9:42:18 AM	0.00	33.20	0.00	10.57	0.00	0.00	0.00	0.74	43.77	100.00	8.95	12.07	0	33201	0	317	0	0	0	0	33518	299.05	62.42	47.41	220.51	99.82	243.43	64.27	1.88	23.32	19.84
8/23/2016 9:42:21 AM	0.00	34.07	0.00	10.17	0.00	0.00	0.00	0.81	44.24	100.00	9.01	12.03	0	34073	0	305	0	0	0	0	34378	299.51	61.32	47.93	228.72	100.23	242.43	65.99	1.88	23.28	19.92
8/23/2016 9:42:24 AM	0.00	33.07	0.00	12.00	0.00	0.00	0.00	0.77	45.07	100.00	9.06	11.46	0	33068	0	360	0	0	0	0	33428	300.08	64.94	50.81	223.94	104.86	248.01	73.30	1.89	23.24	19.85
8/23/2016 9:42:26 AM	0.00	32.54	0.00	12.55	0.00	0.00	0.00	0.80	45.10	100.00	9.12	11.08	0	32543	0	377	0	0	0	0	32920	300.52	66.14	50.48	219.72	107.22	250.32	75.10	1.89	23.20	19.85
8/23/2016 9:42:29 AM	0.00	31.97	0.00	11.65	0.00	0.00	0.00	0.74	43.63	100.00	9.19	11.40	0	31972	0	350	0	0	0	0	32321	300.04	63.14	48.67	214.51	101.94	242.61	69.67	1.90	23.12	19.82
8/23/2016 9:42:32 AM	0.00	33.93	0.00	11.75	0.00	0.00	0.00	0.79	45.69	100.00	9.29	11.47	0	33933	0	353	0	0	0	0	34286	299.16	65.31	50.44	229.63	105.33	250.78	73.02	1.91	23.06	19.88
8/23/2016 9:42:35 AM	0.00	32.63	0.00	11.29	0.00	0.00	0.00	0.84	43.92	100.00	9.36	11.14	0	32633	0	339	0	0	0	0	32972	298.94	63.26	46.71	219.94	103.16	242.66	70.64	1.92	23.01	19.79
8/23/2016 9:42:38 AM	0.00	34.29	0.00	11.53	0.00	0.00	0.00	0.91	45.82	100.00	9.46	11.20	0	34291	0	346	0	0	0	0	34637	297.82	65.21	50.14	233.01	107.35	250.14	74.39	1.93	22.96	19.81
8/23/2016 9:42:40 AM	0.00	35.96	0.00	10.84	0.00	0.00	0.00	0.76	46.80	100.00	9.57	10.63	0	35964	0	325	0	0	0	0	36289	296.77	64.17	51.03	238.25	104.91	260.01	67.45	1.94	22.92	19.79
8/23/2016 9:42:43 AM	0.00	35.16	0.00	9.42	0.00	0.00	0.00	0.71	44.58	100.00	9.71	9.97	0	35160	0	283	0	0	0	0	35443	299.59	59.27	48.55	230.60	97.74	248.48	59.50	1.95	22.85	19.74
8/23/2016 9:42:46 AM	0.00	34.23	0.00	9.32	0.00	0.00	0.00	0.74	43.54	100.00	9.81	10.09	0	34225	0	280	0	0	0	0	34505	297.37	58.01	47.33	225.83	96.38	241.59	59.97	1.96	22.80	19.74
8/23/2016 9:42:49 AM	0.00	33.95	0.00	9.19	0.00	0.00	0.00	0.71	43.14	100.00	9.94	10.28	0	33951	0	276	0	0	0	0	34227	298.27	57.32	46.97	221.89	95.37	241.64	57.60	1.97	22.74	19.72
8/23/2016 9:42:52 AM	0.00	40.31	0.00	8.05	0.00	0.00	0.00	0.74	48.36	100.00	10.06	9.86	0	40307	0	242	0	0	0	0	40548	298.18	59.91	51.38	262.25	99.76	267.36	55.74	1.99	22.67	19.71
8/23/2016 9:42:54 AM	0.00	38.50	0.00	9.24	0.00	0.00	0.00	0.58	47.74	100.00	10.22	9.74	0	38501	0	277	0	0	0	0	38778	296.31	60.35	50.55	245.79	99.69	271.94	55.58	2.00	22.62	19.71
8/23/2016 9:42:57 AM	0.00	38.61	0.00	8.27	0.00	0.00	0.00	0.63	46.88	100.00	10.35	9.49	0	38612	0	248	0	0	0	0	38860	295.44	58.77	51.80	249.05	96.90	262.14	52.92	2.01	22.56	19.68
8/23/2016 9:43:00 AM	0.00	39.50	0.00	8.31	0.00	0.00	0.00	0.66	47.82	100.00	10.50	9.74	0	39501	0	249	0	0	0	0	39750	295.59	59.33	51.89	253.12	99.27	269.29	53.21	2.03	22.49	19.67
8/23/2016 9:43:03 AM	0.00	40.35	0.00	8.20	0.00	0.00	0.00	0.65	48.55	100.00	10.63	9.63	0	40350	0	246	0	0	0	0	40596	294.96	60.58	53.27	259.62	99.58	271.42	53.03	2.04	22.43	19.67
8/23/2016 9:43:05 AM	0.00	39.49	0.00	8.28	0.00	0.00	0.00	0.60	47.77	100.00	10.75	9.42	0	39489	0	248	0	0	0	0	39738	294.10	59.71	51.72	251.59	98.07	270.44	51.10	2.05	22.37	19.63
8/23/2016 9:43:08 AM	0.00	41.57	0.00	8.54	0.00	0.00	0.00	0.60	50.12	100.00	10.86	9.60	0	41575	0	256	0	0	0	0	41831	293.98	61.82	52.98	265.26	101.54	283.19	53.68	2.06	22.32	19.63
8/23/2016 9:43:11 AM	0.00	39.43	0.00	8.24	0.00	0.00	0.00	0.59	47.67	100.00	10.94	9.64	0	39427	0	247	0	0	0	0	39674	295.48	59.12	51.37	251.12	97.62	270.02	51.10	2.07	22.25	19.60
8/23/2016 9:43:14 AM	0.00	41.46	0.00	7.88	0.00	0.00	0.00	0.60	49.34	100.00	11.01	9.89	0	41458	0	237	0	0	0	0	41694	295.06	59.97	54.57	264.45	99.01	277.40	50.33	2.08	22.19	19.57
8/23/2016 9:43:17 AM	0.00	40.64	0.00	7.48	0.00	0.00	0.00	0.66	48.12	100.00	11.10	10.12	0	40643	0	224	0	0	0	0	40868	295.52	58.36	52.47	259.32	97.79	270.44	49.33	2.09	22.13	19.53
8/23/2016 9:43:19 AM	0.00	40.34	0.00	7.56	0.00	0.00	0.00	0.65	47.89	100.00	11.22	10.15	0	40336	0	227	0	0	0	0	40563	293.70	58.18	51.64	255.34	97.77	271.80	48.24	2.10	22.07	19.54
8/23/2016 9:43:22 AM	0.00	38.24	0.00	8.17	0.00	0.00	0.00	0.52	46.40	100.00	11.37	9.73	0	38236	0	245	0	0	0	0	38481	293.86	58.33	49.83	241.19	94.78	265.70	47.81	2.11	22.02	19.52
8/23/2016 9:43:25 AM	0.00	37.81	0.00	7.93	0.00	0.00	0.00	0.53	45.74	100.00	11.48	9.33	0	37810	0	238	0	0	0	0	38048	294.36	57.27	49.70	239.70	93.29	260.29	47.54	2.13	21.96	19.46
8/23/2016 9:43:28 AM	0.00	40.55	0.00	7.23	0.00	0.00	0.00	0.64	47.78	100.00	11.62	9.61	0	40548	0	217	0	0	0	0	40765	295.58	57.60	51.11	258.46	96.11	268.58	48.08	2.14	21.89	19.47
8/23/2016 9:43:31 AM	0.00	41.59	0.00	7.82	0.00	0.00	0.00	0.54	49.41	100.00	11.75	9.24	0	41590	0	235	0	0	0	0	41825	293.00	59.79	54.52	263.61	98.22	279.50	48.54	2.15	21.82	19.45
8/23/2016 9:43:33 AM	0.00	43.17	0.00	8.25	0.00	0.00	0.00	0.52	51.42	100.00	11.84	9.37	0	43167	0	248	0	0	0	0	43414	293.45	62.33	56.44	271.79	101.82	293.03	49.37	2.16	21.76	19.43
8/23/2016 9:43:36 AM	0.00	54.53	0.00	10.71	0.00	0.00	0.00	0.35	65.24	100.00	11.89	9.02	0	54535	0	321	0	0	0	0	54856	286.72	77.53	68.88	345.75	121.80	368.98	63.54	2.17	21.71	19.41
