Date/Time	Green Algae	Bluegreen	Diatoms	Cryptophyta	#4	#5	#6	Yellow substances	Total conc.	Transmission	Depth	Temp. Sample	Green Algae	Bluegreen	Diatoms	Cryptophyta	#4	#5	#6	Yellow substances	Total cell count	Trans. 700 nm	LED 3 [525 nm]	LED 4 [570 nm]	LED 5 [610 nm]	LED 6 [370 nm]	LED 7 [590 nm]	LED 8 [470 nm]	Pressure	Temp. LEDs	Temp. Sensor
date	µg/l	µg/l	µg/l	µg/l	µg/l	µg/l	µg/l	µg/l	µg/l	%	m	°C	cells/ml	cells/ml	cells/ml	cells/ml	cells/ml	cells/ml	cells/ml	cells/ml	cells/ml	digits	digits	digits	digits	digits	digits	digits	bar	°C	°C
8/11/2016 9:56:57 AM	2.45	0.47	3.46	0.87	0.00	0.00	0.00	0.00	7.25	100.00	0.29	25.75	1298	471	1557	26	0	0	0	0	3351	296.38	16.69	3.48	13.80	25.98	16.22	37.64	1.03	23.27	20.19
8/11/2016 9:57:00 AM	5.34	0.00	1.72	2.76	0.00	0.00	0.00	0.00	9.82	100.00	0.57	25.99	2828	0	775	83	0	0	0	0	3686	309.91	18.59	7.21	16.87	31.48	21.06	51.66	1.06	23.31	20.25
8/11/2016 9:57:02 AM	4.53	0.00	4.25	1.97	0.00	0.00	0.00	0.00	10.75	100.00	0.72	25.98	2402	0	1912	59	0	0	0	0	4373	309.92	23.70	5.06	16.57	36.80	21.90	59.80	1.07	23.35	20.24
8/11/2016 9:57:05 AM	3.76	0.00	5.42	2.06	0.00	0.00	0.00	0.00	11.24	100.00	0.78	25.98	1995	0	2438	62	0	0	0	0	4494	309.48	27.23	5.76	18.43	39.19	22.76	64.17	1.08	23.39	20.22
8/11/2016 9:57:08 AM	4.96	0.00	4.68	1.72	0.00	0.00	0.00	0.00	11.36	100.00	0.78	25.97	2630	0	2105	52	0	0	0	0	4786	309.39	24.80	4.02	17.47	39.84	22.25	62.64	1.08	23.43	20.25
8/11/2016 9:57:11 AM	4.00	0.00	4.74	2.19	0.00	0.00	0.00	0.00	10.92	100.00	0.80	25.94	2120	0	2131	66	0	0	0	0	4317	308.64	25.68	4.32	17.04	37.37	23.55	61.83	1.08	23.46	20.30
8/11/2016 9:57:13 AM	4.99	0.00	4.02	2.44	0.00	0.00	0.00	0.00	11.45	100.00	0.94	25.96	2644	0	1809	73	0	0	0	0	4526	309.11	24.91	4.57	18.40	38.16	24.27	63.35	1.09	23.50	20.29
8/11/2016 9:57:16 AM	4.92	0.00	4.74	2.06	0.00	0.00	0.00	0.00	11.72	100.00	1.01	26.03	2606	0	2135	62	0	0	0	0	4803	308.74	25.98	5.09	18.68	40.46	23.28	65.03	1.10	23.55	20.26
8/11/2016 9:57:19 AM	4.49	0.15	4.91	1.84	0.00	0.00	0.00	0.00	11.40	100.00	1.10	26.00	2382	152	2212	55	0	0	0	0	4800	308.67	25.82	4.96	18.98	40.57	23.02	62.01	1.11	23.57	20.31
8/11/2016 9:57:22 AM	5.07	0.00	4.53	2.28	0.00	0.00	0.00	0.00	11.88	100.00	1.12	25.95	2686	0	2039	68	0	0	0	0	4794	308.19	26.14	5.04	18.06	40.90	24.67	65.61	1.11	23.62	20.33
8/11/2016 9:57:25 AM	5.02	0.00	4.38	2.50	0.00	0.00	0.00	0.00	11.91	100.00	1.15	25.91	2663	0	1972	75	0	0	0	0	4710	307.72	26.48	4.58	19.23	41.04	25.24	65.23	1.11	23.66	20.32
8/11/2016 9:57:27 AM	5.00	0.00	4.76	2.02	0.00	0.00	0.00	0.00	11.78	100.00	1.19	25.91	2651	0	2144	61	0	0	0	0	4855	307.08	25.83	5.73	18.35	40.21	23.08	65.85	1.12	23.69	20.33
8/11/2016 9:57:30 AM	4.98	0.00	4.02	2.57	0.00	0.00	0.00	0.00	11.57	100.00	1.24	25.88	2638	0	1807	77	0	0	0	0	4523	308.83	25.50	5.06	18.79	39.98	24.77	62.81	1.12	23.72	20.35
8/11/2016 9:57:33 AM	3.67	0.00	5.24	2.34	0.00	0.00	0.00	0.00	11.25	100.00	1.31	25.83	1947	0	2356	70	0	0	0	0	4373	306.07	27.31	7.20	17.84	38.63	23.49	64.63	1.13	23.75	20.35
8/11/2016 9:57:36 AM	5.15	0.00	3.71	3.09	0.00	0.00	0.00	0.00	11.96	100.00	1.38	25.85	2732	0	1670	93	0	0	0	0	4494	308.61	26.08	7.80	19.56	40.46	25.89	64.98	1.14	23.79	20.37
8/11/2016 9:57:39 AM	4.33	0.00	5.09	2.04	0.00	0.00	0.00	0.00	11.45	100.00	1.42	25.91	2292	0	2289	61	0	0	0	0	4643	307.74	26.57	5.93	19.03	40.13	22.49	64.10	1.14	23.82	20.38
8/11/2016 9:57:41 AM	4.46	0.00	5.29	1.68	0.00	0.00	0.00	0.00	11.42	100.00	1.47	25.88	2361	0	2379	50	0	0	0	0	4791	307.24	26.11	4.69	17.42	40.00	22.26	64.43	1.14	23.86	20.40
8/11/2016 9:57:44 AM	5.11	0.00	4.65	2.18	0.00	0.00	0.00	0.00	11.94	100.00	1.53	25.85	2708	0	2092	65	0	0	0	0	4865	308.10	26.34	4.90	19.30	41.61	23.96	65.49	1.15	23.88	20.41
8/11/2016 9:57:47 AM	4.29	0.00	5.12	2.16	0.00	0.00	0.00	0.00	11.56	100.00	1.58	25.81	2274	0	2303	65	0	0	0	0	4641	309.74	26.95	6.09	19.01	39.96	23.11	65.26	1.15	23.91	20.41
8/11/2016 9:57:50 AM	4.91	0.00	4.15	2.57	0.00	0.00	0.00	0.00	11.62	100.00	1.64	25.80	2600	0	1866	77	0	0	0	0	4543	307.50	25.82	5.33	18.54	40.34	24.92	63.28	1.16	23.95	20.41
8/11/2016 9:57:53 AM	4.64	0.00	4.00	2.43	0.00	0.00	0.00	0.00	11.07	100.00	1.70	25.83	2461	0	1800	73	0	0	0	0	4333	309.51	24.68	6.02	18.28	38.88	23.19	60.01	1.17	23.98	20.42
8/11/2016 9:57:55 AM	4.64	0.40	5.25	0.88	0.00	0.00	0.00	0.00	11.16	100.00	1.76	25.77	2458	395	2361	26	0	0	0	0	5240	308.04	23.91	3.89	19.33	38.40	20.60	60.78	1.17	24.01	20.43
8/11/2016 9:57:58 AM	4.80	0.00	3.98	2.30	0.00	0.00	0.00	0.00	11.07	100.00	1.81	25.74	2543	0	1790	69	0	0	0	0	4401	309.23	24.17	5.47	17.27	37.94	23.23	60.78	1.18	24.05	20.47
8/11/2016 9:58:01 AM	4.53	0.00	4.66	1.81	0.00	0.00	0.00	0.00	10.99	100.00	1.84	25.70	2399	0	2095	54	0	0	0	0	4549	308.76	24.44	5.39	16.93	37.73	21.61	61.76	1.18	24.07	20.47
8/11/2016 9:58:04 AM	5.17	0.00	4.09	2.15	0.00	0.00	0.00	0.00	11.41	100.00	1.90	25.69	2740	0	1839	65	0	0	0	0	4644	309.53	24.26	4.65	17.40	38.25	23.44	63.14	1.19	24.11	20.47
8/11/2016 9:58:06 AM	4.91	0.00	4.55	1.96	0.00	0.00	0.00	0.00	11.41	100.00	1.96	25.69	2600	0	2047	59	0	0	0	0	4706	308.73	24.98	5.09	17.80	39.33	22.62	63.28	1.19	24.13	20.46
8/11/2016 9:58:09 AM	5.32	0.00	3.93	2.18	0.00	0.00	0.00	0.00	11.44	100.00	2.01	25.69	2822	0	1768	66	0	0	0	0	4655	309.08	24.10	5.87	17.04	40.28	23.31	61.48	1.20	24.16	20.50
8/11/2016 9:58:12 AM	4.08	0.00	5.25	1.84	0.00	0.00	0.00	0.00	11.17	100.00	2.06	25.68	2161	0	2363	55	0	0	0	0	4579	308.37	26.33	5.34	18.20	39.81	21.94	62.61	1.20	24.19	20.51
8/11/2016 9:58:15 AM	5.11	0.00	4.54	1.83	0.00	0.00	0.00	0.00	11.49	100.00	2.09	25.67	2709	0	2045	55	0	0	0	0	4808	309.66	24.72	4.83	18.09	39.59	22.19	63.49	1.21	24.22	20.48
8/11/2016 9:58:18 AM	4.57	0.00	5.02	1.63	0.00	0.00	0.00	0.00	11.22	100.00	2.14	25.67	2423	0	2257	49	0	0	0	0	4729	309.21	25.12	5.47	17.44	39.40	21.21	62.77	1.21	24.25	20.49
8/11/2016 9:58:20 AM	4.73	0.00	4.86	1.88	0.00	0.00	0.00	0.00	11.47	100.00	2.19	25.67	2509	0	2188	56	0	0	0	0	4753	308.88	25.61	5.35	17.52	40.28	22.62	63.71	1.21	24.28	20.53
8/11/2016 9:58:23 AM	5.46	0.05	4.13	2.18	0.00	0.00	0.00	0.00	11.82	100.00	2.22	25.67	2894	47	1859	65	0	0	0	0	4866	307.36	24.80	5.74	19.87	40.00	23.08	64.38	1.22	24.30	20.53
8/11/2016 9:58:26 AM	4.91	0.03	4.27	1.98	0.00	0.00	0.00	0.00	11.19	100.00	2.24	25.68	2605	25	1921	59	0	0	0	0	4610	308.65	24.41	4.38	17.82	39.68	22.70	60.42	1.22	24.33	20.55
8/11/2016 9:58:29 AM	5.19	0.00	4.24	1.84	0.00	0.00	0.00	0.00	11.26	100.00	2.29	25.68	2749	0	1906	55	0	0	0	0	4710	308.40	23.80	5.15	17.04	39.23	22.00	61.52	1.22	24.35	20.62
8/11/2016 9:58:32 AM	4.70	0.14	4.84	1.90	0.00	0.00	0.00	0.00	11.58	100.00	2.33	25.69	2491	139	2177	57	0	0	0	0	4864	308.40	25.84	5.30	19.48	40.58	23.03	63.21	1.23	24.38	20.58
8/11/2016 9:58:34 AM	5.41	0.04	4.48	1.91	0.00	0.00	0.00	0.00	11.85	100.00	2.38	25.69	2865	44	2018	57	0	0	0	0	4985	306.94	25.21	5.29	18.98	41.97	22.88	63.81	1.23	24.41	20.60
8/11/2016 9:58:37 AM	5.84	0.00	3.84	2.11	0.00	0.00	0.00	0.00	11.79	100.00	2.47	25.66	3096	0	1728	63	0	0	0	0	4887	308.84	24.02	4.64	18.76	40.49	23.24	63.40	1.24	24.43	20.62
8/11/2016 9:58:40 AM	5.72	0.00	3.91	1.89	0.00	0.00	0.00	0.00	11.52	100.00	2.53	25.63	3031	0	1761	57	0	0	0	0	4848	308.68	23.45	5.65	18.05	40.95	21.84	61.18	1.25	24.46	20.62
8/11/2016 9:58:43 AM	5.31	0.00	4.40	2.11	0.00	0.00	0.00	0.00	11.82	100.00	2.58	25.62	2815	0	1980	63	0	0	0	0	4858	308.42	25.34	5.09	19.14	40.51	23.23	64.88	1.25	24.47	20.61
8/11/2016 9:58:46 AM	5.50	0.00	4.41	1.85	0.00	0.00	0.00	0.00	11.76	100.00	2.63	25.60	2915	0	1983	56	0	0	0	0	4954	307.36	24.79	4.42	18.12	41.29	22.86	63.81	1.26	24.50	20.67
8/11/2016 9:58:48 AM	5.01	0.00	4.59	2.03	0.00	0.00	0.00	0.00	11.62	100.00	2.67	25.53	2655	0	2063	61	0	0	0	0	4780	309.25	25.52	5.61	18.74	41.04	22.73	63.49	1.26	24.52	20.64
8/11/2016 9:58:51 AM	5.43	0.00	4.31	1.87	0.00	0.00	0.00	0.00	11.62	100.00	2.76	25.43	2880	0	1940	56	0	0	0	0	4876	308.25	24.40	5.40	17.99	40.80	22.28	62.99	1.27	24.56	20.67
8/11/2016 9:58:54 AM	5.94	0.00	3.99	2.32	0.00	0.00	0.00	0.00	12.25	100.00	2.79	25.32	3146	0	1797	70	0	0	0	0	5013	307.31	25.28	5.27	19.35	42.39	24.47	65.71	1.27	24.58	20.67
8/11/2016 9:58:57 AM	5.79	0.01	4.90	2.10	0.00	0.00	0.00	0.00	12.80	100.00	2.83	25.29	3070	8	2205	63	0	0	0	0	5346	306.88	27.44	6.06	20.33	45.70	24.38	69.09	1.28	24.61	20.69
8/11/2016 9:58:59 AM	5.62	0.00	4.72	2.36	0.00	0.00	0.00	0.00	12.70	100.00	2.89	25.33	2978	0	2126	71	0	0	0	0	5174	309.23	27.61	6.59	19.57	45.90	25.32	68.10	1.28	24.62	20.71
8/11/2016 9:59:02 AM	5.59	0.00	4.98	2.50	0.00	0.00	0.00	0.00	13.07	100.00	2.92	25.35	2960	0	2240	75	0	0	0	0	5276	307.59	28.77	6.91	21.41	45.97	25.66	71.20	1.29	24.65	20.68
8/11/2016 9:59:05 AM	5.75	0.20	5.32	2.18	0.00	0.00	0.00	0.00	13.45	100.00	2.97	25.36	3048	196	2396	65	0	0	0	0	5705	307.17	29.25	6.13	22.31	47.51	26.46	72.29	1.29	24.67	20.73
8/11/2016 9:59:08 AM	5.80	0.25	5.33	2.29	0.00	0.00	0.00	0.00	13.67	100.00	3.03	25.35	3075	249	2400	69	0	0	0	0	5792	308.59	29.77	6.42	22.73	48.76	27.37	72.64	1.30	24.69	20.71
8/11/2016 9:59:11 AM	5.80	0.19	5.70	2.03	0.00	0.00	0.00	0.00	13.72	100.00	3.08	25.33	3076	188	2566	61	0	0	0	0	5890	307.59	30.13	6.28	22.03	50.14	26.60	73.08	1.30	24.71	20.71
8/11/2016 9:59:13 AM	6.37	0.01	5.01	2.53	0.00	0.00	0.00	0.00	13.93	100.00	3.14	25.29	3377	10	2256	76	0	0	0	0	5719	308.15	29.71	6.59	22.12	49.62	27.17	74.63	1.31	24.73	20.78
8/11/2016 9:59:16 AM	5.99	0.35	5.87	1.84	0.00	0.00	0.00	0.00	14.05	100.00	3.18	25.25	3176	351	2642	55	0	0	0	0	6225	307.52	30.38	6.28	22.95	51.39	27.18	73.84	1.31	24.76	20.75
8/11/2016 9:59:19 AM	5.82	0.33	6.15	2.13	0.00	0.00	0.00	0.00	14.42	100.00	3.23	25.25	3085	326	2766	64	0	0	0	0	6241	307.05	32.08	6.55	23.80	52.50	28.54	76.56	1.32	24.77	20.75
8/11/2016 9:59:22 AM	6.33	0.15	5.35	2.54	0.00	0.00	0.00	0.00	14.37	100.00	3.28	25.25	3355	146	2410	76	0	0	0	0	5987	308.85	30.99	7.13	23.31	51.67	28.37	76.22	1.32	24.80	20.79
8/11/2016 9:59:25 AM	6.52	0.21	5.25	2.51	0.00	0.00	0.00	0.00	14.49	100.00	3.32	25.18	3457	209	2361	75	0	0	0	0	6103	308.44	30.78	6.85	23.59	51.89	28.81	76.26	1.33	24.81	20.82
8/11/2016 9:59:27 AM	6.07	0.07	5.22	2.41	0.00	0.00	0.00	0.00	13.78	100.00	3.38	25.17	3219	73	2351	72	0	0	0	0	5715	308.68	30.01	6.00	21.52	50.42	27.58	73.01	1.33	24.84	20.81
8/11/2016 9:59:30 AM	6.31	0.45	5.50	1.75	0.00	0.00	0.00	0.00	14.00	100.00	3.44	25.07	3343	445	2473	53	0	0	0	0	6314	308.07	29.29	5.47	22.78	51.04	27.56	72.24	1.34	24.85	20.79
8/11/2016 9:59:33 AM	6.24	0.59	6.21	1.31	0.00	0.00	0.00	0.00	14.35	100.00	3.51	25.00	3309	587	2795	39	0	0	0	0	6730	308.12	30.17	6.50	23.98	52.71	26.77	74.17	1.34	24.87	20.83
8/11/2016 9:59:36 AM	6.16	0.23	5.38	2.08	0.00	0.00	0.00	0.00	13.85	100.00	3.58	24.96	3267	227	2420	62	0	0	0	0	5977	306.15	29.62	5.86	22.03	50.56	27.26	72.68	1.35	24.89	20.83
8/11/2016 9:59:39 AM	5.71	0.46	5.67	1.31	0.00	0.00	0.00	0.00	13.14	100.00	3.65	24.85	3024	460	2552	39	0	0	0	0	6075	307.72	27.95	5.72	21.37	49.07	25.03	67.73	1.36	24.91	20.81
8/11/2016 9:59:41 AM	5.27	0.50	5.67	1.61	0.00	0.00	0.00	0.00	13.05	100.00	3.71	24.76	2794	496	2554	48	0	0	0	0	5892	308.12	28.71	6.13	21.67	49.02	26.13	67.04	1.36	24.92	20.86
8/11/2016 9:59:44 AM	4.97	0.69	5.71	1.26	0.00	0.00	0.00	0.00	12.62	100.00	3.80	24.67	2632	693	2569	38	0	0	0	0	5932	309.70	27.60	5.99	21.81	47.27	25.29	64.07	1.37	24.93	20.87
8/11/2016 9:59:47 AM	4.97	0.36	5.60	1.76	0.00	0.00	0.00	0.00	12.69	100.00	3.89	24.63	2632	365	2518	53	0	0	0	0	5567	308.25	28.56	6.22	20.85	47.74	25.52	66.06	1.38	24.95	20.86
8/11/2016 9:59:50 AM	4.47	0.30	5.34	1.71	0.00	0.00	0.00	0.00	11.81	100.00	3.97	24.58	2367	300	2403	51	0	0	0	0	5121	308.27	27.14	5.14	19.24	44.40	24.39	62.09	1.39	24.97	20.90
8/11/2016 9:59:52 AM	3.87	0.70	5.61	0.99	0.00	0.00	0.00	0.00	11.17	100.00	4.03	24.49	2052	699	2525	30	0	0	0	0	5305	308.41	25.61	5.43	19.57	42.85	22.96	56.59	1.39	24.98	20.88
8/11/2016 9:59:55 AM	4.00	0.32	4.98	1.39	0.00	0.00	0.00	0.00	10.69	100.00	4.10	24.38	2118	324	2241	42	0	0	0	0	4725	307.99	24.66	5.09	17.30	41.42	22.07	55.22	1.40	25.00	20.87
8/11/2016 9:59:58 AM	3.50	0.51	5.09	0.90	0.00	0.00	0.00	0.00	10.01	100.00	4.16	24.34	1856	514	2292	27	0	0	0	0	4689	306.83	23.21	4.45	16.88	38.87	20.67	51.17	1.41	25.03	20.90
8/11/2016 10:00:01 AM	3.02	0.57	5.65	1.11	0.00	0.00	0.00	0.00	10.35	100.00	4.21	24.32	1602	566	2540	33	0	0	0	0	4742	307.26	25.40	5.39	18.01	40.64	21.98	53.33	1.41	25.04	20.89
8/11/2016 10:00:04 AM	2.75	0.65	5.84	1.04	0.00	0.00	0.00	0.04	10.29	100.00	4.28	24.27	1455	653	2629	31	0	0	0	0	4768	305.46	25.86	5.45	18.28	41.65	22.24	53.17	1.42	25.05	20.94
8/11/2016 10:00:06 AM	2.20	0.69	6.03	1.21	0.00	0.00	0.00	0.00	10.13	100.00	4.34	24.02	1164	690	2712	36	0	0	0	0	4603	302.96	26.36	5.89	19.05	39.11	22.41	53.10	1.43	25.05	20.93
8/11/2016 10:00:09 AM	2.68	0.73	5.58	1.15	0.00	0.00	0.00	0.00	10.14	100.00	4.41	23.90	1418	733	2512	35	0	0	0	0	4697	301.50	25.14	5.54	18.99	38.74	22.37	52.18	1.43	25.08	20.92
8/11/2016 10:00:12 AM	2.21	0.65	4.87	1.74	0.00	0.00	0.00	0.00	9.47	100.00	4.48	23.53	1170	651	2192	52	0	0	0	0	4066	301.00	24.32	5.93	18.43	35.63	22.82	48.85	1.44	25.07	20.94
8/11/2016 10:00:15 AM	2.02	0.77	4.86	1.94	0.00	0.00	0.00	0.00	9.59	100.00	4.56	23.27	1069	771	2187	58	0	0	0	0	4085	299.45	24.93	6.22	19.41	35.73	24.13	48.98	1.45	25.10	20.97
8/11/2016 10:00:18 AM	2.15	0.81	3.13	1.67	0.00	0.00	0.00	0.00	7.75	100.00	4.61	22.52	1137	807	1410	50	0	0	0	0	3405	300.22	18.51	5.27	16.47	28.27	20.71	37.11	1.45	25.10	21.01
8/11/2016 10:00:20 AM	2.12	0.76	2.72	2.01	0.00	0.00	0.00	0.00	7.61	100.00	4.66	22.47	1122	760	1226	60	0	0	0	0	3168	300.54	18.22	5.31	16.49	26.97	21.28	36.57	1.46	25.11	20.98
8/11/2016 10:00:23 AM	2.12	0.73	2.73	2.18	0.00	0.00	0.00	0.00	7.75	100.00	4.73	22.65	1122	728	1229	65	0	0	0	0	3144	300.68	18.82	5.37	16.46	27.95	22.03	37.11	1.46	25.11	21.01
8/11/2016 10:00:26 AM	2.02	1.08	2.08	2.52	0.00	0.00	0.00	0.00	7.70	100.00	4.81	22.51	1068	1081	937	76	0	0	0	0	3162	297.72	18.07	6.47	18.61	26.43	23.99	34.45	1.47	25.12	21.04
8/11/2016 10:00:29 AM	1.83	1.46	1.27	3.65	0.00	0.00	0.00	0.00	8.21	100.00	4.88	22.17	971	1461	571	109	0	0	0	0	3113	296.06	19.40	8.28	22.35	26.54	29.31	34.42	1.48	25.14	21.03
8/11/2016 10:00:32 AM	1.83	1.73	1.15	4.20	0.00	0.00	0.00	0.00	8.91	100.00	4.96	21.78	969	1727	517	126	0	0	0	0	3339	295.42	21.10	9.20	25.24	27.93	32.91	36.74	1.49	25.15	21.01
8/11/2016 10:00:34 AM	2.78	3.44	0.18	5.09	0.00	0.00	0.00	0.00	11.49	100.00	5.04	21.29	1474	3442	79	153	0	0	0	0	5148	298.53	23.32	11.92	37.81	32.23	45.46	40.03	1.49	25.15	21.02
8/11/2016 10:00:37 AM	2.31	4.34	0.00	5.93	0.00	0.00	0.00	0.00	12.57	100.00	5.17	20.69	1222	4342	0	178	0	0	0	0	5741	298.29	25.57	13.83	43.96	34.33	53.84	40.88	1.51	25.16	21.02
8/11/2016 10:00:40 AM	2.01	4.73	0.00	6.47	0.00	0.00	0.00	0.00	13.21	100.00	5.25	20.38	1064	4733	0	194	0	0	0	0	5992	298.23	27.69	14.68	47.55	35.31	57.79	42.58	1.51	25.16	21.03
8/11/2016 10:00:43 AM	1.94	5.61	0.00	6.97	0.00	0.00	0.00	0.00	14.52	100.00	5.34	20.43	1027	5611	0	209	0	0	0	0	6847	297.73	29.93	16.60	54.14	37.81	64.59	45.13	1.52	25.17	21.06
8/11/2016 10:00:45 AM	1.56	6.99	0.00	8.23	0.00	0.00	0.00	0.00	16.78	100.00	5.43	19.84	828	6994	0	247	0	0	0	0	8069	297.20	34.47	19.85	64.55	43.08	77.95	49.84	1.53	25.18	21.04
8/11/2016 10:00:48 AM	1.61	8.41	0.00	9.01	0.00	0.00	0.00	0.00	19.03	100.00	5.49	19.49	853	8412	0	270	0	0	0	0	9535	298.28	38.37	22.64	75.55	47.31	88.82	54.74	1.54	25.17	21.04
8/11/2016 10:00:51 AM	1.73	10.28	0.00	9.96	0.00	0.00	0.00	0.00	21.97	100.00	5.55	19.15	916	10280	0	299	0	0	0	0	11494	297.38	43.69	26.51	90.16	53.27	102.32	60.65	1.54	25.18	21.10
8/11/2016 10:00:54 AM	0.75	14.05	0.00	11.49	0.00	0.00	0.00	0.00	26.28	100.00	5.61	19.04	395	14046	0	345	0	0	0	0	14786	295.86	49.88	31.73	114.11	60.81	130.84	64.43	1.55	25.16	21.07
8/11/2016 10:00:57 AM	0.23	19.04	0.00	13.26	0.00	0.00	0.00	0.00	32.54	100.00	5.71	18.31	122	19044	0	398	0	0	0	0	19564	295.26	59.65	39.22	148.34	72.03	165.52	72.03	1.56	25.15	21.08
8/11/2016 10:00:59 AM	0.00	24.24	0.00	14.44	0.00	0.00	0.00	0.00	38.68	100.00	5.79	17.87	0	24239	0	433	0	0	0	0	24672	290.69	68.28	46.36	183.88	79.81	198.19	79.64	1.57	25.16	21.08
8/11/2016 10:01:02 AM	0.00	38.69	0.00	17.91	0.00	0.00	0.00	0.00	56.60	100.00	5.88	17.58	0	38689	0	537	0	0	0	0	39226	288.24	91.28	67.13	278.74	109.18	295.84	100.56	1.58	25.15	21.09
8/11/2016 10:01:05 AM	0.00	42.39	0.00	18.03	0.00	0.00	0.00	0.00	60.42	100.00	5.97	16.84	0	42391	0	541	0	0	0	0	42932	286.03	94.24	71.08	296.44	114.56	323.38	99.63	1.58	25.14	21.10
8/11/2016 10:01:08 AM	0.00	48.49	0.00	16.23	0.00	0.00	0.00	0.00	64.72	100.00	6.05	16.76	0	48495	0	487	0	0	0	0	48982	286.67	93.32	71.95	329.75	116.74	349.84	92.48	1.59	25.14	21.08
8/11/2016 10:01:11 AM	0.00	51.93	0.00	16.06	0.00	0.00	0.00	0.00	67.99	100.00	6.12	17.25	0	51933	0	482	0	0	0	0	52415	286.26	95.44	77.83	351.86	120.71	366.09	92.82	1.60	25.11	21.07
8/11/2016 10:01:13 AM	0.00	46.84	0.00	15.73	0.00	0.00	0.00	0.00	62.57	100.00	6.19	17.60	0	46844	0	472	0	0	0	0	47316	288.40	90.32	70.96	314.11	113.59	343.36	86.69	1.61	25.11	21.12
8/11/2016 10:01:16 AM	0.00	42.60	0.00	15.83	0.00	0.00	0.00	0.00	58.43	100.00	6.27	17.21	0	42596	0	475	0	0	0	0	43072	287.28	86.54	65.49	288.07	109.59	320.55	86.01	1.61	25.10	21.11
8/11/2016 10:01:19 AM	0.00	43.16	0.00	17.23	0.00	0.00	0.00	0.00	60.39	100.00	6.33	16.17	0	43155	0	517	0	0	0	0	43673	286.03	90.26	68.52	298.79	116.48	324.68	95.24	1.62	25.08	21.12
8/11/2016 10:01:22 AM	0.00	39.89	0.00	19.03	0.00	0.00	0.00	0.00	58.92	100.00	6.40	15.52	0	39890	0	571	0	0	0	0	40461	284.30	92.09	67.48	282.42	119.69	314.88	103.33	1.63	25.07	21.12
8/11/2016 10:01:24 AM	1.33	39.39	0.00	19.07	0.00	0.00	0.00	0.10	59.79	100.00	6.48	14.97	705	39388	0	572	0	0	0	0	40665	284.55	92.60	68.19	283.80	126.41	310.27	111.76	1.63	25.04	21.09
8/11/2016 10:01:27 AM	1.20	38.74	0.00	19.31	0.00	0.00	0.00	0.17	59.25	100.00	6.55	14.97	633	38739	0	579	0	0	0	0	39952	281.07	92.49	66.34	279.17	127.64	309.27	112.90	1.64	25.03	21.11
8/11/2016 10:01:30 AM	0.96	38.32	0.00	20.39	0.00	0.00	0.00	0.26	59.67	100.00	6.61	14.94	510	38324	0	612	0	0	0	0	39445	281.60	95.29	66.30	277.94	131.93	312.88	117.99	1.65	25.01	21.08
8/11/2016 10:01:33 AM	2.75	38.95	0.00	18.10	0.00	0.00	0.00	0.17	59.80	100.00	6.65	15.19	1457	38945	0	543	0	0	0	0	40946	283.97	91.58	66.25	281.43	128.95	303.97	113.86	1.65	24.98	21.09
8/11/2016 10:01:36 AM	4.54	44.07	0.00	18.44	0.00	0.00	0.00	0.19	67.06	100.00	6.70	15.45	2406	44074	0	553	0	0	0	0	47034	281.13	99.76	72.88	317.20	143.70	333.75	125.11	1.66	24.96	21.08
8/11/2016 10:01:38 AM	4.97	45.97	0.00	19.12	0.00	0.00	0.00	0.05	70.06	99.78	6.75	15.88	2634	45969	0	574	0	0	0	0	49176	280.13	102.87	76.44	330.54	147.02	347.77	129.51	1.66	24.94	21.12
8/11/2016 10:01:41 AM	2.48	43.15	0.00	20.34	0.00	0.00	0.00	0.23	65.97	99.38	6.79	15.63	1312	43146	0	610	0	0	0	0	45069	279.02	101.93	72.65	311.21	142.69	338.06	125.45	1.67	24.92	21.10
8/11/2016 10:01:44 AM	2.56	42.86	0.00	21.17	0.00	0.00	0.00	0.40	66.59	99.58	6.84	15.57	1358	42861	0	635	0	0	0	0	44853	279.59	105.35	74.17	312.04	149.27	339.57	131.63	1.67	24.90	21.11
8/11/2016 10:01:47 AM	3.01	44.90	0.00	21.03	0.00	0.00	0.00	0.44	68.95	99.68	6.88	15.79	1595	44901	0	631	0	0	0	0	47128	279.87	106.65	76.71	324.63	154.19	350.96	133.93	1.67	24.87	21.09
8/11/2016 10:01:50 AM	1.05	41.68	0.00	22.44	0.00	0.00	0.00	0.57	65.17	100.00	6.93	15.76	559	41682	0	673	0	0	0	0	42914	282.34	104.96	71.43	302.13	150.87	342.83	132.54	1.68	24.84	21.08
8/11/2016 10:01:52 AM	1.35	41.83	0.00	21.89	0.00	0.00	0.00	0.62	65.07	99.98	6.96	15.68	714	41834	0	657	0	0	0	0	43204	280.71	104.28	73.59	303.83	151.24	339.05	131.69	1.68	24.82	21.08
8/11/2016 10:01:55 AM	3.08	45.70	0.00	21.40	0.00	0.00	0.00	0.48	70.18	99.71	7.03	15.35	1632	45702	0	642	0	0	0	0	47976	279.93	107.74	78.16	329.65	157.73	358.23	136.66	1.69	24.79	21.04
8/11/2016 10:01:58 AM	1.12	45.02	0.00	22.81	0.00	0.00	0.00	0.56	68.95	99.20	7.12	14.94	592	45025	0	684	0	0	0	0	46301	278.51	108.91	78.75	324.91	156.74	360.83	135.53	1.70	24.75	21.07
8/11/2016 10:02:01 AM	1.10	45.57	0.00	22.66	0.00	0.00	0.00	0.75	69.33	99.54	7.22	14.30	581	45570	0	680	0	0	0	0	46831	279.46	110.70	79.17	329.11	161.02	361.87	136.72	1.71	24.73	21.07
8/11/2016 10:02:04 AM	0.00	43.35	0.00	23.10	0.00	0.00	0.00	0.82	66.45	99.64	7.32	13.46	0	43352	0	693	0	0	0	0	44045	279.76	108.72	76.06	312.81	157.65	353.64	133.43	1.72	24.69	21.05
8/11/2016 10:02:06 AM	0.56	40.30	0.00	21.38	0.00	0.00	0.00	0.85	62.24	100.00	7.39	13.24	297	40302	0	641	0	0	0	0	41241	282.69	102.59	71.14	293.46	149.74	326.43	127.53	1.72	24.65	21.05
8/11/2016 10:02:09 AM	1.12	39.98	0.00	20.70	0.00	0.00	0.00	0.90	61.81	100.00	7.48	12.98	596	39976	0	621	0	0	0	0	41194	283.74	100.85	68.95	290.31	149.98	322.82	127.03	1.73	24.61	21.04
8/11/2016 10:02:12 AM	0.00	37.15	0.00	19.37	0.00	0.00	0.00	0.82	56.52	100.00	7.57	12.78	0	37155	0	581	0	0	0	0	37736	285.10	91.98	63.74	265.44	136.71	303.94	112.46	1.74	24.58	21.04
8/11/2016 10:02:15 AM	0.00	37.43	0.00	18.00	0.00	0.00	0.00	0.86	55.43	100.00	7.69	13.12	0	37435	0	540	0	0	0	0	37975	284.15	87.89	61.20	263.98	133.19	299.79	106.14	1.75	24.53	21.02
8/11/2016 10:02:17 AM	0.23	36.48	0.00	17.32	0.00	0.00	0.00	0.92	54.03	100.00	7.83	13.13	121	36478	0	520	0	0	0	0	37119	286.91	85.10	60.53	259.18	131.10	288.96	105.37	1.77	24.50	21.05
8/11/2016 10:02:20 AM	0.00	38.57	0.00	17.84	0.00	0.00	0.00	1.04	56.40	100.00	7.95	11.92	0	38565	0	535	0	0	0	0	39100	285.93	88.64	63.52	272.86	137.79	302.74	108.66	1.78	24.44	21.02
8/11/2016 10:02:23 AM	0.00	37.91	0.00	17.59	0.00	0.00	0.00	1.04	55.50	100.00	8.04	11.88	0	37913	0	528	0	0	0	0	38441	284.62	87.84	62.42	268.83	135.85	297.33	107.22	1.79	24.40	21.01
8/11/2016 10:02:26 AM	0.28	38.48	0.00	18.75	0.00	0.00	0.00	1.00	57.51	100.00	8.13	12.42	147	38479	0	563	0	0	0	0	39188	284.83	91.80	65.01	275.00	140.82	306.11	114.12	1.80	24.37	21.00
8/11/2016 10:02:29 AM	0.00	36.64	0.00	19.70	0.00	0.00	0.00	0.96	56.35	100.00	8.21	12.30	0	36644	0	591	0	0	0	0	37235	285.88	92.12	63.63	263.19	140.05	302.85	115.99	1.80	24.32	20.98
8/11/2016 10:02:31 AM	1.13	40.25	0.00	18.76	0.00	0.00	0.00	0.95	60.14	100.00	8.28	12.18	599	40247	0	563	0	0	0	0	41409	285.43	93.39	66.91	286.45	144.99	317.32	117.86	1.81	24.27	20.98
8/11/2016 10:02:34 AM	2.05	37.96	0.00	17.01	0.00	0.00	0.00	0.83	57.02	100.00	8.38	12.36	1088	37958	0	510	0	0	0	0	39556	286.40	87.49	61.53	270.35	136.47	296.66	111.54	1.82	24.22	20.96
8/11/2016 10:02:37 AM	0.00	32.91	0.00	16.29	0.00	0.00	0.00	0.83	49.20	100.00	8.48	11.65	0	32913	0	489	0	0	0	0	33401	291.02	78.14	54.58	233.49	120.17	265.83	96.97	1.83	24.17	20.94
8/11/2016 10:02:40 AM	0.00	35.52	0.00	15.87	0.00	0.00	0.00	0.73	51.40	100.00	8.57	12.14	0	35525	0	476	0	0	0	0	36001	285.97	79.08	56.21	245.94	120.85	281.34	92.71	1.84	24.13	20.95
8/11/2016 10:02:43 AM	0.00	35.52	0.00	14.09	0.00	0.00	0.00	0.76	49.61	100.00	8.65	12.42	0	35518	0	423	0	0	0	0	35941	286.93	74.27	55.15	242.28	115.38	272.55	83.32	1.85	24.07	20.93
8/11/2016 10:02:45 AM	0.00	33.06	0.00	11.97	0.00	0.00	0.00	0.73	45.03	100.00	8.73	11.70	0	33064	0	359	0	0	0	0	33423	289.36	65.72	49.61	224.05	103.89	247.60	72.61	1.86	24.02	20.94
8/11/2016 10:02:48 AM	0.00	33.07	0.00	11.96	0.00	0.00	0.00	0.77	45.03	100.00	8.84	11.25	0	33070	0	359	0	0	0	0	33428	289.18	65.34	49.22	225.27	104.24	246.41	74.02	1.87	23.97	20.88
8/11/2016 10:02:51 AM	0.00	28.42	0.00	13.09	0.00	0.00	0.00	0.61	41.51	100.00	8.94	11.26	0	28423	0	393	0	0	0	0	28816	286.83	63.90	45.37	198.83	98.26	226.28	77.45	1.88	23.91	20.88
8/11/2016 10:02:54 AM	0.00	29.41	0.00	14.74	0.00	0.00	0.00	0.87	44.15	100.00	9.02	11.30	0	29412	0	442	0	0	0	0	29854	289.98	70.73	49.92	209.65	110.96	238.05	89.00	1.88	23.88	20.87
8/11/2016 10:02:57 AM	0.30	27.90	0.00	11.81	0.00	0.00	0.00	0.87	40.01	100.00	9.14	11.00	161	27903	0	354	0	0	0	0	28418	289.66	60.59	43.76	194.65	99.84	216.49	75.49	1.90	23.80	20.84
8/11/2016 10:02:59 AM	0.08	29.13	0.00	11.06	0.00	0.00	0.00	0.88	40.27	100.00	9.24	10.79	44	29129	0	332	0	0	0	0	29505	289.96	59.55	45.48	201.39	98.24	218.01	71.13	1.91	23.76	20.86
8/11/2016 10:03:02 AM	0.00	30.49	0.00	10.26	0.00	0.00	0.00	0.86	40.75	100.00	9.33	10.96	0	30487	0	308	0	0	0	0	30795	287.94	57.94	44.50	205.92	96.95	224.32	65.92	1.91	23.70	20.82
8/11/2016 10:03:05 AM	0.00	30.29	0.00	9.89	0.00	0.00	0.00	0.82	40.18	100.00	9.42	10.90	0	30290	0	297	0	0	0	0	30587	286.93	56.50	44.44	203.75	94.64	221.55	63.38	1.92	23.63	20.79
8/11/2016 10:03:08 AM	0.00	29.14	0.00	9.36	0.00	0.00	0.00	0.76	38.50	100.00	9.52	10.44	0	29138	0	281	0	0	0	0	29419	288.31	54.29	41.85	195.35	90.03	212.88	59.56	1.93	23.59	20.79
8/11/2016 10:03:10 AM	0.00	32.58	0.00	8.98	0.00	0.00	0.00	0.76	41.56	100.00	9.62	10.55	0	32584	0	269	0	0	0	0	32853	287.46	55.39	44.69	214.09	93.52	232.20	57.70	1.94	23.52	20.78
8/11/2016 10:03:13 AM	0.00	31.55	0.00	7.96	0.00	0.00	0.00	0.79	39.51	100.00	9.73	10.62	0	31551	0	239	0	0	0	0	31790	286.78	51.94	41.47	205.68	89.27	221.79	52.57	1.95	23.46	20.76
8/11/2016 10:03:16 AM	0.00	36.07	0.00	7.41	0.00	0.00	0.00	0.66	43.49	100.00	9.83	10.72	0	36075	0	222	0	0	0	0	36297	285.44	53.82	47.14	231.96	91.03	244.08	48.89	1.96	23.40	20.73
8/11/2016 10:03:19 AM	0.00	33.76	0.00	7.05	0.00	0.00	0.00	0.68	40.81	100.00	9.93	10.39	0	33756	0	212	0	0	0	0	33967	285.64	51.26	43.86	216.48	87.17	230.16	46.24	1.97	23.34	20.71
8/11/2016 10:03:22 AM	0.00	36.16	0.00	7.22	0.00	0.00	0.00	0.71	43.38	100.00	10.05	10.06	0	36163	0	217	0	0	0	0	36379	285.00	53.96	46.91	232.78	91.48	242.91	48.59	1.98	23.28	20.70
8/11/2016 10:03:24 AM	0.00	34.32	0.00	7.87	0.00	0.00	0.00	0.66	42.20	100.00	10.13	10.15	0	34321	0	236	0	0	0	0	34557	285.63	53.81	45.68	218.70	91.08	240.53	48.63	1.99	23.22	20.68
8/11/2016 10:03:27 AM	0.00	34.18	0.00	6.95	0.00	0.00	0.00	0.65	41.13	100.00	10.22	9.64	0	34180	0	209	0	0	0	0	34388	285.30	51.10	44.34	217.55	87.17	233.49	44.76	2.00	23.16	20.65
8/11/2016 10:03:30 AM	0.00	35.53	0.00	6.75	0.00	0.00	0.00	0.64	42.27	100.00	10.29	9.41	0	35526	0	202	0	0	0	0	35728	284.21	51.66	46.30	226.81	87.60	238.14	44.49	2.01	23.09	20.62
8/11/2016 10:03:33 AM	0.00	36.48	0.00	6.43	0.00	0.00	0.00	0.67	42.91	100.00	10.36	10.00	0	36485	0	193	0	0	0	0	36677	283.57	51.23	47.25	233.43	88.22	240.41	44.47	2.01	23.04	20.59
8/11/2016 10:03:36 AM	0.00	34.75	0.00	6.53	0.00	0.00	0.00	0.71	41.28	100.00	10.41	10.48	0	34753	0	196	0	0	0	0	34948	284.44	50.62	44.86	221.80	87.32	232.81	44.09	2.02	22.99	20.59
8/11/2016 10:03:38 AM	0.00	34.81	0.00	6.87	0.00	0.00	0.00	0.67	41.68	100.00	10.50	10.10	0	34812	0	206	0	0	0	0	35018	284.64	51.71	44.87	220.96	88.22	236.91	44.29	2.03	22.91	20.58
8/11/2016 10:03:41 AM	0.00	34.56	0.00	6.41	0.00	0.00	0.00	0.65	40.98	100.00	10.60	9.52	0	34565	0	192	0	0	0	0	34757	283.94	50.18	44.18	219.98	85.50	231.64	42.56	2.04	22.85	20.54
8/11/2016 10:03:44 AM	0.00	34.62	0.00	6.83	0.00	0.00	0.00	0.58	41.46	100.00	10.65	9.31	0	34624	0	205	0	0	0	0	34829	283.96	50.90	45.19	219.20	86.00	236.14	42.89	2.04	22.79	20.55
8/11/2016 10:03:47 AM	0.00	35.86	0.00	6.97	0.00	0.00	0.00	0.60	42.83	99.85	10.73	9.17	0	35860	0	209	0	0	0	0	36070	280.33	52.59	46.80	226.60	88.83	244.16	43.66	2.05	22.71	20.49
8/11/2016 10:03:50 AM	0.00	36.01	0.00	6.34	0.00	0.00	0.00	0.61	42.35	100.00	10.81	9.38	0	36010	0	190	0	0	0	0	36200	282.91	50.80	45.73	228.43	86.29	239.58	42.04	2.06	22.67	20.49
8/11/2016 10:03:52 AM	0.00	35.03	0.00	6.64	0.00	0.00	0.00	0.55	41.67	100.00	10.89	9.56	0	35030	0	199	0	0	0	0	35229	281.73	51.51	45.41	221.08	85.47	237.49	41.04	2.07	22.58	20.44
8/11/2016 10:03:55 AM	0.00	36.58	0.00	6.37	0.00	0.00	0.00	0.66	42.96	100.00	11.01	9.43	0	36584	0	191	0	0	0	0	36775	281.61	51.97	46.44	231.78	88.41	243.15	42.38	2.08	22.52	20.46
8/11/2016 10:03:58 AM	0.00	36.62	0.00	6.93	0.00	0.00	0.00	0.53	43.55	97.50	11.08	9.06	0	36624	0	208	0	0	0	0	36832	273.72	53.08	46.68	231.32	87.89	248.04	42.99	2.09	22.46	20.45
8/11/2016 10:04:01 AM	0.00	41.33	0.00	6.88	0.00	0.00	0.00	0.53	48.20	99.14	11.15	8.92	0	41326	0	206	0	0	0	0	41532	278.35	57.41	51.54	262.10	93.77	271.42	44.85	2.09	22.40	20.43
8/11/2016 10:04:03 AM	0.00	37.40	0.00	6.60	0.00	0.00	0.00	0.53	44.01	98.71	11.23	8.94	0	37404	0	198	0	0	0	0	37603	277.12	53.91	48.82	237.25	87.68	248.19	41.61	2.10	22.35	20.38
8/11/2016 10:04:06 AM	0.00	39.17	0.00	6.89	0.00	0.00	0.00	0.52	46.06	98.60	11.29	9.24	0	39166	0	207	0	0	0	0	39373	276.84	56.44	51.09	248.27	90.94	259.65	42.95	2.11	22.26	20.35
8/11/2016 10:04:09 AM	0.00	38.89	0.00	6.41	0.00	0.00	0.00	0.60	45.30	99.41	11.36	9.50	0	38886	0	192	0	0	0	0	39078	279.09	54.73	48.44	246.27	90.41	255.57	42.32	2.11	22.19	20.28
8/11/2016 10:04:12 AM	0.00	42.71	0.00	6.56	0.00	0.00	0.00	0.59	49.27	99.18	11.43	9.66	0	42709	0	197	0	0	0	0	42906	278.45	57.82	53.21	270.68	95.60	276.63	44.33	2.12	22.12	20.27
8/11/2016 10:04:15 AM	0.00	42.85	0.00	7.60	0.00	0.00	0.00	0.53	50.45	98.45	11.50	9.71	0	42852	0	228	0	0	0	0	43080	276.41	60.42	54.99	268.91	99.39	287.79	46.30	2.13	22.07	20.22
8/11/2016 10:04:17 AM	0.00	42.71	0.00	6.79	0.00	0.00	0.00	0.60	49.50	99.15	11.57	9.81	0	42710	0	204	0	0	0	0	42914	278.36	58.29	53.15	269.13	97.23	280.25	44.62	2.13	22.02	20.24
8/11/2016 10:04:20 AM	0.00	44.36	0.00	7.51	0.00	0.00	0.00	0.52	51.87	98.82	11.63	9.93	0	44362	0	225	0	0	0	0	44587	277.43	61.53	55.64	278.58	100.62	295.17	46.51	2.14	21.93	20.22
8/11/2016 10:04:23 AM	0.00	42.32	0.00	6.57	0.00	0.00	0.00	0.63	48.89	98.60	11.70	10.06	0	42320	0	197	0	0	0	0	42517	276.83	57.90	53.03	267.56	96.40	275.38	44.08	2.15	21.88	20.19
8/11/2016 10:04:26 AM	0.00	40.83	0.00	7.61	0.00	0.00	0.00	0.50	48.43	98.79	11.76	9.84	0	40826	0	228	0	0	0	0	41055	277.37	58.82	51.83	254.92	96.38	278.53	44.74	2.15	21.80	20.16
8/11/2016 10:04:29 AM	0.00	42.60	0.00	7.34	0.00	0.00	0.00	0.59	49.94	98.27	11.82	9.79	0	42604	0	220	0	0	0	0	42824	275.88	60.36	54.45	267.71	99.29	284.09	45.53	2.16	21.74	20.14
8/11/2016 10:04:31 AM	0.00	43.13	0.00	6.52	0.00	0.00	0.00	0.67	49.64	98.81	11.88	9.78	0	43126	0	195	0	0	0	0	43321	277.42	58.04	53.31	271.86	98.10	280.47	44.38	2.16	21.70	20.09
8/11/2016 10:04:34 AM	0.00	41.30	0.00	7.02	0.00	0.00	0.00	0.58	48.32	98.01	11.93	9.44	0	41299	0	211	0	0	0	0	41509	275.18	58.07	52.97	259.78	96.04	274.52	44.07	2.17	21.62	20.08
8/11/2016 10:04:37 AM	0.00	43.21	0.00	7.76	0.00	0.00	0.00	0.43	50.97	97.70	11.99	9.51	0	43208	0	233	0	0	0	0	43441	274.31	61.63	55.67	271.10	98.43	290.56	45.57	2.17	21.54	20.04
8/11/2016 10:04:40 AM	0.00	41.62	0.00	7.24	0.00	0.00	0.00	0.51	48.87	96.20	12.04	9.71	0	41623	0	217	0	0	0	0	41840	270.08	59.91	54.28	263.96	95.38	274.91	44.87	2.18	21.49	19.99
