Date/Time	Green Algae	Bluegreen	Diatoms	Cryptophyta	#4	#5	#6	Yellow substances	Total conc.	Transmission	Depth	Temp. Sample	Green Algae	Bluegreen	Diatoms	Cryptophyta	#4	#5	#6	Yellow substances	Total cell count	Trans. 700 nm	LED 3 [525 nm]	LED 4 [570 nm]	LED 5 [610 nm]	LED 6 [370 nm]	LED 7 [590 nm]	LED 8 [470 nm]	Pressure	Temp. LEDs	Temp. Sensor
date	µg/l	µg/l	µg/l	µg/l	µg/l	µg/l	µg/l	µg/l	µg/l	%	m	°C	cells/ml	cells/ml	cells/ml	cells/ml	cells/ml	cells/ml	cells/ml	cells/ml	cells/ml	digits	digits	digits	digits	digits	digits	digits	bar	°C	°C
5/30/2016 6:00:56 PM	0.00	0.77	0.00	0.00	0.00	0.00	0.00	0.00	0.77	80.26	0.02	21.54	0	770	0	0	0	0	0	0	770	225.30	-0.31	2.76	5.06	1.31	6.79	-4.27	1.00	20.81	17.87
5/30/2016 6:00:59 PM	1.06	0.61	3.24	0.30	0.00	0.00	0.00	0.00	5.22	75.25	0.37	23.41	564	615	1459	9	0	0	0	0	2647	211.23	13.02	4.13	11.98	18.61	11.77	27.09	1.04	20.82	17.84
5/30/2016 6:01:02 PM	3.16	0.32	2.51	0.95	0.00	0.00	0.00	0.00	6.95	100.00	0.56	23.34	1674	324	1131	28	0	0	0	0	3157	299.91	14.25	2.52	12.45	23.96	15.36	35.67	1.06	20.89	17.88
5/30/2016 6:01:05 PM	4.05	0.42	2.36	0.67	0.00	0.00	0.00	0.00	7.51	100.00	0.78	22.47	2149	422	1062	20	0	0	0	0	3653	297.16	13.46	2.88	13.71	24.80	14.92	38.01	1.08	20.91	17.87
5/30/2016 6:01:08 PM	3.72	0.29	1.76	1.73	0.00	0.00	0.00	0.00	7.49	100.00	0.95	21.84	1972	290	791	52	0	0	0	0	3105	297.68	14.73	3.76	13.74	25.18	17.76	37.48	1.09	20.95	17.88
5/30/2016 6:01:10 PM	3.80	0.59	2.00	1.01	0.00	0.00	0.00	0.00	7.41	100.00	1.13	21.40	2016	586	901	30	0	0	0	0	3533	297.22	13.57	3.67	14.16	25.47	16.68	35.14	1.11	20.98	17.90
5/30/2016 6:01:13 PM	3.11	0.56	2.25	1.26	0.00	0.00	0.00	0.00	7.18	100.00	1.20	21.20	1649	558	1012	38	0	0	0	0	3257	297.27	14.63	4.13	14.18	24.94	17.13	34.77	1.12	21.02	17.91
5/30/2016 6:01:16 PM	4.23	0.48	1.57	1.34	0.00	0.00	0.00	0.00	7.61	100.00	1.23	21.18	2240	483	706	40	0	0	0	0	3468	297.69	13.45	3.86	14.13	25.93	17.34	36.04	1.12	21.08	17.92
5/30/2016 6:01:19 PM	3.34	0.65	2.25	0.99	0.00	0.00	0.00	0.00	7.23	100.00	1.36	20.95	1769	648	1014	30	0	0	0	0	3460	296.65	14.07	3.48	14.16	25.17	16.99	34.31	1.13	21.08	17.94
5/30/2016 6:01:22 PM	3.67	0.66	2.07	0.84	0.00	0.00	0.00	0.00	7.23	100.00	1.45	20.71	1943	660	930	25	0	0	0	0	3558	298.49	13.12	3.74	14.37	24.45	16.07	34.32	1.14	21.13	17.96
5/30/2016 6:01:24 PM	3.16	0.75	2.54	0.65	0.00	0.00	0.00	0.00	7.11	100.00	1.58	20.70	1674	754	1144	20	0	0	0	0	3592	297.81	13.90	3.46	14.02	25.57	16.37	33.00	1.16	21.16	17.95
5/30/2016 6:01:27 PM	3.34	0.72	2.03	0.96	0.00	0.00	0.00	0.00	7.05	100.00	1.66	20.64	1772	717	912	29	0	0	0	0	3430	298.73	13.28	3.39	14.22	24.11	16.87	32.84	1.16	21.18	17.94
5/30/2016 6:01:30 PM	3.65	0.79	1.74	0.98	0.00	0.00	0.00	0.00	7.17	100.00	1.73	20.39	1936	794	783	29	0	0	0	0	3543	297.44	12.72	3.98	14.72	24.48	17.06	32.34	1.17	21.22	17.99
5/30/2016 6:01:33 PM	3.34	0.55	1.92	1.11	0.00	0.00	0.00	0.00	6.91	100.00	1.80	20.37	1768	547	863	33	0	0	0	0	3211	297.79	13.19	4.38	13.57	24.11	15.91	32.70	1.18	21.25	18.03
5/30/2016 6:01:36 PM	3.79	0.81	1.50	1.00	0.00	0.00	0.00	0.00	7.09	100.00	1.88	20.49	2006	805	677	30	0	0	0	0	3519	296.79	12.15	3.41	14.51	23.89	17.25	31.63	1.18	21.28	17.98
5/30/2016 6:01:38 PM	3.89	0.73	1.66	0.80	0.00	0.00	0.00	0.00	7.08	100.00	1.96	20.50	2060	728	749	24	0	0	0	0	3561	298.52	12.06	3.13	13.77	24.50	16.44	31.82	1.19	21.30	18.01
5/30/2016 6:01:41 PM	3.68	0.94	1.95	0.52	0.00	0.00	0.00	0.00	7.09	100.00	2.03	20.47	1949	935	879	16	0	0	0	0	3779	298.12	12.09	2.73	14.64	24.00	16.62	31.54	1.20	21.33	18.02
5/30/2016 6:01:44 PM	3.74	0.61	1.15	1.37	0.00	0.00	0.00	0.00	6.87	100.00	2.14	20.30	1982	611	518	41	0	0	0	0	3152	297.56	11.98	4.49	13.77	23.52	16.82	30.86	1.21	21.36	18.04
5/30/2016 6:01:47 PM	3.73	1.00	1.73	0.64	0.00	0.00	0.00	0.00	7.10	100.00	2.24	19.96	1976	999	779	19	0	0	0	0	3774	295.47	11.96	3.25	14.77	24.73	17.25	30.26	1.22	21.38	18.06
5/30/2016 6:01:49 PM	3.62	1.00	1.51	0.78	0.00	0.00	0.00	0.00	6.91	100.00	2.33	19.79	1920	996	681	23	0	0	0	0	3620	295.01	11.50	3.71	15.02	23.22	16.98	29.61	1.23	21.42	18.05
5/30/2016 6:01:52 PM	3.60	0.86	1.59	0.77	0.00	0.00	0.00	0.00	6.83	100.00	2.38	19.77	1909	860	716	23	0	0	0	0	3508	295.34	11.66	3.71	14.01	23.97	16.44	29.43	1.23	21.44	18.06
5/30/2016 6:01:55 PM	3.86	0.90	1.37	0.81	0.00	0.00	0.00	0.00	6.94	100.00	2.46	19.89	2046	905	616	24	0	0	0	0	3591	295.10	11.29	3.75	14.32	24.12	16.78	29.38	1.24	21.46	18.06
5/30/2016 6:01:58 PM	3.56	0.95	1.34	0.91	0.00	0.00	0.00	0.07	6.75	100.00	2.54	19.97	1884	950	602	27	0	0	0	0	3464	295.39	11.53	4.45	14.69	24.84	16.83	29.04	1.25	21.49	18.09
5/30/2016 6:02:01 PM	3.85	0.91	1.38	0.89	0.00	0.00	0.00	0.00	7.03	100.00	2.64	19.97	2042	907	619	27	0	0	0	0	3594	295.10	11.62	3.59	14.46	24.38	17.32	29.85	1.26	21.50	18.05
5/30/2016 6:02:03 PM	4.20	0.98	0.95	0.90	0.00	0.00	0.00	0.02	7.03	100.00	2.71	19.96	2224	981	428	27	0	0	0	0	3660	296.07	10.65	3.73	14.79	24.26	17.42	29.03	1.27	21.53	18.11
5/30/2016 6:02:06 PM	3.76	0.97	1.39	0.89	0.00	0.00	0.00	0.01	7.00	100.00	2.77	19.93	1990	967	625	27	0	0	0	0	3609	295.73	11.62	4.03	14.85	24.37	17.31	29.53	1.27	21.54	18.11
5/30/2016 6:02:09 PM	4.08	0.98	1.10	0.90	0.00	0.00	0.00	0.02	7.07	100.00	2.84	19.86	2164	983	497	27	0	0	0	0	3672	295.54	11.08	3.68	14.85	24.65	17.59	29.48	1.28	21.57	18.11
5/30/2016 6:02:12 PM	3.54	0.99	1.66	0.83	0.00	0.00	0.00	0.00	7.01	100.00	2.90	19.61	1876	987	746	25	0	0	0	0	3633	295.46	12.14	3.59	15.00	24.03	17.50	30.15	1.28	21.59	18.11
5/30/2016 6:02:15 PM	3.77	1.08	1.38	0.68	0.00	0.00	0.00	0.01	6.91	100.00	2.96	19.46	2000	1084	619	20	0	0	0	0	3724	295.07	11.09	3.09	14.85	23.91	17.48	28.53	1.29	21.61	18.19
5/30/2016 6:02:17 PM	3.71	1.09	1.30	0.91	0.00	0.00	0.00	0.03	7.01	100.00	3.06	19.50	1966	1093	583	27	0	0	0	0	3670	295.39	11.53	4.51	15.66	24.46	17.73	29.11	1.30	21.62	18.14
5/30/2016 6:02:20 PM	3.45	1.22	1.69	0.58	0.00	0.00	0.00	0.00	6.94	100.00	3.16	19.37	1828	1222	759	17	0	0	0	0	3826	294.87	11.61	3.51	15.68	23.83	17.72	28.43	1.31	21.64	18.15
5/30/2016 6:02:23 PM	3.46	1.11	1.29	0.96	0.00	0.00	0.00	0.02	6.81	100.00	3.28	18.88	1834	1108	579	29	0	0	0	0	3550	295.02	11.48	4.23	15.46	23.63	17.88	28.11	1.32	21.67	18.17
5/30/2016 6:02:26 PM	3.73	1.16	1.30	0.98	0.00	0.00	0.00	0.00	7.17	100.00	3.35	18.55	1979	1158	586	29	0	0	0	0	3752	295.35	11.83	3.77	15.98	24.21	18.86	29.40	1.33	21.68	18.14
5/30/2016 6:02:29 PM	3.37	1.17	1.43	0.78	0.00	0.00	0.00	0.05	6.75	100.00	3.42	18.86	1784	1173	642	24	0	0	0	0	3622	295.12	11.48	3.74	15.45	24.06	17.83	27.96	1.33	21.68	18.17
5/30/2016 6:02:31 PM	3.92	1.23	1.21	0.87	0.00	0.00	0.00	0.02	7.22	100.00	3.48	19.22	2075	1232	545	26	0	0	0	0	3878	295.76	11.44	3.86	16.29	24.75	18.77	29.26	1.34	21.70	18.19
5/30/2016 6:02:34 PM	3.28	1.32	1.48	0.84	0.00	0.00	0.00	0.09	6.93	100.00	3.56	19.13	1741	1323	668	25	0	0	0	0	3757	294.82	12.10	3.65	16.42	25.32	19.09	28.65	1.35	21.71	18.19
5/30/2016 6:02:37 PM	3.50	1.44	1.43	0.68	0.00	0.00	0.00	0.07	7.05	100.00	3.65	18.28	1853	1439	645	21	0	0	0	0	3958	296.12	11.59	4.08	17.12	25.02	18.88	28.36	1.36	21.73	18.18
5/30/2016 6:02:40 PM	3.32	1.47	1.58	0.58	0.00	0.00	0.00	0.07	6.95	100.00	3.73	17.92	1759	1474	711	17	0	0	0	0	3961	295.98	11.63	3.83	17.05	24.70	18.75	27.92	1.37	21.75	18.19
5/30/2016 6:02:42 PM	3.66	1.52	1.23	0.86	0.00	0.00	0.00	0.07	7.27	100.00	3.85	17.76	1942	1521	552	26	0	0	0	0	4041	296.36	11.72	4.24	17.91	25.43	20.02	28.77	1.38	21.75	18.18
5/30/2016 6:02:45 PM	3.83	1.33	1.00	1.17	0.00	0.00	0.00	0.06	7.33	100.00	3.96	17.53	2032	1329	451	35	0	0	0	0	3847	295.74	11.91	4.48	17.30	25.61	20.11	29.58	1.39	21.76	18.20
5/30/2016 6:02:48 PM	3.55	1.41	1.36	1.04	0.00	0.00	0.00	0.07	7.36	100.00	4.07	17.60	1882	1410	611	31	0	0	0	0	3934	295.54	12.57	4.19	17.61	25.94	20.42	29.88	1.40	21.77	18.23
5/30/2016 6:02:51 PM	3.84	1.45	1.30	1.00	0.00	0.00	0.00	0.04	7.58	100.00	4.17	17.76	2035	1446	584	30	0	0	0	0	4095	295.74	12.35	4.54	18.07	25.96	20.41	30.33	1.41	21.78	18.24
5/30/2016 6:02:54 PM	3.90	1.48	1.35	0.88	0.00	0.00	0.00	0.04	7.60	100.00	4.29	17.70	2068	1476	605	26	0	0	0	0	4176	295.87	12.21	4.22	18.05	26.11	20.32	30.34	1.42	21.78	18.24
5/30/2016 6:02:56 PM	3.70	1.46	1.38	0.97	0.00	0.00	0.00	0.05	7.52	100.00	4.41	17.32	1963	1465	623	29	0	0	0	0	4079	295.85	12.48	4.66	18.14	26.12	20.29	30.24	1.43	21.79	18.23
5/30/2016 6:02:59 PM	3.73	1.54	1.42	0.86	0.00	0.00	0.00	0.07	7.54	100.00	4.52	17.12	1975	1538	637	26	0	0	0	0	4176	297.51	12.41	4.48	18.39	26.51	20.41	30.22	1.44	21.80	18.26
5/30/2016 6:03:02 PM	3.91	1.49	1.46	0.97	0.00	0.00	0.00	0.05	7.82	100.00	4.64	17.40	2071	1491	656	29	0	0	0	0	4246	297.87	12.94	4.38	18.51	27.15	20.99	31.59	1.45	21.80	18.24
5/30/2016 6:03:05 PM	4.14	1.52	1.84	0.85	0.00	0.00	0.00	0.01	8.36	100.00	4.74	17.34	2197	1519	829	26	0	0	0	0	4570	297.03	13.89	4.63	19.26	28.52	21.36	34.06	1.46	21.80	18.24
5/30/2016 6:03:08 PM	4.10	1.37	1.61	1.01	0.00	0.00	0.00	0.05	8.09	100.00	4.83	16.65	2171	1365	724	30	0	0	0	0	4291	296.80	13.62	4.40	18.24	28.56	20.97	33.59	1.47	21.81	18.23
5/30/2016 6:03:10 PM	4.22	1.49	1.88	0.86	0.00	0.00	0.00	0.02	8.45	100.00	4.91	16.33	2235	1492	846	26	0	0	0	0	4599	296.47	14.13	4.45	19.19	29.16	21.52	34.75	1.48	21.81	18.23
5/30/2016 6:03:13 PM	4.22	1.39	1.45	1.17	0.00	0.00	0.00	0.03	8.24	100.00	5.01	16.20	2238	1393	654	35	0	0	0	0	4321	296.56	13.70	4.69	18.73	28.47	21.64	33.84	1.49	21.82	18.26
5/30/2016 6:03:16 PM	4.13	1.38	1.48	1.01	0.00	0.00	0.00	0.06	7.99	100.00	5.16	15.80	2187	1376	668	30	0	0	0	0	4261	296.37	13.21	4.68	18.26	28.22	20.65	32.98	1.51	21.81	18.28
5/30/2016 6:03:19 PM	3.96	1.29	1.36	1.00	0.00	0.00	0.00	0.08	7.61	100.00	5.29	15.74	2101	1291	613	30	0	0	0	0	4034	296.46	12.68	4.10	17.23	27.46	20.05	31.67	1.52	21.82	18.27
5/30/2016 6:03:22 PM	4.16	1.38	1.26	1.05	0.00	0.00	0.00	0.06	7.84	100.00	5.40	15.73	2205	1376	565	31	0	0	0	0	4178	296.46	12.63	4.49	18.02	27.40	20.61	31.94	1.53	21.80	18.26
5/30/2016 6:03:24 PM	4.09	1.43	1.31	0.98	0.00	0.00	0.00	0.09	7.81	100.00	5.50	15.78	2167	1427	589	29	0	0	0	0	4213	295.62	12.67	4.45	18.20	27.87	20.63	31.90	1.54	21.80	18.26
5/30/2016 6:03:27 PM	4.33	1.55	1.38	1.04	0.00	0.00	0.00	0.08	8.31	100.00	5.61	15.54	2292	1555	622	31	0	0	0	0	4500	295.96	13.41	4.73	19.50	29.26	21.95	33.68	1.55	21.80	18.26
5/30/2016 6:03:30 PM	4.44	1.54	1.17	1.09	0.00	0.00	0.00	0.09	8.24	100.00	5.72	15.22	2354	1536	526	33	0	0	0	0	4449	295.62	12.97	4.63	19.30	29.10	21.90	33.25	1.56	21.79	18.24
5/30/2016 6:03:33 PM	4.65	1.61	0.91	1.35	0.00	0.00	0.00	0.12	8.52	100.00	5.86	14.27	2465	1607	410	41	0	0	0	0	4522	296.22	13.31	5.17	20.30	30.27	23.18	34.22	1.57	21.78	18.27
5/30/2016 6:03:35 PM	4.58	1.69	1.19	1.06	0.00	0.00	0.00	0.12	8.52	100.00	5.93	13.92	2427	1692	538	32	0	0	0	0	4689	295.80	13.29	4.93	20.46	30.38	22.73	34.16	1.58	21.78	18.29
5/30/2016 6:03:38 PM	4.93	1.73	1.11	1.15	0.00	0.00	0.00	0.12	8.93	100.00	6.02	14.42	2614	1728	502	35	0	0	0	0	4878	295.18	13.65	5.30	21.24	31.73	23.49	35.78	1.59	21.78	18.26
5/30/2016 6:03:41 PM	5.26	1.60	0.78	1.26	0.00	0.00	0.00	0.10	8.90	100.00	6.14	14.34	2787	1598	352	38	0	0	0	0	4775	296.05	12.99	5.18	20.55	31.09	23.16	35.54	1.60	21.76	18.26
5/30/2016 6:03:44 PM	5.38	1.74	0.92	1.13	0.00	0.00	0.00	0.08	9.17	100.00	6.23	14.10	2851	1744	413	34	0	0	0	0	5042	294.83	13.16	5.16	21.45	31.47	23.69	36.08	1.61	21.75	18.23
5/30/2016 6:03:47 PM	5.29	1.67	1.05	1.22	0.00	0.00	0.00	0.11	9.22	100.00	6.32	14.26	2805	1666	472	36	0	0	0	0	4979	296.14	13.83	5.15	21.23	32.51	23.85	37.17	1.62	21.73	18.27
5/30/2016 6:03:49 PM	5.23	1.62	0.77	1.34	0.00	0.00	0.00	0.12	8.96	100.00	6.44	14.30	2770	1619	349	40	0	0	0	0	4779	295.66	13.29	5.27	20.82	31.74	23.59	35.97	1.63	21.73	18.24
5/30/2016 6:03:52 PM	5.43	1.69	0.69	1.27	0.00	0.00	0.00	0.12	9.08	100.00	6.59	13.57	2876	1692	312	38	0	0	0	0	4917	295.42	13.00	5.15	21.18	31.84	23.81	35.98	1.65	21.72	18.28
5/30/2016 6:03:55 PM	5.64	1.74	0.76	1.25	0.00	0.00	0.00	0.09	9.39	100.00	6.73	12.83	2990	1745	341	37	0	0	0	0	5113	295.35	13.26	5.28	21.79	32.26	24.28	36.97	1.66	21.69	18.28
5/30/2016 6:03:58 PM	5.21	1.50	0.85	1.13	0.00	0.00	0.00	0.09	8.70	100.00	6.81	12.34	2763	1501	383	34	0	0	0	0	4682	294.97	12.63	4.77	19.63	30.49	22.20	34.99	1.67	21.68	18.28
5/30/2016 6:04:01 PM	4.74	1.41	0.74	0.97	0.00	0.00	0.00	0.12	7.85	100.00	6.93	12.19	2510	1406	334	29	0	0	0	0	4279	294.07	11.35	4.34	17.99	28.34	20.30	31.64	1.68	21.66	18.26
5/30/2016 6:04:03 PM	4.22	1.14	0.68	1.05	0.00	0.00	0.00	0.13	7.09	100.00	6.99	11.49	2236	1141	304	31	0	0	0	0	3713	293.72	10.81	3.79	15.76	26.41	18.74	29.37	1.69	21.65	18.27
5/30/2016 6:04:06 PM	4.48	1.20	0.76	0.93	0.00	0.00	0.00	0.11	7.38	100.00	7.10	11.16	2374	1205	343	28	0	0	0	0	3950	294.16	10.85	4.03	16.37	26.81	18.80	30.23	1.70	21.63	18.27
5/30/2016 6:04:09 PM	4.49	1.18	0.85	0.87	0.00	0.00	0.00	0.09	7.38	100.00	7.17	11.37	2377	1180	380	26	0	0	0	0	3963	293.00	10.85	3.91	16.17	26.60	18.55	30.29	1.70	21.60	18.28
5/30/2016 6:04:12 PM	4.41	1.17	0.71	0.77	0.00	0.00	0.00	0.08	7.07	100.00	7.33	11.29	2339	1174	320	23	0	0	0	0	3856	293.32	9.94	4.02	15.73	25.15	17.60	28.53	1.72	21.57	18.26
5/30/2016 6:04:15 PM	4.02	1.12	0.79	0.78	0.00	0.00	0.00	0.10	6.71	100.00	7.49	11.07	2130	1117	357	24	0	0	0	0	3628	292.97	10.02	3.56	14.98	24.65	17.32	27.56	1.73	21.56	18.26
5/30/2016 6:04:17 PM	4.30	1.06	0.76	0.79	0.00	0.00	0.00	0.10	6.92	100.00	7.62	11.40	2282	1058	344	24	0	0	0	0	3707	293.08	10.08	3.61	14.92	25.31	17.26	28.63	1.75	21.53	18.24
5/30/2016 6:04:20 PM	4.49	1.05	0.85	0.73	0.00	0.00	0.00	0.08	7.11	100.00	7.74	11.96	2378	1051	381	22	0	0	0	0	3833	292.85	10.21	3.66	15.06	25.73	17.21	29.47	1.76	21.51	18.24
5/30/2016 6:04:23 PM	4.48	1.16	1.03	0.63	0.00	0.00	0.00	0.08	7.30	100.00	7.86	12.05	2374	1163	465	19	0	0	0	0	4020	292.25	10.57	3.81	15.81	26.27	17.58	30.05	1.77	21.48	18.26
5/30/2016 6:04:26 PM	4.43	1.16	0.83	0.66	0.00	0.00	0.00	0.08	7.08	100.00	7.96	11.48	2346	1164	374	20	0	0	0	0	3904	292.85	10.01	3.63	15.51	25.38	17.46	28.79	1.78	21.45	18.25
5/30/2016 6:04:28 PM	3.95	1.14	0.83	0.74	0.00	0.00	0.00	0.11	6.67	100.00	8.17	11.01	2096	1142	375	22	0	0	0	0	3635	292.81	9.98	3.46	14.98	24.56	17.26	27.32	1.80	21.43	18.24
5/30/2016 6:04:31 PM	4.03	1.04	0.66	0.85	0.00	0.00	0.00	0.11	6.58	100.00	8.30	10.79	2136	1041	299	25	0	0	0	0	3501	292.87	9.77	3.46	14.46	24.43	17.03	27.21	1.81	21.40	18.25
5/30/2016 6:04:34 PM	4.14	1.09	0.82	0.77	0.00	0.00	0.00	0.10	6.82	100.00	8.40	10.96	2194	1095	367	23	0	0	0	0	3679	292.79	10.11	3.65	15.00	25.09	17.24	28.17	1.82	21.38	18.24
5/30/2016 6:04:37 PM	4.03	1.13	0.85	0.68	0.00	0.00	0.00	0.11	6.70	100.00	8.55	11.05	2138	1131	384	21	0	0	0	0	3674	292.81	9.93	3.51	14.95	24.83	17.04	27.58	1.84	21.32	18.21
5/30/2016 6:04:40 PM	4.18	1.07	0.84	0.74	0.00	0.00	0.00	0.12	6.83	100.00	8.65	11.00	2218	1071	378	22	0	0	0	0	3689	292.67	10.12	3.52	14.83	25.45	17.10	28.44	1.85	21.30	18.21
5/30/2016 6:04:42 PM	4.32	1.14	0.91	0.71	0.00	0.00	0.00	0.09	7.08	100.00	8.78	11.09	2290	1142	409	21	0	0	0	0	3862	292.87	10.35	3.79	15.52	25.77	17.49	29.15	1.86	21.28	18.19
5/30/2016 6:04:45 PM	4.35	1.16	0.87	0.77	0.00	0.00	0.00	0.11	7.14	100.00	8.90	11.12	2303	1156	392	23	0	0	0	0	3874	292.59	10.49	3.89	15.72	26.16	17.80	29.44	1.87	21.24	18.16
5/30/2016 6:04:48 PM	4.39	1.19	0.99	0.59	0.00	0.00	0.00	0.11	7.17	100.00	9.03	11.07	2325	1194	446	18	0	0	0	0	3982	292.77	10.40	3.60	15.73	26.40	17.56	29.54	1.88	21.22	18.15
5/30/2016 6:04:51 PM	4.54	1.22	0.97	0.67	0.00	0.00	0.00	0.09	7.41	100.00	9.15	11.05	2408	1224	438	20	0	0	0	0	4090	293.00	10.68	3.75	16.23	26.78	18.16	30.34	1.90	21.17	18.17
5/30/2016 6:04:54 PM	4.66	1.06	0.63	0.97	0.00	0.00	0.00	0.07	7.32	100.00	9.25	11.14	2472	1058	282	29	0	0	0	0	3842	292.67	10.42	3.97	15.56	26.06	18.13	30.08	1.91	21.15	18.16
5/30/2016 6:04:56 PM	4.41	1.10	0.77	0.79	0.00	0.00	0.00	0.09	7.08	100.00	9.38	11.16	2339	1101	347	24	0	0	0	0	3811	292.77	10.20	3.63	15.29	25.59	17.63	29.08	1.92	21.11	18.10
