Date/Time	Green Algae	Bluegreen	Diatoms	Cryptophyta	#4	#5	#6	Yellow substances	Total conc.	Transmission	Depth	Temp. Sample	Green Algae	Bluegreen	Diatoms	Cryptophyta	#4	#5	#6	Yellow substances	Total cell count	Trans. 700 nm	LED 3 [525 nm]	LED 4 [570 nm]	LED 5 [610 nm]	LED 6 [370 nm]	LED 7 [590 nm]	LED 8 [470 nm]	Pressure	Temp. LEDs	Temp. Sensor
date	µg/l	µg/l	µg/l	µg/l	µg/l	µg/l	µg/l	µg/l	µg/l	%	m	°C	cells/ml	cells/ml	cells/ml	cells/ml	cells/ml	cells/ml	cells/ml	cells/ml	cells/ml	digits	digits	digits	digits	digits	digits	digits	bar	°C	°C
8/13/2016 6:42:07 AM	0.00	0.75	0.00	0.06	0.00	0.00	0.00	0.00	0.81	66.16	0.17	22.79	0	755	0	2	0	0	0	0	756	185.70	0.50	0.63	4.72	0.88	7.67	0.35	1.02	21.41	18.28
8/13/2016 6:42:10 AM	1.55	0.55	0.63	0.21	0.00	0.00	0.00	0.00	2.95	81.05	0.31	24.83	824	554	282	6	0	0	0	0	1665	227.51	4.81	0.59	6.82	9.95	9.32	11.57	1.03	21.46	18.29
8/13/2016 6:42:12 AM	1.68	0.14	1.50	0.36	0.00	0.00	0.00	0.10	3.68	100.00	0.77	27.07	889	144	675	11	0	0	0	0	1718	319.80	8.14	1.89	6.26	16.80	8.78	18.95	1.08	21.52	18.26
8/13/2016 6:42:15 AM	1.96	0.18	1.31	0.35	0.00	0.00	0.00	0.09	3.80	100.00	0.86	27.07	1037	179	590	10	0	0	0	0	1817	317.16	7.70	1.96	6.53	16.73	8.88	18.92	1.08	21.53	18.41
8/13/2016 6:42:18 AM	2.06	0.14	1.39	0.37	0.00	0.00	0.00	0.07	3.96	100.00	0.94	26.90	1093	141	624	11	0	0	0	0	1869	317.68	7.96	2.15	6.59	16.87	8.89	19.69	1.09	21.57	18.30
8/13/2016 6:42:21 AM	1.79	0.23	1.74	0.25	0.00	0.00	0.00	0.08	4.01	100.00	0.98	26.83	947	226	785	8	0	0	0	0	1965	316.95	8.66	1.91	6.96	17.38	9.23	20.12	1.10	21.63	18.36
8/13/2016 6:42:24 AM	2.02	0.18	1.50	0.30	0.00	0.00	0.00	0.08	3.99	100.00	1.04	26.72	1070	177	675	9	0	0	0	0	1931	315.82	8.15	1.83	6.67	17.25	9.08	19.93	1.10	21.71	18.32
8/13/2016 6:42:26 AM	1.96	0.17	1.44	0.33	0.00	0.00	0.00	0.08	3.89	100.00	1.13	26.70	1040	166	646	10	0	0	0	0	1861	318.13	7.97	2.06	6.60	16.84	8.86	19.43	1.11	21.71	18.32
8/13/2016 6:42:29 AM	1.96	0.20	1.40	0.35	0.00	0.00	0.00	0.05	3.92	100.00	1.27	26.99	1040	199	632	11	0	0	0	0	1881	319.21	7.88	2.16	6.81	16.30	9.02	19.12	1.12	21.74	18.41
8/13/2016 6:42:32 AM	1.92	0.15	1.38	0.36	0.00	0.00	0.00	0.07	3.81	100.00	1.33	27.00	1016	152	623	11	0	0	0	0	1801	320.46	7.79	2.25	6.51	16.35	8.64	18.97	1.13	21.78	18.44
8/13/2016 6:42:35 AM	1.83	0.18	1.56	0.31	0.00	0.00	0.00	0.06	3.88	100.00	1.42	26.89	972	175	703	9	0	0	0	0	1859	318.83	8.16	2.29	6.71	16.59	8.73	19.39	1.14	21.85	18.34
8/13/2016 6:42:38 AM	1.96	0.16	1.37	0.34	0.00	0.00	0.00	0.07	3.82	100.00	1.49	26.91	1041	156	615	10	0	0	0	0	1822	315.87	7.73	2.02	6.45	16.35	8.73	18.97	1.15	21.89	18.32
8/13/2016 6:42:40 AM	1.75	0.16	1.40	0.36	0.00	0.00	0.00	0.08	3.67	100.00	1.64	26.90	929	159	628	11	0	0	0	0	1728	321.55	7.78	2.12	6.37	16.15	8.62	18.46	1.16	21.92	18.37
8/13/2016 6:42:43 AM	1.96	0.08	1.17	0.40	0.00	0.00	0.00	0.06	3.61	100.00	1.70	26.94	1041	80	525	12	0	0	0	0	1658	324.36	7.18	1.99	5.85	15.47	8.25	18.00	1.17	21.96	18.43
8/13/2016 6:42:46 AM	2.10	0.10	1.15	0.32	0.00	0.00	0.00	0.05	3.67	100.00	1.72	27.01	1114	103	518	10	0	0	0	0	1744	324.69	6.93	1.99	5.95	15.26	8.09	17.95	1.17	22.00	18.44
8/13/2016 6:42:49 AM	2.07	0.17	1.24	0.29	0.00	0.00	0.00	0.05	3.78	100.00	1.78	27.14	1099	170	559	9	0	0	0	0	1836	324.20	7.23	1.98	6.39	15.76	8.50	18.36	1.17	22.06	18.47
8/13/2016 6:42:51 AM	1.89	0.14	1.30	0.24	0.00	0.00	0.00	0.07	3.57	100.00	1.88	27.11	1003	140	586	7	0	0	0	0	1736	324.20	7.13	1.73	5.92	15.43	8.11	17.75	1.18	22.10	18.46
8/13/2016 6:42:54 AM	2.06	0.04	1.09	0.42	0.00	0.00	0.00	0.06	3.61	100.00	2.00	27.02	1092	39	490	13	0	0	0	0	1634	325.37	7.02	1.96	5.64	15.32	8.13	18.00	1.20	22.14	18.49
8/13/2016 6:42:57 AM	2.02	0.04	1.11	0.39	0.00	0.00	0.00	0.06	3.57	100.00	2.11	27.02	1073	43	501	12	0	0	0	0	1628	321.54	6.99	1.86	5.57	15.25	8.05	17.85	1.21	22.18	18.47
8/13/2016 6:43:00 AM	2.09	0.09	1.01	0.37	0.00	0.00	0.00	0.07	3.56	100.00	2.25	26.99	1105	95	456	11	0	0	0	0	1667	326.11	6.70	1.92	5.79	15.28	8.10	17.52	1.22	22.21	18.57
8/13/2016 6:43:03 AM	1.89	0.08	1.19	0.35	0.00	0.00	0.00	0.06	3.52	100.00	2.37	26.91	1002	80	537	11	0	0	0	0	1630	326.26	7.07	1.90	5.69	15.19	8.04	17.61	1.23	22.26	18.53
8/13/2016 6:43:05 AM	1.89	0.18	1.34	0.19	0.00	0.00	0.00	0.07	3.59	100.00	2.47	26.96	999	178	602	6	0	0	0	0	1785	325.77	7.08	1.98	6.17	15.47	7.97	17.70	1.24	22.32	18.55
8/13/2016 6:43:08 AM	1.98	0.10	1.17	0.33	0.00	0.00	0.00	0.06	3.58	100.00	2.57	26.99	1050	96	528	10	0	0	0	0	1684	326.27	6.99	1.96	5.83	15.22	8.04	17.73	1.25	22.36	18.53
8/13/2016 6:43:11 AM	1.88	0.09	1.21	0.38	0.00	0.00	0.00	0.08	3.57	100.00	2.71	26.94	995	93	547	11	0	0	0	0	1647	326.47	7.29	1.93	5.85	15.76	8.26	18.00	1.27	22.39	18.56
8/13/2016 6:43:14 AM	2.15	0.11	1.11	0.47	0.00	0.00	0.00	0.06	3.84	100.00	2.84	27.02	1141	107	500	14	0	0	0	0	1763	325.70	7.38	2.11	6.31	15.99	8.81	18.79	1.28	22.45	18.54
8/13/2016 6:43:17 AM	2.11	0.07	1.08	0.52	0.00	0.00	0.00	0.06	3.78	100.00	2.95	27.07	1119	67	487	16	0	0	0	0	1688	326.32	7.41	2.05	6.06	15.95	8.78	18.72	1.29	22.49	18.61
8/13/2016 6:43:19 AM	2.05	0.09	1.18	0.45	0.00	0.00	0.00	0.06	3.77	100.00	3.10	27.11	1087	88	531	13	0	0	0	0	1721	326.28	7.48	2.07	6.13	16.03	8.64	18.73	1.30	22.53	18.62
8/13/2016 6:43:22 AM	2.09	0.11	1.20	0.45	0.00	0.00	0.00	0.05	3.85	100.00	3.18	27.08	1107	110	540	14	0	0	0	0	1772	326.23	7.57	2.10	6.34	16.06	8.84	18.95	1.31	22.58	18.64
8/13/2016 6:43:25 AM	2.23	0.08	1.01	0.58	0.00	0.00	0.00	0.06	3.92	100.00	3.26	27.15	1185	85	457	17	0	0	0	0	1744	326.13	7.49	2.21	6.39	16.24	9.14	19.15	1.32	22.62	18.62
8/13/2016 6:43:28 AM	2.21	0.15	1.14	0.57	0.00	0.00	0.00	0.06	4.07	100.00	3.35	27.15	1171	152	514	17	0	0	0	0	1854	326.18	7.91	2.40	6.95	16.84	9.55	19.79	1.33	22.65	18.66
8/13/2016 6:43:31 AM	2.17	0.11	1.14	0.68	0.00	0.00	0.00	0.07	4.10	100.00	3.47	27.11	1151	106	514	20	0	0	0	0	1791	326.27	8.24	2.42	6.85	17.16	9.79	20.22	1.34	22.70	18.65
8/13/2016 6:43:33 AM	2.17	0.19	1.19	0.74	0.00	0.00	0.00	0.06	4.29	100.00	3.55	27.07	1150	185	538	22	0	0	0	0	1895	326.17	8.65	2.71	7.59	17.52	10.48	20.77	1.35	22.75	18.68
8/13/2016 6:43:36 AM	2.27	0.11	1.07	0.84	0.00	0.00	0.00	0.06	4.29	100.00	3.57	27.11	1203	113	482	25	0	0	0	0	1822	326.04	8.60	2.75	7.31	17.66	10.45	21.00	1.35	22.81	18.70
8/13/2016 6:43:39 AM	2.14	0.11	1.32	0.80	0.00	0.00	0.00	0.05	4.36	100.00	3.64	27.05	1133	115	592	24	0	0	0	0	1864	325.78	9.12	2.75	7.41	17.81	10.52	21.54	1.36	22.84	18.74
8/13/2016 6:43:42 AM	2.27	0.14	1.13	0.77	0.00	0.00	0.00	0.05	4.32	100.00	3.67	27.00	1205	140	508	23	0	0	0	0	1876	325.54	8.57	2.69	7.41	17.48	10.41	20.94	1.36	22.87	18.73
8/13/2016 6:43:44 AM	2.17	0.15	1.12	0.83	0.00	0.00	0.00	0.07	4.27	100.00	3.72	26.99	1150	150	504	25	0	0	0	0	1829	325.70	8.71	2.90	7.53	17.68	10.52	20.89	1.36	22.92	18.76
8/13/2016 6:43:47 AM	2.11	0.18	1.30	0.75	0.00	0.00	0.00	0.05	4.34	100.00	3.83	27.04	1119	178	584	23	0	0	0	0	1902	325.84	8.95	2.63	7.61	17.53	10.66	21.08	1.38	22.97	18.75
8/13/2016 6:43:50 AM	2.14	0.15	1.17	0.89	0.00	0.00	0.00	0.06	4.35	100.00	3.91	27.05	1136	147	527	27	0	0	0	0	1836	325.64	9.02	2.95	7.67	17.74	10.84	21.26	1.38	23.01	18.79
8/13/2016 6:43:53 AM	2.32	0.15	1.20	0.88	0.00	0.00	0.00	0.04	4.55	100.00	3.99	27.00	1231	146	540	26	0	0	0	0	1944	325.41	9.17	2.79	7.80	18.13	11.10	22.03	1.39	23.06	18.80
8/13/2016 6:43:56 AM	2.27	0.16	1.29	0.89	0.00	0.00	0.00	0.03	4.61	100.00	4.02	26.99	1203	160	581	27	0	0	0	0	1971	326.06	9.41	2.96	8.01	18.05	11.22	22.24	1.39	23.09	18.82
8/13/2016 6:43:58 AM	2.18	0.15	1.18	0.90	0.00	0.00	0.00	0.06	4.42	100.00	4.09	26.93	1155	151	533	27	0	0	0	0	1866	325.75	9.14	2.97	7.78	18.08	10.97	21.60	1.40	23.14	18.84
8/13/2016 6:44:01 AM	2.35	0.15	1.05	1.03	0.00	0.00	0.00	0.06	4.58	100.00	4.17	26.93	1244	154	474	31	0	0	0	0	1904	325.33	9.26	3.14	8.10	18.41	11.51	22.15	1.41	23.18	18.86
8/13/2016 6:44:04 AM	2.26	0.17	1.24	1.20	0.00	0.00	0.00	0.06	4.87	100.00	4.26	26.94	1197	171	558	36	0	0	0	0	1963	325.78	10.41	3.37	8.73	19.66	12.57	23.79	1.42	23.22	18.89
8/13/2016 6:44:07 AM	2.26	0.21	1.31	1.12	0.00	0.00	0.00	0.05	4.91	100.00	4.35	26.89	1200	212	589	34	0	0	0	0	2035	325.45	10.38	3.49	8.96	19.51	12.48	23.75	1.43	23.27	18.90
8/13/2016 6:44:10 AM	2.31	0.22	1.19	1.13	0.00	0.00	0.00	0.05	4.86	100.00	4.45	26.85	1226	225	535	34	0	0	0	0	2020	325.53	10.06	3.69	9.03	19.31	12.34	23.35	1.44	23.31	18.92
8/13/2016 6:44:12 AM	2.25	0.17	1.22	1.24	0.00	0.00	0.00	0.05	4.88	100.00	4.52	26.91	1191	175	547	37	0	0	0	0	1950	325.17	10.45	3.47	8.83	19.48	12.72	23.74	1.44	23.35	18.95
8/13/2016 6:44:15 AM	2.34	0.13	1.10	1.34	0.00	0.00	0.00	0.06	4.91	100.00	4.60	26.99	1239	133	496	40	0	0	0	0	1908	325.26	10.45	3.49	8.72	19.70	12.86	24.00	1.45	23.38	18.96
8/13/2016 6:44:18 AM	2.37	0.16	1.21	1.27	0.00	0.00	0.00	0.03	5.01	100.00	4.68	26.99	1255	164	543	38	0	0	0	0	2000	325.23	10.53	3.51	8.94	19.47	12.89	24.17	1.46	23.43	18.97
8/13/2016 6:44:21 AM	2.26	0.18	1.24	1.23	0.00	0.00	0.00	0.06	4.91	100.00	4.70	26.98	1199	178	557	37	0	0	0	0	1971	325.44	10.51	3.49	8.88	19.77	12.72	23.96	1.46	23.47	18.98
8/13/2016 6:44:23 AM	2.33	0.32	1.21	1.26	0.00	0.00	0.00	0.05	5.12	100.00	4.81	26.98	1238	324	544	38	0	0	0	0	2144	324.88	10.65	3.78	9.93	19.84	13.57	24.12	1.47	23.50	18.99
8/13/2016 6:44:26 AM	2.28	0.15	1.16	1.35	0.00	0.00	0.00	0.06	4.93	100.00	4.90	26.98	1207	147	523	40	0	0	0	0	1917	325.38	10.63	3.66	8.88	19.84	12.91	24.14	1.48	23.55	19.04
8/13/2016 6:44:29 AM	2.27	0.19	1.13	1.32	0.00	0.00	0.00	0.06	4.90	100.00	4.97	26.96	1200	185	506	40	0	0	0	0	1932	324.97	10.47	3.60	8.99	19.66	12.98	23.78	1.49	23.59	19.03
8/13/2016 6:44:32 AM	2.31	0.12	1.14	1.43	0.00	0.00	0.00	0.05	5.00	100.00	5.07	26.91	1226	118	512	43	0	0	0	0	1899	325.32	10.82	3.66	8.88	19.91	13.18	24.49	1.50	23.62	19.06
8/13/2016 6:44:35 AM	2.28	0.20	1.21	1.28	0.00	0.00	0.00	0.05	4.97	100.00	5.17	26.88	1211	201	543	38	0	0	0	0	1993	325.39	10.58	3.50	9.08	19.64	13.04	24.00	1.51	23.67	19.08
8/13/2016 6:44:37 AM	2.24	0.19	1.18	1.39	0.00	0.00	0.00	0.06	5.00	100.00	5.26	26.87	1187	187	533	42	0	0	0	0	1949	325.13	10.85	3.66	9.19	19.88	13.36	24.28	1.52	23.70	19.07
8/13/2016 6:44:40 AM	2.25	0.14	1.14	1.45	0.00	0.00	0.00	0.07	4.97	100.00	5.34	26.88	1193	139	511	43	0	0	0	0	1886	325.23	10.90	3.69	8.98	20.21	13.31	24.48	1.52	23.74	19.12
8/13/2016 6:44:43 AM	2.31	0.17	1.09	1.44	0.00	0.00	0.00	0.05	5.01	100.00	5.39	26.85	1225	166	492	43	0	0	0	0	1926	325.02	10.75	3.77	9.16	19.86	13.37	24.30	1.53	23.77	19.13
8/13/2016 6:44:46 AM	2.22	0.20	1.27	1.37	0.00	0.00	0.00	0.06	5.05	100.00	5.44	26.84	1176	198	571	41	0	0	0	0	1986	325.02	11.06	3.68	9.31	20.17	13.43	24.61	1.53	23.83	19.14
8/13/2016 6:44:49 AM	2.16	0.20	1.24	1.40	0.00	0.00	0.00	0.07	5.01	100.00	5.47	26.85	1147	205	559	42	0	0	0	0	1953	324.69	11.07	3.75	9.34	20.24	13.48	24.47	1.54	23.85	19.17
8/13/2016 6:44:51 AM	2.08	0.34	1.24	1.55	0.00	0.00	0.00	0.12	5.20	100.00	5.61	26.75	1102	339	556	46	0	0	0	0	2043	324.14	11.77	4.04	10.43	21.66	14.80	25.30	1.55	23.88	19.18
8/13/2016 6:44:54 AM	2.03	0.30	1.37	1.63	0.00	0.00	0.00	0.11	5.32	100.00	5.71	26.65	1074	296	617	49	0	0	0	0	2036	323.94	12.38	4.24	10.51	22.09	15.03	26.20	1.56	23.93	19.21
8/13/2016 6:44:57 AM	2.11	0.37	1.53	1.60	0.00	0.00	0.00	0.12	5.60	100.00	5.78	26.55	1116	368	689	48	0	0	0	0	2221	323.46	12.95	4.43	11.23	23.26	15.58	27.48	1.57	23.96	19.25
8/13/2016 6:45:00 AM	2.01	0.37	1.56	1.71	0.00	0.00	0.00	0.14	5.64	100.00	5.85	26.38	1063	366	700	51	0	0	0	0	2180	323.01	13.41	4.63	11.43	23.88	15.99	27.97	1.57	24.00	19.25
8/13/2016 6:45:03 AM	1.70	0.45	1.67	1.70	0.00	0.00	0.00	0.19	5.52	100.00	5.91	26.34	900	450	752	51	0	0	0	0	2153	322.57	13.78	4.74	11.79	24.67	16.25	27.81	1.58	24.02	19.25
8/13/2016 6:45:05 AM	1.19	0.47	2.02	2.13	0.00	0.00	0.00	0.32	5.81	100.00	6.00	26.14	633	472	907	64	0	0	0	0	2075	322.61	16.36	5.75	13.01	28.72	18.14	31.03	1.59	24.05	19.28
8/13/2016 6:45:08 AM	0.71	0.53	2.52	2.44	0.00	0.00	0.00	0.39	6.20	100.00	6.10	25.75	376	530	1133	73	0	0	0	0	2113	321.63	18.96	6.59	14.37	32.01	19.97	34.20	1.60	24.09	19.31
8/13/2016 6:45:11 AM	0.46	0.55	2.85	3.09	0.00	0.00	0.00	0.49	6.95	100.00	6.21	25.45	245	551	1284	93	0	0	0	0	2173	321.62	22.40	7.66	16.26	37.13	23.22	39.39	1.61	24.12	19.31
8/13/2016 6:45:14 AM	0.60	0.55	3.35	2.86	0.00	0.00	0.00	0.44	7.36	100.00	6.30	25.26	316	553	1507	86	0	0	0	0	2462	321.45	23.18	7.73	16.61	37.87	23.01	41.35	1.62	24.16	19.33
8/13/2016 6:45:16 AM	0.43	0.85	3.51	2.75	0.00	0.00	0.00	0.43	7.55	100.00	6.36	24.98	230	850	1580	83	0	0	0	0	2742	321.54	23.46	8.45	18.45	37.86	23.90	41.07	1.62	24.20	19.33
8/13/2016 6:45:19 AM	0.33	0.49	4.64	3.07	0.00	0.00	0.00	0.46	8.53	100.00	6.48	24.51	173	489	2088	92	0	0	0	0	2842	320.93	27.93	8.71	18.29	43.79	25.18	49.26	1.63	24.22	19.37
8/13/2016 6:45:22 AM	0.14	0.43	4.66	3.22	0.00	0.00	0.00	0.46	8.45	100.00	6.56	24.13	72	434	2097	97	0	0	0	0	2699	321.18	28.30	8.81	18.10	43.75	25.35	49.29	1.64	24.24	19.40
8/13/2016 6:45:25 AM	0.50	0.38	5.45	3.24	0.00	0.00	0.00	0.41	9.56	100.00	6.61	24.09	265	376	2452	97	0	0	0	0	3190	320.94	31.00	9.18	19.25	47.30	26.68	55.26	1.65	24.28	19.40
8/13/2016 6:45:28 AM	0.32	0.40	6.13	3.13	0.00	0.00	0.00	0.40	9.97	100.00	6.64	23.92	168	400	2758	94	0	0	0	0	3421	320.70	32.72	9.31	19.90	49.14	27.17	57.95	1.65	24.31	19.42
8/13/2016 6:45:30 AM	0.24	0.35	6.76	3.33	0.00	0.00	0.00	0.39	10.68	100.00	6.71	23.64	127	352	3044	100	0	0	0	0	3622	320.26	35.32	9.90	20.88	52.08	28.59	62.34	1.66	24.33	19.43
8/13/2016 6:45:33 AM	0.22	0.39	7.26	3.20	0.00	0.00	0.00	0.37	11.06	100.00	6.85	23.30	116	385	3266	96	0	0	0	0	3863	320.44	36.46	10.07	21.48	53.40	28.87	64.44	1.67	24.36	19.43
8/13/2016 6:45:36 AM	0.27	0.11	7.45	3.68	0.00	0.00	0.00	0.34	11.50	100.00	6.97	23.18	141	106	3354	110	0	0	0	0	3711	320.16	38.41	10.29	21.07	55.11	29.93	67.91	1.68	24.37	19.48
8/13/2016 6:45:39 AM	0.10	0.10	7.78	3.53	0.00	0.00	0.00	0.35	11.52	100.00	7.00	23.27	56	103	3501	106	0	0	0	0	3766	319.74	38.89	10.27	21.02	55.70	29.58	68.53	1.69	24.40	19.49
8/13/2016 6:45:42 AM	0.10	0.17	7.93	3.49	0.00	0.00	0.00	0.32	11.69	100.00	7.13	23.11	54	170	3568	105	0	0	0	0	3897	319.49	39.19	10.73	21.66	55.69	29.74	68.98	1.70	24.43	19.50
8/13/2016 6:45:44 AM	0.00	0.22	7.04	3.47	0.00	0.00	0.00	0.37	10.73	100.00	7.25	22.67	0	216	3166	104	0	0	0	0	3487	319.18	36.86	10.40	20.61	52.55	28.34	63.21	1.71	24.45	19.52
8/13/2016 6:45:47 AM	0.00	0.15	6.01	3.61	0.00	0.00	0.00	0.37	9.77	100.00	7.28	22.58	0	149	2704	108	0	0	0	0	2961	319.07	34.28	10.13	19.08	48.17	26.85	57.26	1.71	24.47	19.59
8/13/2016 6:45:50 AM	0.00	0.16	5.75	3.72	0.00	0.00	0.00	0.34	9.62	100.00	7.36	22.51	0	156	2586	112	0	0	0	0	2854	319.16	33.90	10.20	19.02	46.86	26.89	55.87	1.72	24.48	19.55
8/13/2016 6:45:53 AM	0.00	0.09	5.53	3.75	0.00	0.00	0.00	0.33	9.37	100.00	7.42	22.02	0	89	2488	113	0	0	0	0	2690	318.82	33.27	10.12	18.38	45.63	26.29	54.52	1.73	24.51	19.56
8/13/2016 6:45:56 AM	0.00	0.02	5.36	4.23	0.00	0.00	0.00	0.33	9.61	100.00	7.49	21.53	0	18	2412	127	0	0	0	0	2557	318.00	34.19	10.35	18.70	46.46	27.88	55.92	1.73	24.52	19.62
8/13/2016 6:45:58 AM	0.00	0.09	5.62	4.03	0.00	0.00	0.00	0.27	9.74	100.00	7.56	20.08	0	88	2530	121	0	0	0	0	2739	318.00	34.92	10.74	19.20	45.70	27.33	55.52	1.74	24.53	19.61
8/13/2016 6:46:01 AM	0.00	0.03	5.30	4.11	0.00	0.00	0.00	0.28	9.44	100.00	7.67	19.04	0	26	2385	123	0	0	0	0	2535	318.15	34.53	10.53	18.52	44.77	26.85	53.84	1.75	24.55	19.60
8/13/2016 6:46:04 AM	0.00	0.09	5.09	3.96	0.00	0.00	0.00	0.27	9.14	100.00	7.74	18.56	0	90	2290	119	0	0	0	0	2499	318.17	33.22	10.31	18.27	43.11	26.22	51.76	1.76	24.56	19.64
8/13/2016 6:46:07 AM	0.00	0.13	5.40	3.92	0.00	0.00	0.00	0.24	9.44	100.00	7.82	18.29	0	125	2428	118	0	0	0	0	2671	317.71	33.92	10.70	18.90	43.84	26.51	53.24	1.77	24.56	19.61
8/13/2016 6:46:09 AM	0.00	0.00	4.72	3.88	0.00	0.00	0.00	0.25	8.60	100.00	7.90	18.29	0	0	2125	116	0	0	0	0	2241	318.51	31.60	10.07	16.96	40.80	24.76	48.98	1.77	24.57	19.64
8/13/2016 6:46:12 AM	0.00	0.00	4.36	3.63	0.00	0.00	0.00	0.26	7.99	100.00	7.97	17.32	0	0	1962	109	0	0	0	0	2071	319.44	29.69	9.39	15.55	38.54	23.36	45.65	1.78	24.57	19.66
8/13/2016 6:46:15 AM	0.00	0.00	4.36	3.39	0.00	0.00	0.00	0.26	7.75	100.00	8.05	16.18	0	0	1962	102	0	0	0	0	2064	317.72	28.38	8.96	15.22	37.53	22.33	44.59	1.79	24.58	19.70
8/13/2016 6:46:18 AM	0.00	0.10	3.49	2.95	0.00	0.00	0.00	0.31	6.54	100.00	8.13	15.61	0	97	1569	89	0	0	0	0	1755	315.59	23.99	7.62	13.54	33.48	19.98	37.85	1.80	24.58	19.67
8/13/2016 6:46:21 AM	0.00	0.08	3.50	2.70	0.00	0.00	0.00	0.31	6.28	100.00	8.20	16.04	0	83	1576	81	0	0	0	0	1740	313.37	22.73	7.14	12.84	32.60	18.98	36.91	1.80	24.58	19.70
8/13/2016 6:46:23 AM	0.00	0.03	2.84	2.70	0.00	0.00	0.00	0.33	5.56	100.00	8.32	15.55	0	25	1277	81	0	0	0	0	1383	313.68	21.03	6.70	11.53	29.98	17.61	32.73	1.82	24.57	19.72
8/13/2016 6:46:26 AM	0.00	0.21	3.16	2.55	0.00	0.00	0.00	0.31	5.92	100.00	8.40	14.89	0	208	1420	77	0	0	0	0	1704	313.30	21.42	6.99	12.83	30.67	18.39	33.94	1.82	24.57	19.72
8/13/2016 6:46:29 AM	0.00	0.08	2.92	2.67	0.00	0.00	0.00	0.32	5.67	100.00	8.54	14.95	0	79	1313	80	0	0	0	0	1472	314.26	21.14	6.91	11.97	30.14	17.85	33.09	1.84	24.57	19.72
8/13/2016 6:46:32 AM	0.00	0.05	2.39	2.56	0.00	0.00	0.00	0.35	5.00	100.00	8.63	14.42	0	48	1077	77	0	0	0	0	1203	316.07	19.33	6.35	10.75	28.09	16.43	29.48	1.85	24.55	19.77
8/13/2016 6:46:35 AM	0.00	0.10	2.68	2.59	0.00	0.00	0.00	0.34	5.37	100.00	8.70	14.56	0	103	1204	78	0	0	0	0	1385	316.30	20.11	6.91	11.66	29.16	17.14	31.35	1.85	24.54	19.74
8/13/2016 6:46:37 AM	0.00	0.17	2.39	2.40	0.00	0.00	0.00	0.35	4.96	100.00	8.81	14.69	0	172	1077	72	0	0	0	0	1321	316.20	18.64	6.49	11.22	27.55	16.31	28.79	1.86	24.52	19.76
8/13/2016 6:46:40 AM	0.00	0.07	2.15	2.36	0.00	0.00	0.00	0.36	4.58	100.00	8.94	14.32	0	71	967	71	0	0	0	0	1109	316.02	17.51	5.96	10.08	26.48	15.46	27.33	1.88	24.51	19.79
8/13/2016 6:46:43 AM	0.00	0.15	2.25	2.25	0.00	0.00	0.00	0.36	4.65	100.00	9.02	14.00	0	150	1014	67	0	0	0	0	1231	315.95	17.35	5.86	10.43	26.51	15.60	27.45	1.88	24.51	19.77
8/13/2016 6:46:46 AM	0.00	0.14	2.28	2.26	0.00	0.00	0.00	0.36	4.68	100.00	9.11	13.63	0	139	1027	68	0	0	0	0	1233	315.88	17.44	6.07	10.49	26.68	15.54	27.71	1.89	24.48	19.76
8/13/2016 6:46:49 AM	0.00	0.23	2.42	2.05	0.00	0.00	0.00	0.36	4.70	100.00	9.21	13.81	0	231	1088	62	0	0	0	0	1381	315.49	17.36	6.02	10.82	26.83	15.30	27.55	1.90	24.47	19.78
8/13/2016 6:46:51 AM	0.00	0.05	1.85	2.12	0.00	0.00	0.00	0.39	4.02	100.00	9.32	13.89	0	54	832	63	0	0	0	0	949	314.08	15.35	5.15	8.88	24.82	14.14	24.77	1.91	24.43	19.81
8/13/2016 6:46:54 AM	0.00	0.12	1.81	1.87	0.00	0.00	0.00	0.39	3.81	100.00	9.38	13.78	0	124	815	56	0	0	0	0	996	312.50	14.25	4.82	8.69	23.84	13.49	23.47	1.92	24.40	19.79
8/13/2016 6:46:57 AM	0.00	0.20	2.09	1.76	0.00	0.00	0.00	0.38	4.05	100.00	9.44	14.26	0	202	940	53	0	0	0	0	1195	312.31	14.64	4.82	9.28	24.57	13.87	24.60	1.92	24.40	19.81
8/13/2016 6:47:00 AM	0.00	0.11	1.96	1.85	0.00	0.00	0.00	0.37	3.93	100.00	9.58	14.26	0	113	882	56	0	0	0	0	1050	312.25	14.53	4.84	8.77	24.00	13.56	24.12	1.94	24.37	19.81
8/13/2016 6:47:02 AM	0.00	0.12	1.68	1.65	0.00	0.00	0.00	0.39	3.46	100.00	9.62	13.54	0	125	755	50	0	0	0	0	930	310.55	12.88	4.38	7.96	22.62	12.42	21.73	1.94	24.33	19.81
8/13/2016 6:47:05 AM	0.00	0.21	1.71	1.69	0.00	0.00	0.00	0.39	3.61	100.00	9.71	13.83	0	212	768	51	0	0	0	0	1031	310.24	13.23	4.69	8.70	22.88	12.98	22.02	1.95	24.30	19.80
8/13/2016 6:47:08 AM	0.00	0.20	1.64	1.56	0.00	0.00	0.00	0.39	3.40	100.00	9.79	13.38	0	201	739	47	0	0	0	0	987	308.11	12.50	4.16	8.13	22.18	12.45	21.04	1.96	24.27	19.79
8/13/2016 6:47:11 AM	0.00	0.23	1.72	1.51	0.00	0.00	0.00	0.38	3.46	100.00	9.85	13.29	0	235	773	45	0	0	0	0	1053	306.29	12.52	4.36	8.39	22.18	12.40	21.19	1.96	24.25	19.78
8/13/2016 6:47:14 AM	0.00	0.15	1.53	1.45	0.00	0.00	0.00	0.39	3.14	100.00	10.01	13.38	0	154	690	44	0	0	0	0	888	306.22	11.54	3.83	7.40	21.20	11.67	19.94	1.98	24.20	19.79
8/13/2016 6:47:16 AM	0.02	0.20	1.54	1.48	0.00	0.00	0.00	0.41	3.25	100.00	10.07	13.02	13	205	694	44	0	0	0	0	956	306.17	11.76	4.03	7.86	21.85	12.06	20.42	1.99	24.18	19.78
8/13/2016 6:47:19 AM	0.03	0.28	1.62	1.38	0.00	0.00	0.00	0.40	3.31	100.00	10.15	13.07	17	277	729	41	0	0	0	0	1065	305.97	11.75	4.00	8.21	21.91	12.14	20.41	1.99	24.14	19.79
8/13/2016 6:47:22 AM	0.04	0.22	1.53	1.40	0.00	0.00	0.00	0.40	3.19	100.00	10.18	13.18	21	219	690	42	0	0	0	0	972	305.52	11.49	3.83	7.74	21.54	11.86	20.00	2.00	24.11	19.79
8/13/2016 6:47:25 AM	0.13	0.23	1.50	1.37	0.00	0.00	0.00	0.40	3.23	100.00	10.34	13.15	68	230	674	41	0	0	0	0	1013	303.86	11.34	3.85	7.80	21.55	11.80	20.02	2.01	24.06	19.78
8/13/2016 6:47:28 AM	0.12	0.22	1.63	1.33	0.00	0.00	0.00	0.40	3.30	100.00	10.43	13.18	62	222	734	40	0	0	0	0	1058	301.77	11.61	3.89	7.85	21.88	11.74	20.55	2.02	24.02	19.78
8/13/2016 6:47:30 AM	0.15	0.25	1.55	1.40	0.00	0.00	0.00	0.40	3.35	100.00	10.54	13.35	80	246	697	42	0	0	0	0	1065	299.17	11.64	4.00	8.10	21.96	12.09	20.59	2.03	23.99	19.76
8/13/2016 6:47:33 AM	0.12	0.26	1.60	1.43	0.00	0.00	0.00	0.39	3.41	100.00	10.63	13.36	66	261	718	43	0	0	0	0	1088	296.48	11.86	4.11	8.31	22.07	12.30	20.84	2.04	23.95	19.77
8/13/2016 6:47:36 AM	0.05	0.25	1.72	1.44	0.00	0.00	0.00	0.39	3.45	100.00	10.70	13.38	25	250	772	43	0	0	0	0	1090	295.45	12.21	4.09	8.32	22.29	12.41	21.24	2.05	23.89	19.80
8/13/2016 6:47:39 AM	0.01	0.28	1.81	1.35	0.00	0.00	0.00	0.39	3.45	100.00	10.81	13.41	5	277	816	40	0	0	0	0	1138	292.58	12.23	4.10	8.39	22.41	12.22	21.25	2.06	23.86	19.82
8/13/2016 6:47:42 AM	0.11	0.27	1.93	1.34	0.00	0.00	0.00	0.38	3.66	100.00	10.91	13.16	60	272	869	40	0	0	0	0	1241	290.54	12.61	4.15	8.62	22.93	12.44	22.24	2.07	23.80	19.72
8/13/2016 6:47:44 AM	0.10	0.29	1.80	1.38	0.00	0.00	0.00	0.39	3.57	100.00	11.01	13.11	51	290	810	41	0	0	0	0	1192	290.94	12.37	4.14	8.62	22.69	12.53	21.69	2.08	23.77	19.72
8/13/2016 6:47:47 AM	0.08	0.27	1.81	1.35	0.00	0.00	0.00	0.40	3.51	100.00	11.10	13.21	45	270	815	40	0	0	0	0	1170	290.76	12.27	4.07	8.41	22.68	12.27	21.57	2.09	23.72	19.72
8/13/2016 6:47:50 AM	0.10	0.25	1.68	1.40	0.00	0.00	0.00	0.41	3.43	100.00	11.20	13.31	51	251	756	42	0	0	0	0	1100	291.46	12.06	3.98	8.22	22.64	12.27	21.24	2.10	23.66	19.72
8/13/2016 6:47:53 AM	0.15	0.30	1.83	1.24	0.00	0.00	0.00	0.40	3.53	100.00	11.27	13.50	78	305	825	37	0	0	0	0	1245	292.07	12.08	4.10	8.53	22.74	12.05	21.50	2.10	23.63	19.71
8/13/2016 6:47:55 AM	0.18	0.33	1.86	1.13	0.00	0.00	0.00	0.38	3.51	100.00	11.37	13.49	97	328	838	34	0	0	0	0	1296	292.25	11.83	3.74	8.41	22.29	11.92	21.14	2.11	23.58	19.70
8/13/2016 6:47:58 AM	0.11	0.26	1.55	1.18	0.00	0.00	0.00	0.40	3.10	100.00	11.48	12.86	57	261	697	35	0	0	0	0	1050	292.88	10.88	3.60	7.59	21.09	11.20	19.28	2.12	23.53	19.69
8/13/2016 6:48:01 AM	0.08	0.48	1.76	0.98	0.00	0.00	0.00	0.39	3.30	100.00	11.59	12.74	44	479	790	30	0	0	0	0	1343	292.67	11.05	3.80	8.83	21.28	11.70	19.38	2.14	23.48	19.66
8/13/2016 6:48:04 AM	0.04	0.30	1.56	1.23	0.00	0.00	0.00	0.41	3.14	100.00	11.63	12.91	23	301	703	37	0	0	0	0	1064	292.76	11.13	3.89	7.99	21.47	11.51	19.49	2.14	23.43	19.68
8/13/2016 6:48:07 AM	0.11	0.27	1.48	1.18	0.00	0.00	0.00	0.41	3.05	100.00	11.68	12.85	57	274	668	35	0	0	0	0	1034	292.43	10.71	3.71	7.63	21.06	11.11	19.00	2.14	23.38	19.66
8/13/2016 6:48:09 AM	0.05	0.27	1.35	1.27	0.00	0.00	0.00	0.43	2.93	100.00	11.69	12.63	24	266	608	38	0	0	0	0	936	292.07	10.59	3.60	7.48	21.00	11.28	18.55	2.15	23.31	19.66
8/13/2016 6:48:12 AM	0.00	0.30	1.58	1.05	0.00	0.00	0.00	0.42	2.93	100.00	11.83	12.56	0	302	709	32	0	0	0	0	1043	292.54	10.59	3.50	7.50	20.94	10.80	18.53	2.16	23.27	19.63
8/13/2016 6:48:15 AM	0.10	0.29	1.46	1.11	0.00	0.00	0.00	0.41	2.97	100.00	11.94	12.54	54	285	659	33	0	0	0	0	1032	292.55	10.45	3.56	7.50	20.82	10.89	18.56	2.17	23.23	19.64
8/13/2016 6:48:18 AM	0.10	0.27	1.49	1.08	0.00	0.00	0.00	0.41	2.95	100.00	12.03	12.56	55	271	672	32	0	0	0	0	1031	292.46	10.40	3.52	7.37	20.79	10.70	18.55	2.18	23.17	19.62
8/13/2016 6:48:21 AM	0.12	0.29	1.41	1.17	0.00	0.00	0.00	0.41	2.99	100.00	12.06	12.66	62	294	635	35	0	0	0	0	1025	292.68	10.47	3.58	7.61	20.75	11.14	18.55	2.18	23.13	19.61
8/13/2016 6:48:23 AM	0.10	0.27	1.47	1.10	0.00	0.00	0.00	0.42	2.93	100.00	12.18	12.67	51	267	664	33	0	0	0	0	1014	291.97	10.42	3.33	7.29	20.80	10.84	18.52	2.19	23.07	19.61
8/13/2016 6:48:26 AM	0.12	0.32	1.50	1.12	0.00	0.00	0.00	0.42	3.06	100.00	12.29	12.64	64	321	673	34	0	0	0	0	1091	291.28	10.62	3.59	7.79	21.13	11.18	18.88	2.20	23.01	19.57
8/13/2016 6:48:29 AM	0.11	0.30	1.55	1.15	0.00	0.00	0.00	0.42	3.10	100.00	12.34	12.63	56	297	696	34	0	0	0	0	1084	291.28	10.87	3.59	7.75	21.52	11.27	19.32	2.21	22.96	19.59
8/13/2016 6:48:32 AM	0.12	0.30	1.50	1.25	0.00	0.00	0.00	0.42	3.17	100.00	12.43	12.86	62	303	676	37	0	0	0	0	1078	291.60	11.06	3.80	7.99	21.67	11.63	19.59	2.22	22.91	19.54
8/13/2016 6:48:35 AM	0.17	0.29	1.41	1.28	0.00	0.00	0.00	0.42	3.15	100.00	12.51	13.03	90	290	635	38	0	0	0	0	1053	291.04	10.90	3.84	7.93	21.58	11.60	19.45	2.23	22.87	19.54
8/13/2016 6:48:37 AM	0.28	0.34	1.58	1.11	0.00	0.00	0.00	0.39	3.32	100.00	12.59	13.04	149	338	713	33	0	0	0	0	1233	290.67	10.96	3.64	8.16	21.61	11.55	19.90	2.23	22.81	19.56
8/13/2016 6:48:40 AM	0.29	0.28	1.45	1.17	0.00	0.00	0.00	0.41	3.19	100.00	12.69	12.76	153	282	653	35	0	0	0	0	1123	290.25	10.72	3.67	7.80	21.57	11.29	19.58	2.24	22.75	19.51
8/13/2016 6:48:43 AM	0.12	0.33	1.47	1.04	0.00	0.00	0.00	0.43	2.95	100.00	12.81	12.55	62	330	661	31	0	0	0	0	1083	291.85	10.31	3.43	7.61	20.96	10.89	18.40	2.26	22.70	19.51
8/13/2016 6:48:46 AM	0.09	0.28	1.37	1.09	0.00	0.00	0.00	0.43	2.84	100.00	12.91	12.50	50	283	618	33	0	0	0	0	983	290.45	10.11	3.54	7.32	20.69	10.61	18.02	2.26	22.64	19.50
8/13/2016 6:48:48 AM	0.15	0.30	1.43	1.12	0.00	0.00	0.00	0.43	2.99	100.00	12.99	12.60	77	296	644	33	0	0	0	0	1051	288.84	10.44	3.51	7.56	21.17	11.00	18.71	2.27	22.60	19.48
8/13/2016 6:48:51 AM	0.06	0.33	1.44	1.12	0.00	0.00	0.00	0.43	2.94	100.00	13.06	12.72	31	326	647	34	0	0	0	0	1037	288.57	10.44	3.60	7.69	21.02	11.05	18.41	2.28	22.54	19.48
8/13/2016 6:48:54 AM	0.06	0.31	1.45	1.11	0.00	0.00	0.00	0.43	2.93	100.00	13.09	12.72	34	313	650	33	0	0	0	0	1030	288.80	10.41	3.56	7.59	20.99	10.94	18.40	2.28	22.49	19.41
8/13/2016 6:48:57 AM	0.07	0.37	1.46	1.15	0.00	0.00	0.00	0.45	3.04	100.00	13.16	12.59	36	367	657	34	0	0	0	0	1094	288.88	10.71	3.64	8.05	21.61	11.48	18.88	2.29	22.43	19.43
8/13/2016 6:49:00 AM	0.17	0.29	1.50	1.13	0.00	0.00	0.00	0.42	3.09	100.00	13.26	12.56	91	290	674	34	0	0	0	0	1088	288.62	10.70	3.48	7.64	21.43	11.20	19.22	2.30	22.38	19.42
8/13/2016 6:49:02 AM	0.05	0.29	1.43	1.10	0.00	0.00	0.00	0.43	2.87	100.00	13.36	12.55	27	294	644	33	0	0	0	0	998	288.71	10.30	3.49	7.40	20.85	10.78	18.21	2.31	22.35	19.36
8/13/2016 6:49:05 AM	0.00	0.33	1.46	0.97	0.00	0.00	0.00	0.44	2.75	100.00	13.45	12.59	0	326	656	29	0	0	0	0	1011	288.47	10.01	3.29	7.28	20.58	10.44	17.60	2.32	22.28	19.38
8/13/2016 6:49:08 AM	0.02	0.33	1.42	0.84	0.00	0.00	0.00	0.44	2.61	100.00	13.57	12.57	12	328	639	25	0	0	0	0	1005	288.03	9.44	3.12	6.97	19.94	9.84	16.78	2.33	22.23	19.37
8/13/2016 6:49:11 AM	0.00	0.32	1.31	1.01	0.00	0.00	0.00	0.44	2.64	100.00	13.61	12.45	0	317	591	30	0	0	0	0	939	288.11	9.73	3.35	7.15	20.07	10.29	16.89	2.33	22.18	19.37
8/13/2016 6:49:14 AM	0.08	0.30	1.34	0.86	0.00	0.00	0.00	0.44	2.58	100.00	13.64	12.65	40	305	601	26	0	0	0	0	972	288.63	9.25	3.07	6.80	19.84	9.75	16.62	2.34	22.13	19.34
8/13/2016 6:49:16 AM	0.04	0.30	1.37	0.89	0.00	0.00	0.00	0.45	2.60	100.00	13.72	12.78	20	298	618	27	0	0	0	0	963	288.02	9.48	3.11	6.85	20.16	9.89	16.93	2.34	22.08	19.30
8/13/2016 6:49:19 AM	0.13	0.31	1.32	0.88	0.00	0.00	0.00	0.43	2.64	100.00	13.78	12.80	71	311	593	26	0	0	0	0	1001	288.89	9.30	3.07	6.91	19.97	9.91	16.84	2.35	22.02	19.31
8/13/2016 6:49:22 AM	0.03	0.33	1.35	0.80	0.00	0.00	0.00	0.43	2.51	100.00	13.85	12.76	15	328	606	24	0	0	0	0	973	289.36	9.06	3.06	6.79	19.42	9.56	16.14	2.36	21.97	19.29
8/13/2016 6:49:25 AM	0.01	0.32	1.36	0.86	0.00	0.00	0.00	0.44	2.55	100.00	13.94	12.67	4	322	611	26	0	0	0	0	962	290.14	9.30	3.20	6.90	19.87	9.73	16.51	2.37	21.92	19.26
8/13/2016 6:49:28 AM	0.00	0.52	1.29	0.79	0.00	0.00	0.00	0.45	2.60	100.00	14.04	12.67	0	519	579	24	0	0	0	0	1122	291.17	9.06	3.22	7.86	19.59	10.40	15.75	2.38	21.87	19.24
8/13/2016 6:49:30 AM	0.00	0.31	1.14	0.83	0.00	0.00	0.00	0.46	2.28	100.00	14.14	12.59	0	311	514	25	0	0	0	0	849	294.14	8.56	2.99	6.43	19.05	9.23	15.10	2.39	21.83	19.21
8/13/2016 6:49:33 AM	0.03	0.29	1.23	0.84	0.00	0.00	0.00	0.44	2.39	100.00	14.14	12.46	15	290	555	25	0	0	0	0	885	293.27	8.82	2.85	6.42	19.20	9.44	15.70	2.39	21.76	19.22
8/13/2016 6:49:36 AM	0.07	0.30	1.27	0.79	0.00	0.00	0.00	0.44	2.43	100.00	14.22	12.53	37	305	573	24	0	0	0	0	938	292.05	8.80	2.94	6.54	19.34	9.32	15.86	2.39	21.71	19.22
8/13/2016 6:49:39 AM	0.08	0.33	1.22	0.75	0.00	0.00	0.00	0.45	2.37	100.00	14.33	12.47	41	326	549	22	0	0	0	0	939	292.26	8.55	2.93	6.54	19.16	9.19	15.46	2.40	21.67	19.18
8/13/2016 6:49:41 AM	0.00	0.34	1.21	0.76	0.00	0.00	0.00	0.45	2.32	100.00	14.42	12.30	0	342	547	23	0	0	0	0	911	292.88	8.59	2.97	6.58	18.93	9.22	15.10	2.41	21.61	19.15
8/13/2016 6:49:44 AM	0.00	0.29	1.14	0.78	0.00	0.00	0.00	0.45	2.21	100.00	14.52	12.25	0	289	513	23	0	0	0	0	826	294.66	8.35	2.83	6.17	18.62	8.96	14.76	2.42	21.57	19.13
8/13/2016 6:49:47 AM	0.00	0.29	1.09	0.75	0.00	0.00	0.00	0.45	2.14	100.00	14.64	12.25	0	292	490	23	0	0	0	0	805	295.59	8.09	2.78	6.05	18.38	8.77	14.34	2.43	21.51	19.12
8/13/2016 6:49:50 AM	0.02	0.29	1.02	0.80	0.00	0.00	0.00	0.46	2.14	100.00	14.72	12.26	11	288	460	24	0	0	0	0	783	295.48	8.05	2.74	6.05	18.48	8.95	14.37	2.44	21.47	19.12
8/13/2016 6:49:53 AM	0.00	0.33	1.11	0.70	0.00	0.00	0.00	0.46	2.15	100.00	14.83	12.27	0	330	501	21	0	0	0	0	852	296.37	8.09	2.75	6.21	18.59	8.81	14.35	2.45	21.42	19.10
8/13/2016 6:49:55 AM	0.00	0.33	1.12	0.72	0.00	0.00	0.00	0.45	2.17	100.00	14.92	12.27	0	333	503	22	0	0	0	0	858	296.87	8.10	2.75	6.26	18.41	8.91	14.36	2.46	21.36	19.06
8/13/2016 6:49:58 AM	0.01	0.27	0.94	0.76	0.00	0.00	0.00	0.45	1.98	100.00	14.98	12.26	4	273	425	23	0	0	0	0	725	297.00	7.59	2.71	5.75	17.83	8.47	13.57	2.47	21.33	19.04
8/13/2016 6:50:01 AM	0.00	0.33	1.12	0.72	0.00	0.00	0.00	0.46	2.18	100.00	15.10	12.27	0	334	506	22	0	0	0	0	862	297.64	8.16	2.78	6.28	18.63	8.90	14.45	2.48	21.28	19.04
8/13/2016 6:50:04 AM	0.00	0.34	1.07	0.70	0.00	0.00	0.00	0.45	2.11	100.00	15.21	12.27	0	341	481	21	0	0	0	0	843	297.62	7.89	2.76	6.21	18.23	8.77	14.01	2.49	21.22	19.00
8/13/2016 6:50:07 AM	0.00	0.30	1.00	0.72	0.00	0.00	0.00	0.46	2.02	100.00	15.33	12.27	0	304	452	21	0	0	0	0	777	297.68	7.71	2.65	5.90	18.09	8.58	13.74	2.50	21.18	19.02
8/13/2016 6:50:09 AM	0.00	0.30	1.01	0.78	0.00	0.00	0.00	0.46	2.08	100.00	15.44	12.27	0	298	453	23	0	0	0	0	774	297.98	7.96	2.85	6.05	18.40	8.75	14.08	2.51	21.13	18.98
8/13/2016 6:50:12 AM	0.00	0.31	0.99	0.73	0.00	0.00	0.00	0.46	2.04	100.00	15.54	12.31	0	314	448	22	0	0	0	0	784	297.27	7.73	2.75	6.02	18.09	8.66	13.77	2.52	21.10	18.99
8/13/2016 6:50:15 AM	0.00	0.33	1.03	0.74	0.00	0.00	0.00	0.46	2.10	100.00	15.61	12.28	0	333	462	22	0	0	0	0	817	298.19	7.89	2.77	6.19	18.29	8.86	14.01	2.53	21.04	18.96
8/13/2016 6:50:18 AM	0.00	0.30	0.98	0.79	0.00	0.00	0.00	0.46	2.06	100.00	15.70	12.28	0	296	441	24	0	0	0	0	761	298.22	7.88	2.73	5.99	18.23	8.81	13.95	2.54	21.00	18.95
8/13/2016 6:50:20 AM	0.01	0.31	0.97	0.74	0.00	0.00	0.00	0.47	2.04	100.00	15.80	12.28	7	313	438	22	0	0	0	0	780	298.46	7.74	2.68	5.99	18.35	8.72	13.86	2.55	20.94	18.92
8/13/2016 6:50:23 AM	0.00	0.33	1.05	0.72	0.00	0.00	0.00	0.46	2.10	100.00	15.89	12.28	1	334	471	21	0	0	0	0	827	297.84	7.88	2.65	6.14	18.37	8.84	14.05	2.56	20.90	18.88
8/13/2016 6:50:26 AM	0.06	0.34	1.07	0.69	0.00	0.00	0.00	0.46	2.17	100.00	15.98	12.28	33	342	483	21	0	0	0	0	878	297.39	7.94	2.67	6.24	18.62	8.87	14.35	2.57	20.86	18.88
8/13/2016 6:50:29 AM	0.02	0.32	0.99	0.75	0.00	0.00	0.00	0.46	2.08	100.00	16.09	12.28	11	318	447	23	0	0	0	0	799	298.42	7.82	2.79	6.11	18.36	8.78	14.01	2.58	20.81	18.84
8/13/2016 6:50:32 AM	0.03	0.28	1.02	0.76	0.00	0.00	0.00	0.46	2.09	100.00	16.13	12.31	15	282	459	23	0	0	0	0	780	298.19	7.89	2.71	5.92	18.33	8.71	14.17	2.58	20.76	18.82
8/13/2016 6:50:34 AM	0.03	0.31	0.93	0.80	0.00	0.00	0.00	0.47	2.07	100.00	16.21	12.29	18	306	420	24	0	0	0	0	767	297.58	7.79	2.76	6.05	18.36	8.87	13.96	2.59	20.72	18.82
8/13/2016 6:50:37 AM	0.00	0.35	1.02	0.75	0.00	0.00	0.00	0.50	2.12	100.00	16.34	12.32	0	347	460	23	0	0	0	0	830	297.68	8.15	2.79	6.32	19.26	9.00	14.39	2.60	20.68	18.81
8/13/2016 6:50:40 AM	0.00	0.28	0.95	0.75	0.00	0.00	0.00	0.47	1.98	100.00	16.47	12.27	0	280	427	23	0	0	0	0	729	298.55	7.65	2.67	5.77	18.15	8.53	13.68	2.61	20.64	18.79
8/13/2016 6:50:43 AM	0.00	0.29	0.90	0.78	0.00	0.00	0.00	0.48	1.97	100.00	16.56	12.21	0	295	405	23	0	0	0	0	723	297.69	7.66	2.67	5.84	18.17	8.64	13.53	2.62	20.58	18.77
8/13/2016 6:50:46 AM	0.05	0.32	0.95	0.69	0.00	0.00	0.00	0.47	2.01	100.00	16.66	12.29	26	318	428	21	0	0	0	0	793	297.20	7.53	2.66	5.94	18.19	8.52	13.64	2.63	20.55	18.75
8/13/2016 6:50:48 AM	0.00	0.27	0.92	0.78	0.00	0.00	0.00	0.47	1.97	100.00	16.73	12.28	0	275	413	23	0	0	0	0	711	296.38	7.64	2.65	5.75	18.15	8.60	13.66	2.64	20.51	18.73
8/13/2016 6:50:51 AM	0.00	0.33	0.95	0.70	0.00	0.00	0.00	0.48	1.99	100.00	16.82	12.24	0	334	430	21	0	0	0	0	784	297.70	7.64	2.62	5.99	18.31	8.60	13.53	2.65	20.45	18.73
8/13/2016 6:50:54 AM	0.00	0.26	0.88	0.73	0.00	0.00	0.00	0.47	1.87	100.00	16.90	12.20	1	263	396	22	0	0	0	0	682	298.48	7.31	2.48	5.47	17.66	8.28	13.11	2.66	20.42	18.69
8/13/2016 6:50:57 AM	0.00	0.31	0.89	0.66	0.00	0.00	0.00	0.48	1.86	100.00	16.97	12.19	0	311	399	20	0	0	0	0	730	297.89	7.21	2.57	5.68	17.86	8.21	12.97	2.66	20.37	18.67
8/13/2016 6:51:00 AM	0.00	0.33	0.95	0.70	0.00	0.00	0.00	0.48	1.98	100.00	17.06	12.21	0	331	427	21	0	0	0	0	779	297.82	7.59	2.82	6.03	18.17	8.47	13.46	2.67	20.33	18.65
8/13/2016 6:51:02 AM	0.00	0.28	0.80	0.82	0.00	0.00	0.00	0.47	1.90	100.00	17.23	12.19	0	280	359	25	0	0	0	0	664	300.13	7.47	2.75	5.74	17.84	8.56	13.13	2.69	20.30	18.66
8/13/2016 6:51:05 AM	0.03	0.27	0.89	0.85	0.00	0.00	0.00	0.47	2.05	100.00	17.28	12.19	14	274	402	26	0	0	0	0	715	300.64	7.79	2.89	5.95	18.28	8.81	13.95	2.69	20.26	18.63
8/13/2016 6:51:08 AM	0.03	0.29	0.84	0.84	0.00	0.00	0.00	0.48	2.00	100.00	17.36	12.23	16	288	377	25	0	0	0	0	705	300.88	7.63	2.85	5.94	18.27	8.78	13.68	2.70	20.22	18.60
8/13/2016 6:51:11 AM	0.00	0.37	0.94	0.75	0.00	0.00	0.00	0.49	2.06	100.00	17.41	12.23	0	367	423	22	0	0	0	0	813	299.76	7.81	2.92	6.36	18.59	8.87	13.76	2.71	20.17	18.57
8/13/2016 6:51:13 AM	0.03	0.38	0.89	0.79	0.00	0.00	0.00	0.48	2.09	100.00	17.45	12.26	15	381	401	24	0	0	0	0	821	299.68	7.73	2.88	6.47	18.51	9.14	13.79	2.71	20.14	18.58
8/13/2016 6:51:16 AM	0.05	0.30	0.74	0.91	0.00	0.00	0.00	0.49	2.01	100.00	17.53	12.28	27	301	333	27	0	0	0	0	689	299.86	7.64	2.87	6.07	18.53	9.08	13.71	2.72	20.09	18.54
8/13/2016 6:51:19 AM	0.00	0.33	0.90	0.78	0.00	0.00	0.00	0.48	2.01	100.00	17.60	12.28	0	333	405	23	0	0	0	0	761	300.04	7.67	2.89	6.15	18.35	8.76	13.63	2.72	20.05	18.55
8/13/2016 6:51:22 AM	0.00	0.33	0.87	0.81	0.00	0.00	0.00	0.50	2.01	100.00	17.70	12.22	0	329	391	24	0	0	0	0	744	299.76	7.85	2.95	6.17	18.80	8.81	13.74	2.73	20.03	18.51
8/13/2016 6:51:25 AM	0.00	0.30	0.79	0.83	0.00	0.00	0.00	0.49	1.93	100.00	17.80	12.15	0	302	357	25	0	0	0	0	683	299.99	7.56	2.77	5.90	18.19	8.74	13.29	2.74	19.98	18.51
8/13/2016 6:51:27 AM	0.00	0.29	0.81	0.86	0.00	0.00	0.00	0.49	1.95	100.00	17.87	12.17	0	289	362	26	0	0	0	0	678	300.89	7.62	2.83	5.91	18.40	8.81	13.57	2.75	19.94	18.46
8/13/2016 6:51:30 AM	0.00	0.26	0.82	0.84	0.00	0.00	0.00	0.48	1.93	100.00	17.94	12.22	2	261	368	25	0	0	0	0	657	301.01	7.55	2.74	5.70	18.18	8.62	13.49	2.76	19.91	18.46
8/13/2016 6:51:33 AM	0.00	0.33	0.83	0.81	0.00	0.00	0.00	0.50	1.97	100.00	17.99	12.18	2	327	373	24	0	0	0	0	726	300.55	7.58	2.84	6.08	18.47	8.84	13.54	2.76	19.87	18.44
8/13/2016 6:51:36 AM	0.11	0.28	0.71	0.95	0.00	0.00	0.00	0.49	2.06	100.00	18.04	12.17	61	280	318	29	0	0	0	0	687	300.72	7.68	2.92	6.05	18.64	9.15	13.95	2.77	19.85	18.39
8/13/2016 6:51:39 AM	0.09	0.35	0.84	0.81	0.00	0.00	0.00	0.48	2.09	100.00	18.12	12.18	48	349	376	24	0	0	0	0	796	301.47	7.65	2.86	6.31	18.56	9.05	13.85	2.78	19.80	18.40
8/13/2016 6:51:41 AM	0.13	0.30	0.76	0.92	0.00	0.00	0.00	0.49	2.12	100.00	18.16	12.20	70	302	341	28	0	0	0	0	742	300.96	7.76	2.93	6.21	18.76	9.22	14.15	2.78	19.76	18.39
8/13/2016 6:51:44 AM	0.10	0.31	0.82	0.86	0.00	0.00	0.00	0.49	2.09	100.00	18.22	12.24	53	314	370	26	0	0	0	0	763	300.93	7.75	2.91	6.20	18.76	9.04	14.09	2.79	19.73	18.39
8/13/2016 6:51:47 AM	0.08	0.28	0.69	0.88	0.00	0.00	0.00	0.50	1.94	100.00	18.31	12.26	45	279	313	26	0	0	0	0	662	301.01	7.38	2.79	5.82	18.34	8.78	13.42	2.79	19.70	18.31
8/13/2016 6:51:50 AM	0.08	0.33	0.78	0.87	0.00	0.00	0.00	0.49	2.06	100.00	18.39	12.23	44	329	353	26	0	0	0	0	752	301.48	7.67	2.93	6.25	18.64	9.09	13.86	2.80	19.66	18.32
8/13/2016 6:51:53 AM	0.02	0.27	0.72	0.91	0.00	0.00	0.00	0.49	1.91	100.00	18.46	12.25	9	265	324	27	0	0	0	0	626	302.22	7.49	2.83	5.76	18.26	8.77	13.39	2.81	19.63	18.30
8/13/2016 6:51:55 AM	0.07	0.26	0.61	0.89	0.00	0.00	0.00	0.50	1.83	100.00	18.51	12.27	35	265	275	27	0	0	0	0	602	302.45	7.13	2.75	5.62	18.01	8.60	12.92	2.81	19.59	18.28
8/13/2016 6:51:58 AM	0.03	0.31	0.84	0.81	0.00	0.00	0.00	0.49	1.99	100.00	18.61	12.26	14	314	377	24	0	0	0	0	729	301.78	7.60	2.78	6.02	18.45	8.83	13.64	2.82	19.56	18.26
8/13/2016 6:52:01 AM	0.00	0.28	0.79	0.90	0.00	0.00	0.00	0.50	1.97	100.00	18.69	12.23	0	282	355	27	0	0	0	0	664	301.53	7.69	2.89	5.94	18.54	8.89	13.70	2.83	19.52	18.27
8/13/2016 6:52:04 AM	0.13	0.27	0.68	0.91	0.00	0.00	0.00	0.49	1.99	100.00	18.77	12.19	67	270	307	27	0	0	0	0	672	303.30	7.43	2.87	5.87	18.31	8.85	13.59	2.84	19.49	18.26
8/13/2016 6:52:06 AM	0.06	0.31	0.74	0.82	0.00	0.00	0.00	0.49	1.94	100.00	18.85	12.17	32	315	335	25	0	0	0	0	706	302.42	7.36	2.84	5.98	18.28	8.73	13.32	2.85	19.46	18.23
8/13/2016 6:52:09 AM	0.01	0.33	0.82	0.82	0.00	0.00	0.00	0.50	1.99	100.00	18.92	12.17	7	333	371	25	0	0	0	0	735	302.69	7.62	2.85	6.14	18.58	8.92	13.64	2.85	19.43	18.18
8/13/2016 6:52:12 AM	0.05	0.30	0.79	0.82	0.00	0.00	0.00	0.51	1.96	100.00	19.02	12.18	27	304	357	24	0	0	0	0	712	302.77	7.52	2.83	5.96	18.68	8.73	13.65	2.86	19.41	18.17
8/13/2016 6:52:15 AM	0.10	0.28	0.75	0.83	0.00	0.00	0.00	0.49	1.95	100.00	19.12	12.17	55	275	336	25	0	0	0	0	690	303.07	7.38	2.73	5.76	18.40	8.62	13.53	2.87	19.37	18.17
8/13/2016 6:52:18 AM	0.00	0.24	0.69	0.78	0.00	0.00	0.00	0.51	1.71	100.00	19.24	12.16	0	240	312	23	0	0	0	0	576	304.22	7.01	2.50	5.22	17.87	8.09	12.59	2.88	19.34	18.14
8/13/2016 6:52:20 AM	0.00	0.29	0.72	0.67	0.00	0.00	0.00	0.51	1.68	100.00	19.34	12.14	0	294	324	20	0	0	0	0	638	304.11	6.73	2.53	5.38	17.66	7.88	12.22	2.90	19.30	18.11
8/13/2016 6:52:23 AM	0.00	0.28	0.67	0.70	0.00	0.00	0.00	0.51	1.66	100.00	19.44	12.16	0	284	304	21	0	0	0	0	609	303.99	6.71	2.57	5.33	17.55	7.88	12.08	2.90	19.28	18.11
8/13/2016 6:52:26 AM	0.00	0.33	0.75	0.60	0.00	0.00	0.00	0.50	1.68	100.00	19.50	12.12	0	326	338	18	0	0	0	0	682	302.60	6.69	2.54	5.49	17.51	7.79	12.03	2.91	19.24	18.06
8/13/2016 6:52:29 AM	0.00	0.28	0.72	0.65	0.00	0.00	0.00	0.50	1.65	100.00	19.58	12.15	0	275	325	20	0	0	0	0	620	304.80	6.67	2.50	5.24	17.51	7.73	12.14	2.92	19.22	18.05
8/13/2016 6:52:32 AM	0.00	0.26	0.68	0.73	0.00	0.00	0.00	0.51	1.66	100.00	19.66	12.16	0	256	305	22	0	0	0	0	582	304.53	6.84	2.52	5.21	17.77	7.89	12.29	2.93	19.19	18.03
8/13/2016 6:52:34 AM	0.00	0.27	0.70	0.69	0.00	0.00	0.00	0.51	1.65	100.00	19.76	12.15	0	266	313	21	0	0	0	0	600	303.14	6.78	2.46	5.20	17.74	7.84	12.22	2.94	19.15	18.03
8/13/2016 6:52:37 AM	0.00	0.28	0.84	0.60	0.00	0.00	0.00	0.49	1.72	100.00	19.83	12.12	0	282	378	18	0	0	0	0	678	301.91	6.88	2.52	5.32	17.69	7.66	12.47	2.94	19.13	18.00
8/13/2016 6:52:40 AM	0.00	0.29	0.76	0.62	0.00	0.00	0.00	0.51	1.67	100.00	19.91	12.15	0	294	342	19	0	0	0	0	655	301.69	6.77	2.42	5.31	17.77	7.77	12.25	2.95	19.11	17.98
8/13/2016 6:52:43 AM	0.00	0.28	0.77	0.72	0.00	0.00	0.00	0.52	1.77	100.00	19.98	12.12	0	277	347	22	0	0	0	0	646	300.79	7.21	2.57	5.46	18.30	8.12	12.85	2.96	19.08	17.97
8/13/2016 6:52:46 AM	0.00	0.27	0.84	0.73	0.00	0.00	0.00	0.52	1.85	100.00	20.11	12.13	0	273	379	22	0	0	0	0	674	297.83	7.48	2.69	5.59	18.76	8.21	13.38	2.97	19.06	17.98
8/13/2016 6:52:48 AM	0.00	0.28	0.97	0.76	0.00	0.00	0.00	0.53	2.00	100.00	20.23	12.10	0	278	437	23	0	0	0	0	738	292.84	8.07	2.78	5.86	19.60	8.54	14.33	2.98	19.02	17.97
8/13/2016 6:52:51 AM	0.01	0.31	1.08	0.74	0.00	0.00	0.00	0.52	2.14	100.00	20.34	12.09	6	307	487	22	0	0	0	0	822	291.17	8.23	2.82	6.16	19.88	8.84	14.99	2.99	19.00	17.94
8/13/2016 6:52:54 AM	0.00	0.37	1.22	0.66	0.00	0.00	0.00	0.53	2.26	100.00	20.44	12.06	0	371	549	20	0	0	0	0	940	287.76	8.62	2.86	6.58	20.44	9.03	15.40	3.00	18.98	17.88
8/13/2016 6:52:57 AM	0.04	0.33	1.15	0.74	0.00	0.00	0.00	0.53	2.26	100.00	20.55	12.08	22	330	516	22	0	0	0	0	890	288.85	8.51	2.92	6.44	20.44	9.08	15.58	3.01	18.94	17.89
8/13/2016 6:52:59 AM	0.00	0.36	1.16	0.68	0.00	0.00	0.00	0.51	2.20	100.00	20.66	12.10	0	359	523	20	0	0	0	0	903	289.04	8.46	2.80	6.43	19.88	8.92	14.94	3.02	18.92	17.87
8/13/2016 6:53:02 AM	0.00	0.41	1.25	0.67	0.00	0.00	0.00	0.53	2.33	100.00	20.76	12.07	0	407	564	20	0	0	0	0	991	282.99	8.73	2.99	6.88	20.69	9.25	15.68	3.03	18.88	17.85
8/13/2016 6:53:05 AM	0.00	0.48	1.47	0.54	0.00	0.00	0.00	0.53	2.49	100.00	20.86	12.05	0	481	659	16	0	0	0	0	1157	283.75	9.13	3.01	7.37	21.28	9.42	16.33	3.04	18.86	17.87
8/13/2016 6:53:08 AM	0.00	0.43	1.33	0.61	0.00	0.00	0.00	0.52	2.37	100.00	20.93	12.09	0	426	600	18	0	0	0	0	1044	282.13	8.74	2.97	6.97	20.77	9.21	15.86	3.05	18.84	17.85
8/13/2016 6:53:11 AM	0.00	0.40	1.31	0.60	0.00	0.00	0.00	0.52	2.31	99.50	21.08	12.02	0	404	589	18	0	0	0	0	1011	279.36	8.77	2.91	6.78	20.63	8.99	15.57	3.07	18.81	17.81
8/13/2016 6:53:13 AM	0.00	0.39	1.35	0.55	0.00	0.00	0.00	0.52	2.29	99.01	21.20	11.97	0	388	607	17	0	0	0	0	1011	277.97	8.62	2.76	6.59	20.44	8.83	15.55	3.08	18.78	17.79
8/13/2016 6:53:16 AM	0.00	0.36	1.32	0.61	0.00	0.00	0.00	0.52	2.29	99.27	21.29	11.96	0	356	595	18	0	0	0	0	969	278.70	8.75	2.74	6.47	20.48	8.88	15.63	3.09	18.77	17.77
8/13/2016 6:53:19 AM	0.00	0.36	1.35	0.63	0.00	0.00	0.00	0.53	2.35	99.18	21.38	11.98	0	363	609	19	0	0	0	0	991	278.45	8.93	2.91	6.65	21.12	9.03	16.16	3.10	18.74	17.75
8/13/2016 6:53:22 AM	0.00	0.41	1.38	0.57	0.00	0.00	0.00	0.53	2.36	99.09	21.49	11.97	0	408	621	17	0	0	0	0	1046	278.21	8.77	2.77	6.79	20.90	9.12	15.98	3.11	18.72	17.73
8/13/2016 6:53:25 AM	0.00	0.39	1.35	0.61	0.00	0.00	0.00	0.54	2.35	99.00	21.60	11.96	0	394	606	18	0	0	0	0	1018	277.94	8.87	2.87	6.78	21.09	9.11	16.02	3.12	18.69	17.73
8/13/2016 6:53:27 AM	0.00	0.40	1.38	0.60	0.00	0.00	0.00	0.53	2.39	98.26	21.71	11.93	0	404	622	18	0	0	0	0	1044	275.88	9.04	2.93	6.88	21.12	9.14	16.11	3.13	18.67	17.68
8/13/2016 6:53:30 AM	0.00	0.40	1.49	0.74	0.00	0.00	0.00	0.53	2.62	96.56	21.78	11.90	0	398	669	22	0	0	0	0	1090	271.10	9.79	3.14	7.31	22.08	9.89	17.48	3.13	18.64	17.68
8/13/2016 6:53:33 AM	0.00	0.41	1.54	0.78	0.00	0.00	0.00	0.54	2.73	96.13	21.87	11.95	0	413	692	23	0	0	0	0	1128	269.89	10.04	3.22	7.56	22.53	10.23	18.05	3.14	18.62	17.68
8/13/2016 6:53:36 AM	0.05	0.40	1.52	0.82	0.00	0.00	0.00	0.53	2.78	94.91	21.96	11.95	24	398	683	25	0	0	0	0	1130	266.44	10.10	3.17	7.55	22.57	10.43	18.32	3.15	18.60	17.63
8/13/2016 6:53:39 AM	0.01	0.47	1.64	0.79	0.00	0.00	0.00	0.54	2.91	94.12	22.03	11.89	6	472	739	24	0	0	0	0	1241	264.25	10.45	3.43	8.14	23.19	10.73	18.86	3.16	18.57	17.62
8/13/2016 6:53:41 AM	0.00	0.51	1.86	0.69	0.00	0.00	0.00	0.53	3.06	92.50	22.11	11.86	0	508	835	21	0	0	0	0	1364	259.68	10.92	3.39	8.42	23.68	10.82	19.53	3.17	18.56	17.60
8/13/2016 6:53:44 AM	0.14	0.62	2.27	0.67	0.00	0.00	0.00	0.56	3.70	87.35	22.19	11.79	76	615	1022	20	0	0	0	0	1734	245.23	12.44	3.79	9.84	26.70	12.09	22.94	3.17	18.53	17.61
8/13/2016 6:53:47 AM	0.08	0.64	2.41	0.69	0.00	0.00	0.00	0.56	3.81	88.62	22.28	11.82	40	643	1083	21	0	0	0	0	1786	248.79	12.93	3.80	10.13	27.23	12.48	23.57	3.18	18.50	17.58
8/13/2016 6:53:50 AM	0.12	0.80	2.77	0.69	0.00	0.00	0.00	0.56	4.37	84.60	22.35	11.80	63	797	1245	21	0	0	0	0	2126	237.48	14.29	4.28	11.71	29.17	13.83	25.99	3.19	18.49	17.57
8/13/2016 6:53:52 AM	0.34	0.98	3.24	0.71	0.00	0.00	0.00	0.57	5.27	81.26	22.43	11.74	179	977	1459	21	0	0	0	0	2636	228.12	16.31	4.66	13.78	32.65	15.90	30.14	3.20	18.47	17.55
