Date/Time	Green Algae	Bluegreen	Diatoms	Cryptophyta	#4	#5	#6	Yellow substances	Total conc.	Transmission	Depth	Temp. Sample	Green Algae	Bluegreen	Diatoms	Cryptophyta	#4	#5	#6	Yellow substances	Total cell count	Trans. 700 nm	LED 3 [525 nm]	LED 4 [570 nm]	LED 5 [610 nm]	LED 6 [370 nm]	LED 7 [590 nm]	LED 8 [470 nm]	Pressure	Temp. LEDs	Temp. Sensor
date	µg/l	µg/l	µg/l	µg/l	µg/l	µg/l	µg/l	µg/l	µg/l	%	m	°C	cells/ml	cells/ml	cells/ml	cells/ml	cells/ml	cells/ml	cells/ml	cells/ml	cells/ml	digits	digits	digits	digits	digits	digits	digits	bar	°C	°C
8/13/2016 12:39:39 AM	0.00	0.72	0.00	0.00	0.00	0.00	0.00	0.00	0.72	63.72	0.13	24.54	0	715	0	0	0	0	0	0	715	178.83	0.32	0.39	5.04	0.81	6.36	-0.23	1.01	23.06	19.64
8/13/2016 12:39:42 AM	0.00	0.71	0.00	0.00	0.00	0.00	0.00	0.00	0.71	63.68	0.16	24.51	0	715	0	0	0	0	0	0	715	178.73	0.31	0.37	5.01	0.89	6.36	-0.28	1.02	23.09	19.67
8/13/2016 12:39:45 AM	2.40	0.00	1.11	0.24	0.00	0.00	0.00	0.02	3.76	100.00	0.43	26.98	1274	0	501	7	0	0	0	0	1782	324.39	6.59	1.80	5.38	15.11	7.48	18.40	1.04	23.12	19.70
8/13/2016 12:39:48 AM	2.33	0.05	1.14	0.20	0.00	0.00	0.00	0.02	3.71	100.00	0.69	27.65	1234	45	512	6	0	0	0	0	1797	325.06	6.51	1.86	5.56	14.87	7.45	18.01	1.07	23.16	19.72
8/13/2016 12:39:51 AM	2.32	0.08	1.17	0.15	0.00	0.00	0.00	0.01	3.72	100.00	0.82	27.67	1228	83	525	5	0	0	0	0	1840	325.20	6.45	1.81	5.70	14.67	7.48	17.82	1.08	23.21	19.72
8/13/2016 12:39:53 AM	2.31	0.03	1.12	0.20	0.00	0.00	0.00	0.02	3.66	100.00	0.95	27.67	1222	31	505	6	0	0	0	0	1764	325.06	6.45	1.75	5.40	14.77	7.38	17.84	1.09	23.25	19.68
8/13/2016 12:39:56 AM	2.38	0.01	1.15	0.23	0.00	0.00	0.00	0.01	3.77	100.00	1.06	27.64	1260	9	519	7	0	0	0	0	1795	325.10	6.64	1.83	5.46	15.06	7.47	18.41	1.10	23.28	19.74
8/13/2016 12:39:59 AM	2.39	0.00	1.18	0.21	0.00	0.00	0.00	0.01	3.79	100.00	1.15	27.58	1269	0	533	6	0	0	0	0	1809	324.64	6.68	1.88	5.40	15.08	7.41	18.56	1.11	23.34	19.73
8/13/2016 12:40:02 AM	2.36	0.02	1.12	0.21	0.00	0.00	0.00	0.02	3.72	100.00	1.26	27.41	1253	23	505	6	0	0	0	0	1787	324.59	6.52	1.82	5.45	14.98	7.42	18.15	1.12	23.38	19.76
8/13/2016 12:40:05 AM	2.48	0.03	1.21	0.18	0.00	0.00	0.00	0.00	3.90	100.00	1.40	27.45	1314	28	544	5	0	0	0	0	1892	324.79	6.71	1.89	5.66	15.26	7.51	18.85	1.14	23.42	19.70
8/13/2016 12:40:07 AM	2.41	0.04	1.19	0.18	0.00	0.00	0.00	0.01	3.82	100.00	1.55	27.48	1275	41	535	6	0	0	0	0	1857	324.77	6.66	1.86	5.64	15.21	7.51	18.54	1.15	23.45	19.76
8/13/2016 12:40:10 AM	2.41	0.03	1.20	0.22	0.00	0.00	0.00	0.01	3.86	100.00	1.69	27.52	1277	29	538	7	0	0	0	0	1851	324.70	6.78	1.86	5.65	15.20	7.65	18.71	1.17	23.49	19.77
8/13/2016 12:40:13 AM	2.47	0.03	1.19	0.21	0.00	0.00	0.00	0.00	3.90	100.00	1.81	27.50	1309	35	534	6	0	0	0	0	1884	325.23	6.76	1.82	5.70	15.29	7.69	18.84	1.18	23.53	19.80
8/13/2016 12:40:16 AM	2.45	0.02	1.11	0.26	0.00	0.00	0.00	0.01	3.83	100.00	1.94	27.48	1296	15	500	8	0	0	0	0	1819	325.12	6.68	1.88	5.59	15.27	7.66	18.64	1.19	23.57	19.79
8/13/2016 12:40:19 AM	2.43	0.06	1.28	0.18	0.00	0.00	0.00	0.00	3.94	100.00	2.07	27.40	1287	59	574	5	0	0	0	0	1926	324.80	6.94	1.90	5.89	15.48	7.75	19.06	1.20	23.62	19.80
8/13/2016 12:40:21 AM	2.34	0.04	1.11	0.27	0.00	0.00	0.00	0.03	3.76	100.00	2.20	27.36	1241	37	498	8	0	0	0	0	1784	324.76	6.69	1.90	5.64	15.24	7.72	18.34	1.22	23.65	19.81
8/13/2016 12:40:24 AM	2.28	0.07	1.20	0.25	0.00	0.00	0.00	0.02	3.80	100.00	2.34	27.28	1209	67	539	8	0	0	0	0	1822	324.93	6.87	1.86	5.81	15.19	7.88	18.42	1.23	23.69	19.84
8/13/2016 12:40:27 AM	2.31	0.05	1.15	0.31	0.00	0.00	0.00	0.03	3.82	100.00	2.44	27.23	1223	50	516	9	0	0	0	0	1799	324.77	6.94	1.98	5.83	15.49	7.97	18.65	1.24	23.73	19.83
8/13/2016 12:40:30 AM	2.41	0.08	1.16	0.30	0.00	0.00	0.00	0.01	3.96	100.00	2.56	27.21	1279	82	522	9	0	0	0	0	1892	324.62	7.00	2.04	6.14	15.50	8.21	18.96	1.25	23.77	19.82
8/13/2016 12:40:32 AM	2.24	0.08	1.16	0.37	0.00	0.00	0.00	0.04	3.84	100.00	2.71	27.19	1187	81	521	11	0	0	0	0	1800	324.35	7.16	2.15	6.11	15.72	8.29	18.77	1.27	23.81	19.84
8/13/2016 12:40:35 AM	2.44	0.10	1.17	0.34	0.00	0.00	0.00	0.02	4.05	100.00	2.84	27.17	1292	98	527	10	0	0	0	0	1928	324.88	7.25	2.06	6.36	16.03	8.56	19.46	1.28	23.83	19.83
8/13/2016 12:40:38 AM	2.26	0.07	1.21	0.37	0.00	0.00	0.00	0.03	3.91	100.00	2.97	27.17	1200	74	545	11	0	0	0	0	1830	324.14	7.33	2.08	6.14	15.88	8.40	19.13	1.29	23.89	19.87
8/13/2016 12:40:41 AM	2.37	0.06	1.31	0.42	0.00	0.00	0.00	0.02	4.16	100.00	3.12	27.19	1255	63	590	13	0	0	0	0	1921	324.40	7.85	2.32	6.48	16.54	8.76	20.34	1.31	23.93	19.90
8/13/2016 12:40:44 AM	2.42	0.06	1.24	0.43	0.00	0.00	0.00	0.02	4.16	100.00	3.20	27.15	1284	61	559	13	0	0	0	0	1917	324.50	7.72	2.24	6.43	16.55	8.80	20.26	1.31	23.97	19.91
8/13/2016 12:40:46 AM	2.37	0.08	1.36	0.37	0.00	0.00	0.00	0.02	4.18	100.00	3.37	27.14	1258	84	612	11	0	0	0	0	1965	324.24	7.87	2.19	6.53	16.63	8.78	20.40	1.33	24.01	19.91
8/13/2016 12:40:49 AM	2.39	0.07	1.40	0.49	0.00	0.00	0.00	0.01	4.35	100.00	3.55	27.15	1267	72	630	15	0	0	0	0	1983	323.94	8.41	2.44	6.84	17.23	9.30	21.32	1.35	24.03	19.92
8/13/2016 12:40:52 AM	2.49	0.06	1.42	0.53	0.00	0.00	0.00	0.00	4.51	100.00	3.66	27.12	1318	65	641	16	0	0	0	0	2039	324.25	8.66	2.51	7.03	17.57	9.57	22.00	1.36	24.08	19.96
8/13/2016 12:40:55 AM	2.44	0.07	1.37	0.48	0.00	0.00	0.00	0.01	4.36	100.00	3.75	27.07	1294	65	618	14	0	0	0	0	1992	324.07	8.30	2.35	6.77	17.14	9.25	21.28	1.37	24.12	19.97
8/13/2016 12:40:58 AM	2.52	0.06	1.36	0.49	0.00	0.00	0.00	0.00	4.43	100.00	3.87	27.05	1337	58	614	15	0	0	0	0	2024	324.10	8.32	2.50	6.86	17.18	9.25	21.55	1.38	24.16	19.96
8/13/2016 12:41:00 AM	2.46	0.09	1.47	0.45	0.00	0.00	0.00	0.01	4.47	100.00	3.95	27.06	1303	92	660	14	0	0	0	0	2068	323.99	8.55	2.47	7.05	17.48	9.40	21.77	1.39	24.19	20.01
8/13/2016 12:41:03 AM	2.51	0.04	1.38	0.52	0.00	0.00	0.00	0.00	4.46	100.00	4.03	27.02	1333	42	620	16	0	0	0	0	2011	324.38	8.46	2.41	6.82	17.28	9.39	21.77	1.39	24.22	20.03
8/13/2016 12:41:06 AM	2.52	0.08	1.39	0.47	0.00	0.00	0.00	0.00	4.46	100.00	4.13	26.98	1335	80	625	14	0	0	0	0	2054	323.84	8.36	2.48	6.97	17.33	9.32	21.61	1.40	24.26	20.05
8/13/2016 12:41:09 AM	2.53	0.05	1.37	0.62	0.00	0.00	0.00	0.00	4.57	100.00	4.21	26.98	1342	50	616	18	0	0	0	0	2027	323.68	8.78	2.53	7.08	17.74	9.86	22.29	1.41	24.30	20.05
8/13/2016 12:41:11 AM	2.56	0.06	1.44	0.59	0.00	0.00	0.00	0.00	4.65	100.00	4.29	26.96	1355	62	650	18	0	0	0	0	2084	324.23	8.94	2.57	7.26	17.92	9.90	22.73	1.42	24.34	20.06
8/13/2016 12:41:14 AM	2.58	0.06	1.38	0.69	0.00	0.00	0.00	0.01	4.70	100.00	4.40	26.94	1367	57	620	21	0	0	0	0	2064	323.55	9.11	2.66	7.36	18.24	10.28	22.93	1.43	24.37	20.08
8/13/2016 12:41:17 AM	2.67	0.04	1.21	0.72	0.00	0.00	0.00	0.01	4.64	100.00	4.48	26.94	1414	45	547	21	0	0	0	0	2027	323.41	8.73	2.56	7.19	17.94	10.21	22.49	1.44	24.41	20.08
8/13/2016 12:41:20 AM	2.65	0.13	1.37	0.76	0.00	0.00	0.00	0.00	4.91	100.00	4.60	26.89	1406	129	618	23	0	0	0	0	2176	323.32	9.44	2.89	8.06	18.73	11.00	23.57	1.45	24.44	20.09
8/13/2016 12:41:23 AM	2.52	0.16	1.50	0.81	0.00	0.00	0.00	0.01	4.99	100.00	4.72	26.88	1335	160	675	24	0	0	0	0	2193	323.11	9.97	3.03	8.41	19.13	11.44	24.04	1.46	24.48	20.10
8/13/2016 12:41:25 AM	2.54	0.16	1.37	0.84	0.00	0.00	0.00	0.02	4.91	100.00	4.79	26.87	1346	161	615	25	0	0	0	0	2146	323.59	9.69	3.07	8.35	18.98	11.39	23.60	1.47	24.51	20.14
8/13/2016 12:41:28 AM	2.56	0.17	1.37	0.80	0.00	0.00	0.00	0.02	4.90	100.00	4.88	26.87	1355	171	618	24	0	0	0	0	2168	323.35	9.60	2.98	8.33	18.93	11.32	23.51	1.48	24.54	20.16
8/13/2016 12:41:31 AM	2.53	0.16	1.37	0.85	0.00	0.00	0.00	0.01	4.91	100.00	4.98	26.87	1341	161	618	25	0	0	0	0	2145	323.30	9.70	3.10	8.36	18.89	11.39	23.58	1.49	24.57	20.17
8/13/2016 12:41:34 AM	2.52	0.18	1.40	0.91	0.00	0.00	0.00	0.02	5.02	100.00	5.10	26.84	1337	182	631	27	0	0	0	0	2177	323.23	10.06	3.10	8.64	19.36	11.89	24.10	1.50	24.62	20.18
8/13/2016 12:41:37 AM	2.55	0.18	1.51	0.87	0.00	0.00	0.00	0.01	5.12	100.00	5.21	26.82	1354	181	680	26	0	0	0	0	2241	322.51	10.26	3.16	8.74	19.62	11.86	24.61	1.51	24.64	20.18
8/13/2016 12:41:39 AM	2.49	0.22	1.49	0.93	0.00	0.00	0.00	0.02	5.13	100.00	5.29	26.80	1318	221	669	28	0	0	0	0	2236	322.81	10.42	3.28	9.04	19.81	12.25	24.61	1.52	24.68	20.23
8/13/2016 12:41:42 AM	2.44	0.20	1.24	1.49	0.00	0.00	0.00	0.06	5.36	100.00	5.41	26.72	1294	197	556	45	0	0	0	0	2092	322.40	11.51	3.76	9.74	21.16	14.19	25.98	1.53	24.71	20.23
8/13/2016 12:41:45 AM	2.54	0.24	1.47	1.46	0.00	0.00	0.00	0.06	5.71	100.00	5.48	26.66	1346	240	663	44	0	0	0	0	2293	322.11	12.34	4.06	10.45	22.65	14.70	27.81	1.54	24.74	20.23
8/13/2016 12:41:48 AM	2.41	0.29	1.69	1.21	0.00	0.00	0.00	0.08	5.60	100.00	5.52	26.65	1277	289	761	36	0	0	0	0	2363	321.96	12.22	4.03	10.41	22.85	13.98	27.52	1.54	24.77	20.26
8/13/2016 12:41:51 AM	2.16	0.31	1.99	1.25	0.00	0.00	0.00	0.11	5.71	100.00	5.61	26.57	1143	310	898	38	0	0	0	0	2388	321.50	13.27	4.23	10.80	24.16	14.45	28.73	1.55	24.81	20.29
8/13/2016 12:41:53 AM	1.35	0.60	2.31	2.47	0.00	0.00	0.00	0.33	6.74	100.00	5.70	26.51	718	601	1041	74	0	0	0	0	2433	320.83	18.76	7.03	15.40	32.30	20.67	35.49	1.56	24.84	20.29
8/13/2016 12:41:56 AM	1.29	0.36	3.18	2.06	0.00	0.00	0.00	0.27	6.90	100.00	5.76	26.41	682	364	1433	62	0	0	0	0	2541	319.96	19.79	6.14	13.92	32.84	19.09	37.74	1.56	24.86	20.32
8/13/2016 12:41:59 AM	1.46	0.32	3.34	2.07	0.00	0.00	0.00	0.25	7.20	100.00	5.84	26.16	776	321	1503	62	0	0	0	0	2663	320.31	20.35	6.27	14.10	33.66	19.27	39.31	1.57	24.91	20.30
8/13/2016 12:42:02 AM	1.30	0.34	3.76	2.11	0.00	0.00	0.00	0.24	7.51	100.00	5.94	25.41	688	343	1692	63	0	0	0	0	2786	319.95	21.69	6.65	14.77	34.85	19.90	41.20	1.58	24.93	20.31
8/13/2016 12:42:04 AM	1.34	0.29	4.29	2.94	0.00	0.00	0.00	0.28	8.85	100.00	6.08	24.97	708	285	1930	88	0	0	0	0	3011	319.34	26.37	7.63	17.01	41.09	24.30	49.18	1.60	24.96	20.35
8/13/2016 12:42:07 AM	1.42	0.27	4.85	2.47	0.00	0.00	0.00	0.21	9.01	100.00	6.19	24.82	752	270	2182	74	0	0	0	0	3279	319.68	26.45	7.58	16.81	40.75	22.89	49.96	1.61	24.98	20.36
8/13/2016 12:42:10 AM	1.27	0.33	5.37	2.44	0.00	0.00	0.00	0.22	9.40	100.00	6.30	24.54	673	326	2414	73	0	0	0	0	3487	319.57	27.98	8.21	17.78	42.69	23.45	52.38	1.62	25.01	20.36
8/13/2016 12:42:13 AM	1.63	0.27	5.42	2.70	0.00	0.00	0.00	0.17	10.02	100.00	6.39	24.64	865	266	2440	81	0	0	0	0	3651	319.25	29.11	8.33	18.37	43.92	24.84	55.15	1.63	25.04	20.38
8/13/2016 12:42:16 AM	1.29	0.15	5.82	3.04	0.00	0.00	0.00	0.18	10.29	100.00	6.49	24.33	682	150	2617	91	0	0	0	0	3540	318.94	31.20	8.64	18.54	45.68	25.99	57.74	1.64	25.05	20.39
8/13/2016 12:42:18 AM	1.18	0.33	6.46	2.78	0.00	0.00	0.00	0.20	10.75	100.00	6.58	23.97	624	333	2907	83	0	0	0	0	3948	318.80	32.55	9.12	20.01	47.82	26.50	60.05	1.65	25.08	20.41
8/13/2016 12:42:21 AM	0.93	0.32	6.41	3.24	0.00	0.00	0.00	0.25	10.91	100.00	6.62	23.62	495	321	2885	97	0	0	0	0	3799	318.81	33.96	9.54	20.66	49.57	28.26	61.55	1.65	25.10	20.41
8/13/2016 12:42:24 AM	1.17	0.20	6.18	3.25	0.00	0.00	0.00	0.20	10.80	100.00	6.68	23.48	619	205	2780	98	0	0	0	0	3702	318.82	33.12	9.35	19.84	48.13	27.54	60.71	1.65	25.12	20.42
8/13/2016 12:42:27 AM	1.05	0.33	6.27	3.66	0.00	0.00	0.00	0.25	11.31	100.00	6.76	23.25	555	334	2821	110	0	0	0	0	3820	318.37	34.97	10.15	21.64	50.84	29.99	63.30	1.66	25.14	20.45
8/13/2016 12:42:30 AM	0.96	0.25	6.82	3.55	0.00	0.00	0.00	0.21	11.58	100.00	6.82	22.99	508	246	3071	107	0	0	0	0	3932	319.07	36.10	10.55	21.64	51.48	29.54	65.28	1.67	25.16	20.45
8/13/2016 12:42:32 AM	0.83	0.18	7.34	3.38	0.00	0.00	0.00	0.23	11.73	100.00	6.94	23.09	437	180	3305	102	0	0	0	0	4024	318.64	37.17	10.34	21.38	53.14	29.20	67.20	1.68	25.18	20.44
8/13/2016 12:42:35 AM	0.61	0.16	7.42	3.52	0.00	0.00	0.00	0.23	11.70	100.00	7.10	22.70	323	157	3338	106	0	0	0	0	3923	317.98	37.67	10.52	21.42	53.13	29.53	67.34	1.70	25.20	20.50
8/13/2016 12:42:38 AM	0.14	0.11	7.03	3.71	0.00	0.00	0.00	0.30	10.99	100.00	7.27	22.15	77	108	3163	111	0	0	0	0	3459	317.82	36.86	10.31	20.46	51.94	29.14	64.52	1.71	25.22	20.49
8/13/2016 12:42:41 AM	0.21	0.13	6.77	3.73	0.00	0.00	0.00	0.30	10.84	100.00	7.36	21.93	111	130	3046	112	0	0	0	0	3400	318.07	36.11	10.53	20.45	51.01	28.85	63.30	1.72	25.23	20.52
8/13/2016 12:42:44 AM	0.17	0.07	6.92	4.03	0.00	0.00	0.00	0.28	11.19	100.00	7.44	21.53	91	71	3114	121	0	0	0	0	3397	317.92	37.51	10.80	20.90	52.20	30.12	65.42	1.73	25.25	20.51
8/13/2016 12:42:46 AM	0.00	0.00	7.01	4.08	0.00	0.00	0.00	0.26	11.10	100.00	7.53	21.69	0	0	3155	123	0	0	0	0	3278	317.82	37.69	11.02	20.46	51.54	29.82	65.23	1.74	25.25	20.54
8/13/2016 12:42:49 AM	0.00	0.12	7.24	4.05	0.00	0.00	0.00	0.21	11.41	100.00	7.61	21.65	0	118	3259	122	0	0	0	0	3498	317.67	38.66	11.50	21.64	51.61	30.32	65.80	1.75	25.26	20.57
8/13/2016 12:42:52 AM	0.00	0.06	7.32	4.25	0.00	0.00	0.00	0.20	11.64	100.00	7.66	21.24	0	61	3296	128	0	0	0	0	3485	317.57	39.36	11.82	21.87	52.35	30.98	67.27	1.75	25.28	20.55
8/13/2016 12:42:55 AM	0.00	0.00	6.90	4.39	0.00	0.00	0.00	0.19	11.28	100.00	7.78	21.03	0	0	3103	132	0	0	0	0	3235	317.48	38.93	11.61	20.96	50.63	30.63	64.92	1.76	25.28	20.55
8/13/2016 12:42:57 AM	0.00	0.00	6.42	4.57	0.00	0.00	0.00	0.23	10.99	100.00	7.91	19.74	0	0	2887	137	0	0	0	0	3024	317.17	38.31	11.56	20.87	49.98	30.67	63.13	1.77	25.29	20.58
8/13/2016 12:43:00 AM	0.00	0.04	6.06	4.50	0.00	0.00	0.00	0.24	10.60	100.00	7.98	19.04	0	42	2726	135	0	0	0	0	2903	317.55	37.01	11.51	20.57	48.46	29.93	60.69	1.78	25.30	20.60
8/13/2016 12:43:03 AM	0.00	0.00	4.83	4.65	0.00	0.00	0.00	0.25	9.48	100.00	8.10	18.54	0	0	2175	140	0	0	0	0	2314	317.48	34.61	11.11	18.77	43.78	28.33	53.44	1.79	25.30	20.63
8/13/2016 12:43:06 AM	0.00	0.00	5.18	4.79	0.00	0.00	0.00	0.25	9.97	100.00	8.15	18.15	0	0	2330	144	0	0	0	0	2474	317.65	35.61	11.44	19.65	45.78	29.59	56.62	1.80	25.31	20.60
8/13/2016 12:43:09 AM	0.00	0.11	5.18	4.67	0.00	0.00	0.00	0.25	9.96	100.00	8.22	17.86	0	110	2329	140	0	0	0	0	2579	317.73	35.02	11.52	20.20	45.41	29.59	56.14	1.81	25.31	20.59
8/13/2016 12:43:11 AM	0.00	0.11	4.70	4.35	0.00	0.00	0.00	0.26	9.17	100.00	8.39	17.09	0	110	2117	131	0	0	0	0	2357	317.40	33.05	10.84	18.79	42.54	27.37	51.40	1.82	25.30	20.63
8/13/2016 12:43:14 AM	0.00	0.06	4.69	4.29	0.00	0.00	0.00	0.25	9.03	100.00	8.49	16.20	0	56	2110	129	0	0	0	0	2295	317.08	32.34	10.57	18.24	41.99	26.92	51.13	1.83	25.30	20.62
8/13/2016 12:43:17 AM	0.00	0.03	4.82	4.34	0.00	0.00	0.00	0.27	9.19	100.00	8.58	16.15	0	31	2169	130	0	0	0	0	2330	316.73	33.07	10.82	18.44	43.20	27.13	52.34	1.84	25.29	20.62
8/13/2016 12:43:20 AM	0.00	0.11	4.77	4.32	0.00	0.00	0.00	0.26	9.20	100.00	8.63	16.03	0	110	2148	129	0	0	0	0	2388	316.58	32.78	10.85	18.81	42.69	27.38	51.87	1.85	25.28	20.63
8/13/2016 12:43:23 AM	0.00	0.01	4.47	4.20	0.00	0.00	0.00	0.27	8.69	100.00	8.78	15.82	0	14	2013	126	0	0	0	0	2154	316.87	31.63	10.40	17.52	41.14	25.92	49.43	1.86	25.28	20.66
8/13/2016 12:43:25 AM	0.00	0.10	4.27	4.00	0.00	0.00	0.00	0.28	8.37	100.00	8.93	15.64	0	100	1922	120	0	0	0	0	2142	317.15	29.97	10.21	17.33	39.83	25.22	47.52	1.87	25.26	20.67
8/13/2016 12:43:28 AM	0.00	0.06	3.59	3.52	0.00	0.00	0.00	0.32	7.17	100.00	9.06	14.79	0	57	1617	106	0	0	0	0	1780	315.89	26.35	8.73	14.86	35.95	22.16	41.29	1.89	25.25	20.69
8/13/2016 12:43:31 AM	0.00	0.10	3.47	3.58	0.00	0.00	0.00	0.32	7.15	100.00	9.18	14.81	0	100	1562	107	0	0	0	0	1769	315.58	25.77	8.92	15.13	35.62	22.47	41.06	1.90	25.24	20.69
8/13/2016 12:43:34 AM	0.00	0.04	3.64	3.44	0.00	0.00	0.00	0.30	7.12	100.00	9.26	14.74	0	41	1636	103	0	0	0	0	1780	314.99	25.50	8.50	14.58	35.28	22.00	41.30	1.91	25.22	20.68
8/13/2016 12:43:37 AM	0.00	0.16	3.68	3.34	0.00	0.00	0.00	0.30	7.18	100.00	9.34	14.55	0	157	1658	100	0	0	0	0	1915	314.81	25.53	8.69	15.20	35.43	22.10	41.09	1.92	25.21	20.68
8/13/2016 12:43:39 AM	0.00	0.08	2.88	3.14	0.00	0.00	0.00	0.34	6.10	100.00	9.45	14.36	0	83	1298	94	0	0	0	0	1475	313.74	22.31	7.56	13.03	31.85	19.90	35.54	1.93	25.18	20.68
8/13/2016 12:43:42 AM	0.00	0.15	2.45	2.92	0.00	0.00	0.00	0.37	5.52	100.00	9.58	14.03	0	149	1102	88	0	0	0	0	1339	314.02	20.22	7.14	12.35	29.92	18.71	32.19	1.94	25.15	20.71
8/13/2016 12:43:45 AM	0.00	0.16	2.40	2.86	0.00	0.00	0.00	0.37	5.43	100.00	9.69	13.75	0	164	1082	86	0	0	0	0	1331	313.57	19.95	7.02	12.24	29.64	18.47	31.63	1.95	25.14	20.68
8/13/2016 12:43:48 AM	0.00	0.23	2.45	2.79	0.00	0.00	0.00	0.37	5.46	100.00	9.78	13.76	0	226	1102	84	0	0	0	0	1411	313.41	19.75	6.95	12.50	29.65	18.62	31.64	1.96	25.11	20.71
8/13/2016 12:43:50 AM	0.00	0.21	2.43	2.79	0.00	0.00	0.00	0.38	5.43	100.00	9.90	13.80	0	210	1096	84	0	0	0	0	1389	313.26	19.76	6.94	12.38	29.72	18.49	31.58	1.97	25.09	20.69
8/13/2016 12:43:53 AM	0.00	0.12	2.35	2.94	0.00	0.00	0.00	0.38	5.40	100.00	9.98	13.97	0	117	1056	88	0	0	0	0	1261	313.75	19.86	7.03	12.04	29.74	18.52	31.81	1.98	25.05	20.74
8/13/2016 12:43:56 AM	0.00	0.22	2.46	2.74	0.00	0.00	0.00	0.38	5.42	100.00	10.08	14.41	0	224	1106	82	0	0	0	0	1412	311.82	19.35	6.91	12.39	29.58	18.46	31.65	1.99	25.03	20.70
8/13/2016 12:43:59 AM	0.00	0.20	2.22	2.39	0.00	0.00	0.00	0.38	4.80	100.00	10.20	14.65	0	196	997	72	0	0	0	0	1265	304.91	17.32	6.05	10.99	27.30	16.57	28.46	2.00	25.00	20.68
8/13/2016 12:44:02 AM	0.00	0.26	2.29	2.42	0.00	0.00	0.00	0.38	4.97	100.00	10.27	14.88	0	259	1028	73	0	0	0	0	1360	303.28	17.65	6.18	11.55	27.93	17.17	29.16	2.01	24.97	20.69
8/13/2016 12:44:04 AM	0.00	0.20	2.23	2.42	0.00	0.00	0.00	0.38	4.84	100.00	10.41	14.56	0	201	1002	72	0	0	0	0	1275	303.93	17.26	6.11	11.09	27.44	16.75	28.77	2.02	24.93	20.68
8/13/2016 12:44:07 AM	0.00	0.34	2.31	2.18	0.00	0.00	0.00	0.39	4.82	100.00	10.51	13.41	0	337	1038	65	0	0	0	0	1440	294.83	16.78	5.96	11.51	27.40	16.59	28.25	2.03	24.90	20.68
8/13/2016 12:44:10 AM	0.00	0.31	2.27	2.29	0.00	0.00	0.00	0.39	4.87	100.00	10.61	13.46	0	312	1022	69	0	0	0	0	1403	294.49	16.92	6.15	11.59	27.64	16.88	28.70	2.04	24.86	20.66
8/13/2016 12:44:13 AM	0.00	0.28	2.28	2.29	0.00	0.00	0.00	0.39	4.84	100.00	10.74	13.50	0	277	1025	69	0	0	0	0	1370	294.78	16.85	6.09	11.36	27.59	16.70	28.72	2.05	24.83	20.69
8/13/2016 12:44:16 AM	0.00	0.21	2.14	2.23	0.00	0.00	0.00	0.39	4.58	100.00	10.83	13.44	0	212	963	67	0	0	0	0	1242	294.92	16.26	5.52	10.51	26.67	16.08	27.50	2.06	24.80	20.68
8/13/2016 12:44:18 AM	0.00	0.24	2.22	2.25	0.00	0.00	0.00	0.39	4.71	100.00	10.91	13.27	0	242	1000	67	0	0	0	0	1310	295.34	16.65	5.85	10.94	27.11	16.30	28.06	2.07	24.75	20.67
8/13/2016 12:44:21 AM	0.04	0.34	2.25	2.14	0.00	0.00	0.00	0.39	4.76	100.00	10.99	13.45	20	335	1012	64	0	0	0	0	1431	296.79	16.33	5.81	11.34	27.11	16.43	27.95	2.08	24.71	20.62
8/13/2016 12:44:24 AM	0.00	0.22	2.07	2.24	0.00	0.00	0.00	0.39	4.53	100.00	11.10	13.65	0	220	934	67	0	0	0	0	1221	296.74	16.07	5.68	10.55	26.48	15.99	27.20	2.09	24.66	20.68
8/13/2016 12:44:27 AM	0.00	0.20	1.95	2.04	0.00	0.00	0.00	0.39	4.19	100.00	11.19	13.51	0	202	875	61	0	0	0	0	1138	297.37	14.97	5.20	9.75	25.22	14.91	25.42	2.10	24.62	20.60
8/13/2016 12:44:30 AM	0.00	0.19	1.88	1.93	0.00	0.00	0.00	0.40	4.00	100.00	11.29	13.34	0	188	846	58	0	0	0	0	1092	298.54	14.37	4.90	9.28	24.61	14.31	24.50	2.11	24.57	20.62
8/13/2016 12:44:32 AM	0.00	0.22	1.80	1.81	0.00	0.00	0.00	0.40	3.83	100.00	11.34	13.37	0	218	812	54	0	0	0	0	1085	299.83	13.76	4.86	9.14	23.88	13.77	23.44	2.11	24.53	20.62
8/13/2016 12:44:35 AM	0.07	0.22	1.87	1.81	0.00	0.00	0.00	0.39	3.96	100.00	11.43	13.75	39	215	840	54	0	0	0	0	1148	298.92	13.90	4.84	9.26	24.17	13.96	24.08	2.12	24.48	20.60
8/13/2016 12:44:38 AM	0.00	0.20	1.70	1.70	0.00	0.00	0.00	0.41	3.59	100.00	11.51	13.49	0	196	764	51	0	0	0	0	1011	300.06	13.01	4.53	8.55	23.20	13.08	22.33	2.13	24.45	20.60
8/13/2016 12:44:41 AM	0.18	0.25	1.68	1.74	0.00	0.00	0.00	0.39	3.84	100.00	11.58	13.75	94	246	754	52	0	0	0	0	1146	299.71	13.18	4.83	9.19	23.70	13.61	23.15	2.13	24.39	20.63
8/13/2016 12:44:43 AM	0.13	0.22	1.57	1.76	0.00	0.00	0.00	0.42	3.69	100.00	11.66	14.16	71	223	706	53	0	0	0	0	1053	300.00	12.93	4.53	8.82	23.60	13.52	22.61	2.14	24.35	20.59
8/13/2016 12:44:46 AM	0.00	0.15	1.57	1.76	0.00	0.00	0.00	0.41	3.48	100.00	11.72	13.82	0	148	706	53	0	0	0	0	907	299.89	12.83	4.44	8.20	22.81	12.93	21.83	2.15	24.31	20.57
8/13/2016 12:44:49 AM	0.13	0.23	1.68	1.73	0.00	0.00	0.00	0.39	3.77	100.00	11.78	13.84	69	235	758	52	0	0	0	0	1113	300.06	13.09	4.72	9.01	23.36	13.46	22.84	2.15	24.24	20.58
8/13/2016 12:44:52 AM	0.10	0.26	1.72	1.72	0.00	0.00	0.00	0.40	3.81	100.00	11.86	13.96	53	264	775	52	0	0	0	0	1144	300.12	13.25	4.71	9.20	23.69	13.68	23.03	2.16	24.20	20.54
8/13/2016 12:44:55 AM	0.13	0.26	1.65	1.65	0.00	0.00	0.00	0.41	3.69	100.00	11.89	13.88	68	256	744	49	0	0	0	0	1117	299.89	12.82	4.53	8.90	23.47	13.27	22.47	2.17	24.16	20.53
8/13/2016 12:44:57 AM	0.06	0.17	1.52	1.66	0.00	0.00	0.00	0.41	3.41	100.00	12.00	13.48	29	175	686	50	0	0	0	0	940	299.78	12.30	4.37	8.14	22.58	12.61	21.40	2.18	24.11	20.49
8/13/2016 12:45:00 AM	0.00	0.19	1.55	1.64	0.00	0.00	0.00	0.41	3.37	100.00	12.10	12.91	0	193	696	49	0	0	0	0	938	299.12	12.31	4.29	8.15	22.36	12.61	21.12	2.19	24.06	20.52
8/13/2016 12:45:03 AM	0.02	0.28	1.62	1.62	0.00	0.00	0.00	0.43	3.53	100.00	12.14	12.86	11	279	728	49	0	0	0	0	1066	297.51	12.59	4.52	8.82	23.19	13.06	21.77	2.19	24.00	20.55
8/13/2016 12:45:06 AM	0.15	0.27	1.50	1.63	0.00	0.00	0.00	0.41	3.55	100.00	12.21	13.04	80	269	675	49	0	0	0	0	1073	297.21	12.28	4.52	8.77	22.74	13.01	21.53	2.20	23.94	20.52
8/13/2016 12:45:09 AM	0.16	0.26	1.49	1.61	0.00	0.00	0.00	0.41	3.52	100.00	12.31	13.31	82	259	672	48	0	0	0	0	1061	292.54	12.19	4.42	8.64	22.72	12.90	21.43	2.21	23.90	20.42
8/13/2016 12:45:11 AM	0.10	0.31	1.68	1.60	0.00	0.00	0.00	0.41	3.69	100.00	12.37	13.32	56	307	757	48	0	0	0	0	1167	291.56	12.77	4.51	9.11	23.38	13.33	22.28	2.21	23.86	20.45
8/13/2016 12:45:14 AM	0.00	0.31	1.69	1.42	0.00	0.00	0.00	0.42	3.43	100.00	12.46	13.35	0	313	762	43	0	0	0	0	1117	287.04	12.23	4.33	8.67	22.63	12.46	21.02	2.22	23.80	20.41
8/13/2016 12:45:17 AM	0.00	0.30	1.82	1.39	0.00	0.00	0.00	0.42	3.51	100.00	12.51	13.00	0	301	820	42	0	0	0	0	1162	285.35	12.61	4.27	8.67	23.08	12.46	21.59	2.23	23.74	20.44
8/13/2016 12:45:20 AM	0.07	0.25	1.70	1.59	0.00	0.00	0.00	0.41	3.61	100.00	12.57	13.28	36	248	765	48	0	0	0	0	1096	285.15	12.71	4.56	8.75	23.18	12.91	22.17	2.23	23.69	20.41
8/13/2016 12:45:23 AM	0.00	0.31	1.69	1.43	0.00	0.00	0.00	0.44	3.43	100.00	12.68	13.47	0	314	761	43	0	0	0	0	1118	285.94	12.36	4.35	8.70	23.12	12.49	21.23	2.24	23.64	20.38
8/13/2016 12:45:25 AM	0.00	0.31	1.68	1.38	0.00	0.00	0.00	0.44	3.37	100.00	12.73	13.24	0	305	755	42	0	0	0	0	1102	284.64	12.14	4.23	8.51	22.87	12.27	20.93	2.25	23.58	20.41
8/13/2016 12:45:28 AM	0.00	0.25	1.62	1.42	0.00	0.00	0.00	0.43	3.29	100.00	12.84	13.00	0	245	728	43	0	0	0	0	1016	284.22	11.98	4.07	8.10	22.61	12.11	20.75	2.26	23.55	20.35
8/13/2016 12:45:31 AM	0.00	0.30	1.59	1.01	0.00	0.00	0.00	0.44	2.91	100.00	12.95	12.97	0	302	717	30	0	0	0	0	1050	284.91	10.72	3.41	7.42	21.25	10.64	18.50	2.27	23.48	20.35
8/13/2016 12:45:34 AM	0.00	0.26	1.48	1.15	0.00	0.00	0.00	0.44	2.89	100.00	13.04	13.05	0	257	668	35	0	0	0	0	959	284.70	10.74	3.76	7.40	21.21	10.70	18.56	2.28	23.44	20.34
8/13/2016 12:45:36 AM	0.00	0.30	1.44	0.97	0.00	0.00	0.00	0.43	2.71	100.00	13.18	12.72	0	295	647	29	0	0	0	0	971	286.72	10.20	3.34	7.09	20.21	10.13	17.17	2.29	23.38	20.35
8/13/2016 12:45:39 AM	0.02	0.27	1.35	1.05	0.00	0.00	0.00	0.43	2.69	100.00	13.21	12.58	12	273	605	32	0	0	0	0	922	286.49	9.81	3.46	7.05	20.13	10.25	17.31	2.29	23.32	20.31
8/13/2016 12:45:42 AM	0.03	0.27	1.39	0.94	0.00	0.00	0.00	0.43	2.63	100.00	13.31	12.55	18	266	627	28	0	0	0	0	939	286.84	9.61	3.32	6.83	20.01	9.83	17.11	2.30	23.27	20.31
8/13/2016 12:45:45 AM	0.00	0.26	1.21	0.86	0.00	0.00	0.00	0.44	2.33	100.00	13.45	12.58	0	259	546	26	0	0	0	0	831	288.25	8.92	3.05	6.29	19.10	9.13	15.47	2.32	23.22	20.25
8/13/2016 12:45:48 AM	0.00	0.33	1.32	0.72	0.00	0.00	0.00	0.43	2.37	100.00	13.53	12.59	0	329	596	22	0	0	0	0	946	290.24	8.93	3.06	6.58	18.99	9.00	15.31	2.33	23.15	20.27
8/13/2016 12:45:50 AM	0.00	0.27	1.34	0.79	0.00	0.00	0.00	0.45	2.40	100.00	13.60	12.73	0	269	605	24	0	0	0	0	898	290.70	9.13	3.01	6.36	19.53	9.09	15.94	2.33	23.11	20.25
8/13/2016 12:45:53 AM	0.00	0.37	1.33	0.74	0.00	0.00	0.00	0.46	2.44	100.00	13.70	13.02	0	370	599	22	0	0	0	0	992	291.33	8.92	3.18	6.93	19.73	9.39	15.89	2.34	23.05	20.17
8/13/2016 12:45:56 AM	0.00	0.29	1.22	0.80	0.00	0.00	0.00	0.45	2.31	100.00	13.78	12.85	0	290	551	24	0	0	0	0	865	290.92	8.66	3.08	6.38	19.20	9.05	15.43	2.35	23.02	20.22
8/13/2016 12:45:59 AM	0.00	0.31	1.25	0.70	0.00	0.00	0.00	0.45	2.26	100.00	13.85	12.52	0	308	565	21	0	0	0	0	893	291.78	8.47	2.87	6.27	18.89	8.81	15.04	2.36	22.95	20.16
8/13/2016 12:46:02 AM	0.00	0.28	1.17	0.75	0.00	0.00	0.00	0.46	2.20	100.00	13.90	12.47	0	276	525	23	0	0	0	0	824	291.28	8.50	2.97	6.12	18.91	8.67	14.81	2.36	22.89	20.17
8/13/2016 12:46:04 AM	0.00	0.34	1.20	0.69	0.00	0.00	0.00	0.46	2.23	100.00	14.04	12.46	0	337	540	21	0	0	0	0	898	291.38	8.35	2.83	6.36	18.89	8.87	14.75	2.38	22.85	20.13
8/13/2016 12:46:07 AM	0.00	0.31	1.27	0.73	0.00	0.00	0.00	0.46	2.31	100.00	14.14	12.46	0	311	573	22	0	0	0	0	905	289.80	8.78	3.08	6.45	19.32	8.88	15.33	2.39	22.78	20.10
8/13/2016 12:46:10 AM	0.00	0.30	1.32	0.68	0.00	0.00	0.00	0.45	2.30	100.00	14.23	12.52	0	301	593	20	0	0	0	0	914	287.98	8.57	3.00	6.33	19.20	8.75	15.42	2.39	22.74	20.11
8/13/2016 12:46:13 AM	0.00	0.34	1.35	0.70	0.00	0.00	0.00	0.46	2.39	100.00	14.32	12.69	0	336	606	21	0	0	0	0	964	287.19	8.78	3.13	6.66	19.52	9.04	15.74	2.40	22.69	20.09
8/13/2016 12:46:16 AM	0.08	0.29	1.27	0.78	0.00	0.00	0.00	0.46	2.42	100.00	14.44	12.81	43	291	570	23	0	0	0	0	928	286.77	8.81	2.80	6.40	19.67	9.30	15.99	2.42	22.63	20.03
8/13/2016 12:46:18 AM	0.00	0.38	1.34	0.62	0.00	0.00	0.00	0.46	2.35	100.00	14.53	12.63	0	384	604	19	0	0	0	0	1007	284.59	8.62	2.98	6.74	19.35	8.98	15.31	2.42	22.58	20.02
8/13/2016 12:46:21 AM	0.00	0.33	1.34	0.69	0.00	0.00	0.00	0.47	2.36	100.00	14.70	12.40	0	334	601	21	0	0	0	0	955	284.12	9.01	2.86	6.52	19.73	9.06	15.58	2.44	22.53	20.02
8/13/2016 12:46:24 AM	0.00	0.34	1.32	0.63	0.00	0.00	0.00	0.47	2.30	100.00	14.81	12.42	2	342	595	19	0	0	0	0	957	285.77	8.50	2.88	6.45	19.42	8.81	15.35	2.45	22.49	20.00
8/13/2016 12:46:27 AM	0.09	0.38	1.36	0.51	0.00	0.00	0.00	0.47	2.34	100.00	14.91	12.51	48	384	610	15	0	0	0	0	1057	285.71	8.32	2.72	6.56	19.51	8.69	15.34	2.46	22.42	19.99
8/13/2016 12:46:29 AM	0.00	0.36	1.37	0.61	0.00	0.00	0.00	0.46	2.33	100.00	14.99	12.45	0	357	615	18	0	0	0	0	990	286.65	8.78	2.98	6.59	19.45	8.76	15.32	2.47	22.39	19.95
8/13/2016 12:46:32 AM	0.05	0.35	1.25	0.68	0.00	0.00	0.00	0.48	2.33	100.00	15.08	12.48	26	349	563	20	0	0	0	0	958	286.16	8.54	2.71	6.49	19.72	9.15	15.49	2.48	22.32	19.90
8/13/2016 12:46:35 AM	0.00	0.32	1.27	0.55	0.00	0.00	0.00	0.48	2.15	100.00	15.18	12.46	0	323	572	17	0	0	0	0	911	286.07	8.25	2.69	6.07	19.11	8.29	14.62	2.49	22.28	19.90
8/13/2016 12:46:38 AM	0.00	0.36	1.28	0.59	0.00	0.00	0.00	0.46	2.23	100.00	15.32	12.49	0	357	577	18	0	0	0	0	952	286.87	8.37	2.86	6.41	19.09	8.60	14.79	2.50	22.23	19.91
8/13/2016 12:46:41 AM	0.00	0.29	1.13	0.61	0.00	0.00	0.00	0.47	2.03	100.00	15.46	12.37	0	294	507	18	0	0	0	0	819	288.56	7.79	2.52	5.75	18.52	8.26	14.04	2.52	22.16	19.91
8/13/2016 12:46:43 AM	0.00	0.40	1.23	0.53	0.00	0.00	0.00	0.46	2.15	100.00	15.55	12.42	0	399	553	16	0	0	0	0	967	287.99	7.98	2.71	6.42	18.64	8.52	14.16	2.52	22.12	19.88
8/13/2016 12:46:46 AM	0.04	0.30	1.09	0.69	0.00	0.00	0.00	0.48	2.12	100.00	15.63	12.42	22	295	492	21	0	0	0	0	830	288.41	7.98	2.80	6.02	18.88	8.55	14.51	2.53	22.07	19.83
8/13/2016 12:46:49 AM	0.03	0.26	1.03	0.70	0.00	0.00	0.00	0.47	2.02	100.00	15.71	12.35	18	256	462	21	0	0	0	0	757	289.28	7.76	2.62	5.66	18.54	8.35	14.12	2.54	22.03	19.80
8/13/2016 12:46:52 AM	0.00	0.27	1.09	0.61	0.00	0.00	0.00	0.47	1.98	100.00	15.82	12.47	0	270	492	18	0	0	0	0	781	288.92	7.73	2.66	5.63	18.37	8.00	13.84	2.55	21.98	19.80
8/13/2016 12:46:55 AM	0.00	0.29	1.00	0.62	0.00	0.00	0.00	0.47	1.90	100.00	15.87	12.44	0	286	451	18	0	0	0	0	755	289.56	7.60	2.72	5.64	18.04	7.88	13.22	2.56	21.93	19.79
8/13/2016 12:46:57 AM	0.12	0.32	1.05	0.66	0.00	0.00	0.00	0.49	2.16	100.00	15.98	12.57	65	325	473	20	0	0	0	0	882	289.43	7.85	2.81	6.18	19.16	8.59	14.58	2.57	21.87	19.73
8/13/2016 12:47:00 AM	0.00	0.30	1.08	0.63	0.00	0.00	0.00	0.47	2.01	100.00	16.11	12.55	0	303	488	19	0	0	0	0	810	289.83	7.76	2.78	5.88	18.31	8.18	13.81	2.58	21.81	19.74
8/13/2016 12:47:03 AM	0.00	0.28	1.06	0.63	0.00	0.00	0.00	0.49	1.97	100.00	16.18	12.36	0	276	478	19	0	0	0	0	774	291.69	7.74	2.70	5.69	18.63	8.07	13.89	2.59	21.79	19.71
8/13/2016 12:47:06 AM	0.00	0.34	1.14	0.57	0.00	0.00	0.00	0.48	2.06	100.00	16.25	12.48	0	341	513	17	0	0	0	0	872	291.15	7.75	2.70	6.06	18.65	8.31	14.06	2.59	21.74	19.70
8/13/2016 12:47:08 AM	0.00	0.32	1.06	0.65	0.00	0.00	0.00	0.51	2.03	100.00	16.33	12.43	0	325	477	19	0	0	0	0	821	293.13	7.89	2.74	6.02	19.20	8.43	14.18	2.60	21.68	19.69
8/13/2016 12:47:11 AM	0.10	0.36	1.09	0.68	0.00	0.00	0.00	0.52	2.22	100.00	16.37	12.38	51	357	489	20	0	0	0	0	917	294.30	8.16	2.84	6.44	20.07	8.92	15.10	2.60	21.64	19.65
8/13/2016 12:47:14 AM	0.01	0.28	1.07	0.67	0.00	0.00	0.00	0.49	2.03	100.00	16.47	12.57	5	281	483	20	0	0	0	0	789	293.73	7.85	2.75	5.82	19.01	8.31	14.31	2.61	21.58	19.68
8/13/2016 12:47:17 AM	0.00	0.27	1.06	0.60	0.00	0.00	0.00	0.49	1.93	100.00	16.54	12.41	0	267	477	18	0	0	0	0	762	294.29	7.65	2.53	5.51	18.48	7.94	13.69	2.62	21.53	19.65
8/13/2016 12:47:20 AM	0.00	0.32	1.06	0.59	0.00	0.00	0.00	0.48	1.97	100.00	16.62	12.50	0	318	477	18	0	0	0	0	813	295.72	7.59	2.65	5.84	18.47	8.15	13.68	2.63	21.50	19.61
8/13/2016 12:47:22 AM	0.00	0.29	0.89	0.59	0.00	0.00	0.00	0.49	1.77	100.00	16.74	12.42	0	291	401	18	0	0	0	0	710	296.74	7.10	2.60	5.44	17.73	7.67	12.59	2.64	21.46	19.55
8/13/2016 12:47:25 AM	0.00	0.29	0.84	0.59	0.00	0.00	0.00	0.50	1.72	100.00	16.82	12.26	0	292	377	18	0	0	0	0	687	297.21	6.91	2.47	5.34	17.78	7.68	12.42	2.65	21.41	19.52
8/13/2016 12:47:28 AM	0.00	0.28	0.88	0.56	0.00	0.00	0.00	0.49	1.72	100.00	16.92	12.25	0	282	395	17	0	0	0	0	694	298.07	7.00	2.43	5.28	17.75	7.57	12.47	2.66	21.36	19.49
8/13/2016 12:47:31 AM	0.00	0.26	0.80	0.66	0.00	0.00	0.00	0.49	1.72	100.00	17.02	12.25	0	257	362	20	0	0	0	0	639	297.31	6.99	2.55	5.25	17.62	7.73	12.48	2.67	21.32	19.51
8/13/2016 12:47:34 AM	0.00	0.31	0.84	0.60	0.00	0.00	0.00	0.49	1.76	100.00	17.11	12.24	0	310	379	18	0	0	0	0	707	298.55	7.00	2.56	5.52	17.75	7.82	12.48	2.68	21.28	19.52
8/13/2016 12:47:36 AM	0.00	0.30	0.80	0.64	0.00	0.00	0.00	0.49	1.74	100.00	17.17	12.27	0	302	358	19	0	0	0	0	679	297.20	6.96	2.60	5.49	17.52	7.87	12.32	2.68	21.22	19.46
8/13/2016 12:47:39 AM	0.00	0.30	0.88	0.58	0.00	0.00	0.00	0.49	1.76	100.00	17.20	12.32	0	297	397	18	0	0	0	0	712	298.10	7.01	2.48	5.42	17.78	7.76	12.60	2.69	21.19	19.44
8/13/2016 12:47:42 AM	0.00	0.30	0.76	0.67	0.00	0.00	0.00	0.50	1.73	100.00	17.28	12.39	0	304	340	20	0	0	0	0	664	298.00	6.87	2.59	5.50	17.63	7.96	12.34	2.69	21.16	19.41
8/13/2016 12:47:45 AM	0.00	0.31	0.85	0.63	0.00	0.00	0.00	0.49	1.79	100.00	17.36	12.34	0	307	383	19	0	0	0	0	709	297.80	7.12	2.61	5.57	17.82	7.91	12.62	2.70	21.10	19.41
8/13/2016 12:47:48 AM	0.00	0.28	0.86	0.62	0.00	0.00	0.00	0.49	1.76	100.00	17.42	12.33	0	277	385	19	0	0	0	0	681	297.81	7.06	2.52	5.36	17.74	7.77	12.62	2.71	21.06	19.39
8/13/2016 12:47:50 AM	0.00	0.30	0.85	0.57	0.00	0.00	0.00	0.50	1.72	100.00	17.53	12.25	0	296	383	17	0	0	0	0	696	298.83	6.93	2.50	5.37	17.71	7.63	12.39	2.72	21.01	19.39
8/13/2016 12:47:53 AM	0.00	0.26	0.79	0.68	0.00	0.00	0.00	0.50	1.73	100.00	17.61	12.26	0	259	357	20	0	0	0	0	637	298.73	7.01	2.57	5.29	17.94	7.82	12.66	2.73	20.97	19.31
8/13/2016 12:47:56 AM	0.00	0.34	1.01	0.56	0.00	0.00	0.00	0.50	1.91	100.00	17.67	12.28	0	340	454	17	0	0	0	0	811	299.14	7.35	2.59	5.83	18.46	8.07	13.37	2.73	20.94	19.33
8/13/2016 12:47:59 AM	0.00	0.30	0.86	0.64	0.00	0.00	0.00	0.50	1.80	100.00	17.77	12.39	0	296	387	19	0	0	0	0	703	299.75	7.19	2.58	5.54	18.11	7.97	12.86	2.74	20.89	19.33
8/13/2016 12:48:01 AM	0.00	0.28	0.87	0.62	0.00	0.00	0.00	0.50	1.77	100.00	17.88	12.34	0	279	393	19	0	0	0	0	690	301.09	7.08	2.60	5.41	18.11	7.76	12.86	2.75	20.85	19.30
8/13/2016 12:48:04 AM	0.00	0.29	0.79	0.71	0.00	0.00	0.00	0.51	1.78	100.00	17.96	12.24	0	286	355	21	0	0	0	0	662	300.07	7.29	2.68	5.54	18.11	8.04	12.73	2.76	20.82	19.26
8/13/2016 12:48:07 AM	0.00	0.28	0.83	0.62	0.00	0.00	0.00	0.50	1.74	100.00	18.10	12.21	0	285	375	19	0	0	0	0	679	300.67	7.07	2.58	5.40	17.97	7.74	12.59	2.77	20.77	19.26
8/13/2016 12:48:10 AM	0.00	0.33	0.82	0.58	0.00	0.00	0.00	0.50	1.73	100.00	18.17	12.15	0	330	370	17	0	0	0	0	717	300.35	6.90	2.60	5.58	17.79	7.75	12.30	2.78	20.73	19.24
8/13/2016 12:48:13 AM	0.00	0.30	0.86	0.63	0.00	0.00	0.00	0.51	1.79	100.00	18.25	12.20	0	300	389	19	0	0	0	0	708	301.12	7.10	2.59	5.54	18.21	7.93	12.90	2.79	20.67	19.25
8/13/2016 12:48:15 AM	0.00	0.29	0.78	0.64	0.00	0.00	0.00	0.51	1.71	100.00	18.36	12.22	0	288	352	19	0	0	0	0	659	299.85	6.96	2.61	5.39	17.95	7.74	12.43	2.80	20.65	19.17
8/13/2016 12:48:18 AM	0.00	0.26	0.77	0.72	0.00	0.00	0.00	0.51	1.75	100.00	18.49	12.23	0	255	345	22	0	0	0	0	622	300.10	7.18	2.63	5.35	18.09	7.95	12.74	2.81	20.61	19.15
8/13/2016 12:48:21 AM	0.00	0.28	0.81	0.74	0.00	0.00	0.00	0.52	1.82	100.00	18.59	12.29	0	283	363	22	0	0	0	0	667	299.61	7.37	2.71	5.61	18.55	8.21	13.15	2.82	20.56	19.14
8/13/2016 12:48:24 AM	0.00	0.30	0.83	0.63	0.00	0.00	0.00	0.51	1.76	100.00	18.68	12.28	0	300	375	19	0	0	0	0	694	300.26	6.99	2.55	5.48	18.13	7.90	12.75	2.83	20.54	19.10
8/13/2016 12:48:27 AM	0.00	0.28	0.79	0.69	0.00	0.00	0.00	0.51	1.75	100.00	18.78	12.33	0	278	356	21	0	0	0	0	654	299.84	7.14	2.59	5.43	18.18	7.96	12.75	2.84	20.49	19.11
8/13/2016 12:48:29 AM	0.00	0.30	0.81	0.63	0.00	0.00	0.00	0.50	1.74	100.00	18.85	12.30	0	300	365	19	0	0	0	0	684	300.21	6.99	2.55	5.46	17.89	7.84	12.51	2.85	20.47	19.10
8/13/2016 12:48:32 AM	0.00	0.31	0.87	0.60	0.00	0.00	0.00	0.50	1.78	100.00	18.92	12.25	0	312	391	18	0	0	0	0	721	300.72	7.03	2.55	5.55	18.04	7.90	12.76	2.85	20.41	19.03
8/13/2016 12:48:35 AM	0.00	0.26	0.79	0.61	0.00	0.00	0.00	0.50	1.66	100.00	19.03	12.20	0	260	356	18	0	0	0	0	635	300.02	6.80	2.48	5.14	17.59	7.53	12.25	2.86	20.37	19.06
8/13/2016 12:48:38 AM	0.00	0.24	0.72	0.68	0.00	0.00	0.00	0.50	1.64	100.00	19.17	12.11	0	238	326	20	0	0	0	0	584	301.51	6.79	2.50	5.06	17.49	7.59	12.16	2.88	20.35	19.01
8/13/2016 12:48:41 AM	0.00	0.27	0.78	0.64	0.00	0.00	0.00	0.50	1.69	100.00	19.27	12.07	0	272	349	19	0	0	0	0	641	301.82	6.84	2.54	5.27	17.75	7.70	12.38	2.89	20.30	19.01
8/13/2016 12:48:43 AM	0.00	0.26	0.71	0.66	0.00	0.00	0.00	0.51	1.63	100.00	19.41	12.13	0	265	319	20	0	0	0	0	604	302.17	6.64	2.52	5.16	17.52	7.64	12.09	2.90	20.28	18.97
8/13/2016 12:48:46 AM	0.00	0.26	0.64	0.67	0.00	0.00	0.00	0.51	1.58	100.00	19.55	12.12	0	265	290	20	0	0	0	0	575	302.65	6.66	2.45	5.09	17.40	7.60	11.71	2.92	20.24	18.94
8/13/2016 12:48:49 AM	0.00	0.27	0.68	0.62	0.00	0.00	0.00	0.51	1.57	100.00	19.67	12.08	0	272	306	18	0	0	0	0	597	302.98	6.63	2.35	5.05	17.37	7.48	11.63	2.93	20.19	18.94
8/13/2016 12:48:52 AM	0.00	0.26	0.75	0.60	0.00	0.00	0.00	0.51	1.61	100.00	19.77	12.13	0	257	339	18	0	0	0	0	615	301.41	6.69	2.39	5.04	17.64	7.46	12.09	2.94	20.16	18.91
8/13/2016 12:48:54 AM	0.00	0.31	0.74	0.51	0.00	0.00	0.00	0.52	1.57	100.00	19.88	12.19	0	310	335	15	0	0	0	0	661	301.26	6.56	2.36	5.17	17.53	7.30	11.59	2.95	20.13	18.93
8/13/2016 12:48:57 AM	0.00	0.28	0.75	0.60	0.00	0.00	0.00	0.51	1.63	100.00	20.01	12.14	0	278	340	18	0	0	0	0	635	299.24	6.65	2.49	5.18	17.69	7.51	12.12	2.96	20.11	18.87
8/13/2016 12:49:00 AM	0.00	0.30	0.75	0.53	0.00	0.00	0.00	0.52	1.58	100.00	20.09	12.04	0	303	336	16	0	0	0	0	655	296.82	6.67	2.42	5.19	17.63	7.31	11.69	2.97	20.07	18.85
8/13/2016 12:49:03 AM	0.00	0.29	0.78	0.57	0.00	0.00	0.00	0.52	1.64	100.00	20.17	12.03	0	287	351	17	0	0	0	0	656	296.54	6.77	2.46	5.23	17.87	7.50	12.17	2.98	20.03	18.84
8/13/2016 12:49:06 AM	0.00	0.31	0.89	0.50	0.00	0.00	0.00	0.52	1.71	100.00	20.30	12.05	0	313	401	15	0	0	0	0	729	296.78	6.95	2.48	5.39	18.13	7.46	12.46	2.99	19.99	18.82
8/13/2016 12:49:08 AM	0.00	0.32	0.95	0.48	0.00	0.00	0.00	0.50	1.74	100.00	20.46	12.01	0	317	429	14	0	0	0	0	759	293.14	7.03	2.37	5.40	18.04	7.50	12.57	3.01	19.97	18.81
8/13/2016 12:49:11 AM	0.00	0.30	0.86	0.57	0.00	0.00	0.00	0.52	1.73	100.00	20.56	12.00	0	302	387	17	0	0	0	0	706	292.95	6.96	2.52	5.43	18.25	7.70	12.71	3.01	19.94	18.79
8/13/2016 12:49:14 AM	0.00	0.33	0.95	0.56	0.00	0.00	0.00	0.52	1.84	100.00	20.74	11.99	0	327	427	17	0	0	0	0	771	291.76	7.43	2.54	5.68	18.64	7.91	13.07	3.03	19.90	18.75
8/13/2016 12:49:17 AM	0.00	0.33	0.92	0.49	0.00	0.00	0.00	0.51	1.74	100.00	20.85	11.96	0	331	414	15	0	0	0	0	760	291.00	7.02	2.33	5.46	18.12	7.64	12.51	3.04	19.87	18.75
8/13/2016 12:49:20 AM	0.00	0.30	0.89	0.59	0.00	0.00	0.00	0.52	1.78	100.00	20.96	11.94	0	303	401	18	0	0	0	0	722	289.80	7.24	2.52	5.51	18.54	7.82	12.94	3.05	19.84	18.69
8/13/2016 12:49:22 AM	0.00	0.30	0.87	0.62	0.00	0.00	0.00	0.52	1.79	100.00	21.12	11.96	0	303	391	18	0	0	0	0	713	288.61	7.30	2.51	5.53	18.49	7.92	12.89	3.07	19.80	18.67
8/13/2016 12:49:25 AM	0.00	0.31	0.94	0.64	0.00	0.00	0.00	0.51	1.89	100.00	21.26	11.93	0	312	423	19	0	0	0	0	754	288.14	7.52	2.72	5.78	18.73	8.11	13.43	3.08	19.76	18.68
8/13/2016 12:49:28 AM	0.00	0.35	1.04	0.62	0.00	0.00	0.00	0.52	2.02	100.00	21.41	11.88	0	354	468	19	0	0	0	0	841	285.37	7.87	2.76	6.14	19.28	8.43	14.00	3.10	19.74	18.67
8/13/2016 12:49:31 AM	0.00	0.37	1.20	0.69	0.00	0.00	0.00	0.52	2.27	99.88	21.56	11.85	0	374	542	21	0	0	0	0	937	280.41	8.62	2.95	6.66	20.43	9.12	15.47	3.11	19.70	18.66
8/13/2016 12:49:34 AM	0.00	0.40	1.45	0.75	0.00	0.00	0.00	0.53	2.60	96.72	21.68	11.80	0	400	654	22	0	0	0	0	1077	271.55	9.68	3.13	7.29	21.96	9.89	17.34	3.12	19.67	18.62
8/13/2016 12:49:36 AM	0.00	0.48	1.71	0.56	0.00	0.00	0.00	0.53	2.75	93.56	21.83	11.79	0	479	770	17	0	0	0	0	1266	262.67	9.94	3.08	7.71	22.44	9.88	17.93	3.14	19.64	18.59
8/13/2016 12:49:39 AM	0.00	0.52	1.79	0.54	0.00	0.00	0.00	0.53	2.85	91.91	21.95	11.79	0	521	804	16	0	0	0	0	1342	258.04	10.17	3.15	8.06	22.96	10.17	18.43	3.15	19.62	18.60
8/13/2016 12:49:42 AM	0.00	0.52	1.95	0.63	0.00	0.00	0.00	0.54	3.09	88.35	22.16	11.74	0	518	876	19	0	0	0	0	1414	248.03	11.14	3.30	8.45	24.01	10.76	19.75	3.17	19.58	18.58
8/13/2016 12:49:45 AM	0.00	0.59	2.23	0.53	0.00	0.00	0.00	0.54	3.35	86.98	22.27	11.71	0	591	1004	16	0	0	0	0	1611	244.18	11.70	3.41	9.09	25.03	11.14	21.07	3.18	19.55	18.54
8/13/2016 12:49:47 AM	0.02	0.67	2.39	0.52	0.00	0.00	0.00	0.55	3.61	86.00	22.33	11.72	11	669	1077	16	0	0	0	0	1773	241.42	12.31	3.57	9.84	26.34	11.84	22.38	3.19	19.52	18.53
8/13/2016 12:49:50 AM	0.02	0.74	2.59	0.59	0.00	0.00	0.00	0.55	3.94	84.47	22.37	11.71	13	741	1164	18	0	0	0	0	1935	237.12	13.21	3.83	10.71	27.44	12.78	23.87	3.19	19.49	18.53
