Date/Time	Green Algae	Bluegreen	Diatoms	Cryptophyta	#4	#5	#6	Yellow substances	Total conc.	Transmission	Depth	Temp. Sample	Green Algae	Bluegreen	Diatoms	Cryptophyta	#4	#5	#6	Yellow substances	Total cell count	Trans. 700 nm	LED 3 [525 nm]	LED 4 [570 nm]	LED 5 [610 nm]	LED 6 [370 nm]	LED 7 [590 nm]	LED 8 [470 nm]	Pressure	Temp. LEDs	Temp. Sensor
date	µg/l	µg/l	µg/l	µg/l	µg/l	µg/l	µg/l	µg/l	µg/l	%	m	°C	cells/ml	cells/ml	cells/ml	cells/ml	cells/ml	cells/ml	cells/ml	cells/ml	cells/ml	digits	digits	digits	digits	digits	digits	digits	bar	°C	°C
6/26/2016 11:29:55 AM	2.68	0.00	0.72	0.00	0.00	0.00	0.00	0.23	3.40	100.00	0.29	24.26	1422	0	323	0	0	0	0	0	1745	322.43	5.29	2.40	4.87	18.10	4.73	18.52	1.03	21.32	18.24
6/26/2016 11:29:58 AM	2.75	0.00	0.96	0.29	0.00	0.00	0.00	0.01	4.00	100.00	0.49	25.20	1459	0	430	9	0	0	0	0	1897	285.44	6.33	2.43	3.87	15.48	8.37	19.63	1.05	21.35	18.33
6/26/2016 11:30:01 AM	1.69	0.14	1.98	0.39	0.00	0.00	0.00	0.21	4.21	100.00	0.61	25.23	898	142	890	12	0	0	0	0	1942	325.66	10.16	2.51	7.18	21.45	9.57	23.15	1.06	21.39	18.29
6/26/2016 11:30:04 AM	1.70	0.00	2.37	0.00	0.00	0.00	0.00	0.10	4.07	100.00	0.70	25.16	903	0	1065	0	0	0	0	0	1967	326.09	9.53	1.98	4.06	19.13	7.75	23.10	1.07	21.43	18.34
6/26/2016 11:30:07 AM	0.75	0.00	3.48	0.00	0.00	0.00	0.00	0.05	4.24	100.00	0.89	25.13	399	0	1568	0	0	0	0	0	1966	326.22	12.46	0.85	4.77	19.54	7.24	25.48	1.09	21.48	18.34
6/26/2016 11:30:09 AM	1.38	0.05	2.88	0.18	0.00	0.00	0.00	0.10	4.49	100.00	1.07	25.18	730	52	1296	6	0	0	0	0	2084	324.67	11.74	2.50	7.01	21.17	9.09	25.10	1.11	21.52	18.32
6/26/2016 11:30:12 AM	2.05	0.08	2.69	0.02	0.00	0.00	0.00	0.12	4.84	100.00	1.21	25.15	1085	79	1210	1	0	0	0	0	2374	324.76	11.26	1.21	6.91	22.57	9.64	26.30	1.12	21.55	18.32
6/26/2016 11:30:15 AM	2.09	0.00	2.70	0.43	0.00	0.00	0.00	0.00	5.22	100.00	1.35	25.03	1109	0	1214	13	0	0	0	0	2336	327.51	11.98	2.44	6.05	20.51	11.13	28.34	1.13	21.60	18.41
6/26/2016 11:30:18 AM	1.31	0.09	3.08	0.27	0.00	0.00	0.00	0.15	4.76	100.00	1.48	24.96	695	89	1388	8	0	0	0	0	2180	324.80	12.95	1.63	7.31	23.27	10.60	26.95	1.14	21.64	18.34
6/26/2016 11:30:20 AM	3.13	0.00	2.78	0.00	0.00	0.00	0.00	0.01	5.91	100.00	1.60	24.93	1660	0	1250	0	0	0	0	0	2910	326.16	11.66	2.47	5.93	23.96	10.38	31.05	1.16	21.67	18.35
6/26/2016 11:30:23 AM	2.44	0.13	3.18	0.00	0.00	0.00	0.00	0.00	5.74	100.00	1.67	24.87	1291	126	1432	0	0	0	0	0	2849	324.65	12.59	3.05	9.11	22.93	9.65	30.18	1.16	21.71	18.43
6/26/2016 11:30:26 AM	0.93	0.00	4.03	0.00	0.00	0.00	0.00	0.07	4.96	100.00	1.74	24.81	493	0	1814	0	0	0	0	0	2307	325.81	14.26	3.06	5.89	23.02	9.01	29.37	1.17	21.76	18.36
6/26/2016 11:30:29 AM	1.87	0.00	3.77	0.00	0.00	0.00	0.00	0.00	5.64	100.00	1.78	24.82	993	0	1695	0	0	0	0	0	2689	326.50	13.66	2.55	5.53	21.68	9.55	33.27	1.17	21.81	18.42
6/26/2016 11:30:32 AM	2.11	0.00	3.19	0.00	0.00	0.00	0.00	0.04	5.30	100.00	1.83	24.81	1117	0	1437	0	0	0	0	0	2553	323.86	12.29	3.27	6.10	22.90	9.44	29.12	1.18	21.85	18.37
6/26/2016 11:30:34 AM	2.43	0.00	3.29	0.56	0.00	0.00	0.00	0.00	6.27	100.00	2.13	24.81	1287	0	1480	17	0	0	0	0	2784	327.67	14.51	4.93	8.90	25.05	11.53	33.79	1.21	21.89	18.36
6/26/2016 11:30:37 AM	3.00	0.00	3.00	0.00	0.00	0.00	0.00	0.00	5.99	100.00	2.02	24.79	1589	0	1348	0	0	0	0	0	2937	326.39	12.20	2.70	7.21	23.56	9.26	32.21	1.20	21.92	18.44
6/26/2016 11:30:40 AM	1.82	0.00	3.84	0.00	0.00	0.00	0.00	0.00	5.66	100.00	2.04	24.77	966	0	1728	0	0	0	0	0	2694	326.07	14.04	1.98	7.29	22.29	10.48	32.47	1.20	21.96	18.48
6/26/2016 11:30:43 AM	2.29	0.00	3.28	0.00	0.00	0.00	0.00	0.00	5.57	100.00	2.08	24.80	1216	0	1475	0	0	0	0	0	2691	326.42	12.66	2.20	6.53	22.66	9.71	30.41	1.20	22.02	18.44
6/26/2016 11:30:46 AM	1.59	0.00	3.67	0.07	0.00	0.00	0.00	0.02	5.33	100.00	2.15	24.76	841	0	1653	2	0	0	0	0	2496	326.55	13.80	2.14	7.06	23.02	10.17	29.51	1.21	22.04	18.49
6/26/2016 11:30:48 AM	1.19	0.00	4.12	0.00	0.00	0.00	0.00	0.00	5.30	100.00	2.19	24.72	629	0	1852	0	0	0	0	0	2481	325.76	14.37	3.45	5.97	22.06	9.89	30.96	1.21	22.09	18.50
6/26/2016 11:30:51 AM	1.94	0.00	3.69	0.00	0.00	0.00	0.00	0.01	5.63	100.00	2.29	24.64	1030	0	1660	0	0	0	0	0	2690	324.27	13.70	3.27	6.40	23.80	9.58	31.31	1.22	22.12	18.49
6/26/2016 11:30:54 AM	2.39	0.00	3.59	0.00	0.00	0.00	0.00	0.00	5.98	100.00	2.37	24.68	1265	0	1618	0	0	0	0	0	2882	326.88	13.76	2.08	6.17	24.36	10.12	33.07	1.23	22.15	18.54
6/26/2016 11:30:57 AM	2.47	0.00	3.56	0.00	0.00	0.00	0.00	0.00	6.03	100.00	2.46	24.70	1310	0	1602	0	0	0	0	0	2912	324.56	13.71	2.78	7.24	24.79	10.57	32.62	1.24	22.19	18.51
6/26/2016 11:31:00 AM	2.81	0.00	3.50	0.00	0.00	0.00	0.00	0.00	6.31	100.00	2.55	24.70	1487	0	1575	0	0	0	0	0	3062	325.65	13.70	2.47	6.56	25.15	10.68	34.50	1.25	22.22	18.53
6/26/2016 11:31:02 AM	2.09	0.00	3.89	0.00	0.00	0.00	0.00	0.00	5.98	100.00	2.67	24.70	1107	0	1749	0	0	0	0	0	2856	325.68	14.46	2.88	7.18	24.69	10.42	33.14	1.26	22.24	18.61
6/26/2016 11:31:05 AM	1.44	0.00	4.42	0.00	0.00	0.00	0.00	0.00	5.86	100.00	2.76	24.69	763	0	1989	0	0	0	0	0	2752	326.07	15.64	3.22	6.19	24.67	10.33	33.88	1.27	22.30	18.56
6/26/2016 11:31:08 AM	1.63	0.00	4.23	0.00	0.00	0.00	0.00	0.01	5.86	100.00	2.85	24.68	864	0	1905	0	0	0	0	0	2768	324.72	15.31	3.11	7.45	25.11	9.85	33.04	1.28	22.31	18.59
6/26/2016 11:31:11 AM	2.38	0.00	3.59	0.00	0.00	0.00	0.00	0.00	5.97	100.00	2.91	24.67	1263	0	1616	0	0	0	0	0	2879	325.55	13.59	2.73	6.97	23.40	10.69	33.43	1.28	22.35	18.64
6/26/2016 11:31:13 AM	2.48	0.00	3.63	0.00	0.00	0.00	0.00	0.00	6.11	100.00	2.97	24.67	1315	0	1634	0	0	0	0	0	2949	324.70	13.88	2.86	6.63	24.86	10.70	33.51	1.29	22.39	18.66
6/26/2016 11:31:16 AM	2.32	0.00	3.49	0.17	0.00	0.00	0.00	0.01	5.99	100.00	3.06	24.65	1229	0	1573	5	0	0	0	0	2807	324.83	14.03	3.25	8.26	24.99	10.59	32.17	1.30	22.43	18.66
6/26/2016 11:31:19 AM	2.38	0.00	3.67	0.05	0.00	0.00	0.00	0.00	6.09	100.00	3.13	24.64	1260	0	1651	1	0	0	0	0	2912	325.92	14.21	2.15	8.09	24.67	10.84	33.31	1.31	22.46	18.67
6/26/2016 11:31:22 AM	2.33	0.00	3.73	0.00	0.00	0.00	0.00	0.00	6.06	100.00	3.22	24.65	1237	0	1678	0	0	0	0	0	2915	325.15	14.06	3.08	7.24	24.51	10.62	33.51	1.32	22.49	18.68
6/26/2016 11:31:25 AM	2.19	0.00	3.89	0.00	0.00	0.00	0.00	0.00	6.07	100.00	3.31	24.64	1159	0	1749	0	0	0	0	0	2909	323.72	14.46	3.66	7.13	25.05	10.16	33.70	1.32	22.53	18.69
6/26/2016 11:31:27 AM	2.35	0.00	3.86	0.00	0.00	0.00	0.00	0.00	6.21	100.00	3.39	24.63	1247	0	1736	0	0	0	0	0	2983	325.18	14.51	3.05	7.65	25.11	10.62	34.41	1.33	22.57	18.68
6/26/2016 11:31:30 AM	2.02	0.00	3.89	0.00	0.00	0.00	0.00	0.00	5.92	100.00	3.48	24.60	1072	0	1751	0	0	0	0	0	2824	324.38	14.41	2.92	7.13	24.37	9.75	33.12	1.34	22.60	18.72
6/26/2016 11:31:33 AM	2.13	0.00	4.14	0.03	0.00	0.00	0.00	0.01	6.31	100.00	3.58	24.58	1131	0	1863	1	0	0	0	0	2995	324.92	15.46	3.26	6.97	26.66	11.51	34.94	1.35	22.63	18.73
6/26/2016 11:31:36 AM	2.48	0.00	4.35	0.00	0.00	0.00	0.00	0.00	6.82	100.00	3.67	24.43	1313	0	1956	0	0	0	0	0	3269	324.25	16.25	3.19	8.54	27.87	11.61	37.81	1.36	22.66	18.76
6/26/2016 11:31:39 AM	2.51	0.00	4.29	0.12	0.00	0.00	0.00	0.00	6.92	100.00	3.80	24.17	1331	0	1929	3	0	0	0	0	3264	323.57	16.47	2.91	8.60	27.88	12.35	38.37	1.37	22.70	18.77
6/26/2016 11:31:41 AM	2.37	0.00	4.76	0.26	0.00	0.00	0.00	0.00	7.39	100.00	3.91	23.89	1257	0	2142	8	0	0	0	0	3407	323.13	18.39	3.63	9.88	29.99	13.21	41.31	1.38	22.72	18.78
6/26/2016 11:31:44 AM	3.77	0.00	4.83	0.57	0.00	0.00	0.00	0.00	9.17	100.00	4.02	23.19	1998	0	2175	17	0	0	0	0	4190	322.49	20.87	3.99	12.42	36.91	16.32	49.04	1.39	22.75	18.77
6/26/2016 11:31:47 AM	4.57	0.00	5.27	1.22	0.00	0.00	0.00	0.11	11.06	100.00	4.13	22.43	2425	0	2370	37	0	0	0	0	4831	321.51	25.45	5.80	15.85	46.66	20.40	59.31	1.41	22.79	18.81
6/26/2016 11:31:50 AM	4.83	0.03	6.14	1.15	0.00	0.00	0.00	0.09	12.15	100.00	4.22	22.15	2559	33	2765	34	0	0	0	0	5391	320.80	28.30	6.05	17.57	50.89	21.86	65.23	1.41	22.81	18.82
6/26/2016 11:31:53 AM	5.67	0.04	5.96	1.26	0.00	0.00	0.00	0.06	12.93	100.00	4.30	21.88	3004	37	2684	38	0	0	0	0	5764	320.67	28.66	6.02	18.44	52.74	23.14	68.17	1.42	22.84	18.86
6/26/2016 11:31:55 AM	5.45	0.00	6.68	1.84	0.00	0.00	0.00	0.10	13.97	100.00	4.40	21.77	2890	0	3006	55	0	0	0	0	5952	320.21	32.85	7.45	20.34	58.02	26.17	74.89	1.43	22.87	18.85
6/26/2016 11:31:58 AM	5.38	0.00	6.91	2.06	0.00	0.00	0.00	0.02	14.35	100.00	4.47	21.73	2850	0	3110	62	0	0	0	0	6022	320.20	34.03	7.86	21.04	57.76	27.32	76.29	1.44	22.88	18.84
6/26/2016 11:32:01 AM	4.63	0.00	7.28	2.14	0.00	0.00	0.00	0.03	14.05	100.00	4.51	21.59	2456	0	3275	64	0	0	0	0	5795	319.52	34.90	8.17	20.44	57.18	27.53	75.75	1.44	22.92	18.86
6/26/2016 11:32:04 AM	4.26	0.00	7.25	2.21	0.00	0.00	0.00	0.00	13.72	100.00	4.56	21.65	2260	0	3262	66	0	0	0	0	5588	319.33	34.56	8.04	19.93	54.53	27.46	74.73	1.45	22.93	18.86
6/26/2016 11:32:06 AM	4.17	0.00	7.21	2.22	0.00	0.00	0.00	0.01	13.59	100.00	4.65	21.37	2208	0	3245	67	0	0	0	0	5519	319.48	34.54	8.29	20.35	55.17	27.05	73.42	1.46	22.97	18.91
6/26/2016 11:32:09 AM	3.71	0.00	7.32	2.27	0.00	0.00	0.00	0.00	13.30	100.00	4.75	20.48	1967	0	3296	68	0	0	0	0	5330	318.72	34.72	7.95	20.03	54.01	27.10	72.18	1.47	22.99	18.91
6/26/2016 11:32:12 AM	3.72	0.00	6.75	2.34	0.00	0.00	0.00	0.02	12.81	100.00	4.85	20.13	1971	0	3036	70	0	0	0	0	5077	318.59	33.07	8.17	18.92	52.05	26.63	69.39	1.48	23.01	18.91
6/26/2016 11:32:15 AM	3.47	0.03	6.20	2.49	0.00	0.00	0.00	0.06	12.20	100.00	4.97	19.41	1841	31	2792	75	0	0	0	0	4740	319.58	31.84	8.03	19.35	50.30	26.06	65.96	1.49	23.03	18.91
6/26/2016 11:32:18 AM	2.88	0.12	6.08	2.71	0.00	0.00	0.00	0.15	11.78	100.00	5.06	19.24	1526	121	2734	81	0	0	0	0	4462	319.09	32.08	8.07	19.55	50.55	26.80	64.50	1.50	23.05	18.90
6/26/2016 11:32:20 AM	2.73	0.15	5.75	2.65	0.00	0.00	0.00	0.17	11.27	100.00	5.15	19.15	1444	152	2586	80	0	0	0	0	4261	319.86	30.77	8.06	19.06	48.84	25.95	61.73	1.50	23.06	18.93
6/26/2016 11:32:23 AM	2.93	0.14	5.63	2.72	0.00	0.00	0.00	0.15	11.41	100.00	5.23	18.81	1553	136	2532	82	0	0	0	0	4303	319.89	30.67	8.28	19.23	48.87	26.09	62.10	1.51	23.09	18.96
6/26/2016 11:32:26 AM	2.91	0.05	5.14	2.87	0.00	0.00	0.00	0.19	10.97	100.00	5.29	18.78	1543	45	2314	86	0	0	0	0	3989	320.49	29.60	8.18	18.32	47.80	25.53	60.14	1.52	23.09	18.97
6/26/2016 11:32:29 AM	3.23	0.22	5.19	2.56	0.00	0.00	0.00	0.19	11.20	100.00	5.34	18.92	1710	219	2337	77	0	0	0	0	4342	319.45	29.15	7.90	19.08	48.29	25.61	60.35	1.52	23.10	18.97
6/26/2016 11:32:32 AM	3.02	0.17	5.00	2.58	0.00	0.00	0.00	0.22	10.77	100.00	5.40	18.92	1601	170	2250	77	0	0	0	0	4098	320.43	28.47	7.73	18.32	47.46	24.94	58.65	1.53	23.12	19.02
6/26/2016 11:32:34 AM	2.89	0.22	4.90	2.60	0.00	0.00	0.00	0.24	10.61	100.00	5.50	18.27	1533	216	2204	78	0	0	0	0	4031	320.09	28.21	7.73	18.38	47.01	25.01	57.72	1.54	23.12	19.00
6/26/2016 11:32:37 AM	2.98	0.32	5.28	2.37	0.00	0.00	0.00	0.19	10.95	100.00	5.57	18.12	1578	320	2377	71	0	0	0	0	4345	320.75	28.73	7.55	19.07	47.27	25.29	58.82	1.55	23.14	18.98
6/26/2016 11:32:40 AM	2.95	0.22	4.86	2.47	0.00	0.00	0.00	0.24	10.50	100.00	5.67	18.06	1564	219	2186	74	0	0	0	0	4044	319.96	27.73	7.49	18.10	46.74	24.52	57.16	1.56	23.15	19.02
6/26/2016 11:32:43 AM	2.90	0.27	4.63	2.41	0.00	0.00	0.00	0.25	10.21	100.00	5.74	17.97	1534	275	2083	72	0	0	0	0	3964	319.62	26.78	7.39	17.93	45.50	24.11	55.26	1.56	23.16	19.01
6/26/2016 11:32:46 AM	2.85	0.35	4.73	2.22	0.00	0.00	0.00	0.26	10.15	100.00	5.81	17.94	1511	352	2129	67	0	0	0	0	4059	320.54	26.57	7.25	18.08	45.58	23.81	54.90	1.57	23.16	19.04
6/26/2016 11:32:48 AM	2.80	0.39	4.17	1.90	0.00	0.00	0.00	0.25	9.26	100.00	5.88	17.95	1485	390	1877	57	0	0	0	0	3809	320.19	23.64	6.23	16.61	41.60	21.90	49.54	1.58	23.18	19.04
6/26/2016 11:32:51 AM	2.87	0.41	3.70	2.02	0.00	0.00	0.00	0.29	8.98	100.00	5.98	18.03	1519	407	1663	60	0	0	0	0	3649	319.82	22.66	6.50	16.51	41.05	21.73	47.94	1.59	23.17	19.04
6/26/2016 11:32:54 AM	2.58	0.42	3.64	1.91	0.00	0.00	0.00	0.29	8.55	100.00	6.07	17.94	1369	421	1639	57	0	0	0	0	3486	320.02	21.90	6.32	15.97	39.39	20.92	45.78	1.60	23.18	19.10
6/26/2016 11:32:57 AM	2.59	0.46	3.24	1.88	0.00	0.00	0.00	0.32	8.18	100.00	6.17	17.69	1374	459	1459	57	0	0	0	0	3348	320.01	20.66	6.14	15.62	38.34	20.46	43.60	1.60	23.18	19.08
6/26/2016 11:32:59 AM	2.62	0.53	3.26	1.67	0.00	0.00	0.00	0.33	8.07	100.00	6.24	17.43	1388	526	1467	50	0	0	0	0	3431	319.91	20.09	5.83	15.57	37.93	19.99	42.78	1.61	23.19	19.06
6/26/2016 11:33:02 AM	2.57	0.57	3.01	1.72	0.00	0.00	0.00	0.35	7.87	100.00	6.33	17.20	1360	572	1355	51	0	0	0	0	3339	320.24	19.53	5.93	15.61	37.49	19.98	41.57	1.62	23.18	19.06
6/26/2016 11:33:05 AM	2.72	0.61	2.97	1.64	0.00	0.00	0.00	0.33	7.94	100.00	6.38	17.13	1439	606	1338	49	0	0	0	0	3432	320.61	19.26	5.75	15.72	37.21	20.00	41.45	1.63	23.18	19.07
6/26/2016 11:33:08 AM	2.58	0.60	2.99	1.72	0.00	0.00	0.00	0.35	7.89	100.00	6.46	17.40	1366	604	1347	52	0	0	0	0	3368	320.85	19.52	5.91	15.78	37.47	20.17	41.51	1.63	23.18	19.09
6/26/2016 11:33:11 AM	2.63	0.55	2.94	1.82	0.00	0.00	0.00	0.32	7.95	100.00	6.53	17.49	1396	553	1324	55	0	0	0	0	3329	320.70	19.54	6.20	15.75	36.91	20.16	41.60	1.64	23.17	19.11
6/26/2016 11:33:13 AM	2.70	0.51	2.79	1.76	0.00	0.00	0.00	0.31	7.75	100.00	6.59	17.03	1430	512	1254	53	0	0	0	0	3248	320.26	18.84	5.69	15.09	36.07	19.68	40.56	1.65	23.17	19.09
6/26/2016 11:33:16 AM	2.45	0.63	2.56	1.69	0.00	0.00	0.00	0.34	7.32	100.00	6.66	16.63	1297	628	1150	51	0	0	0	0	3125	320.43	17.89	5.72	15.13	34.83	19.35	38.07	1.65	23.17	19.13
6/26/2016 11:33:19 AM	2.34	0.60	2.48	1.76	0.00	0.00	0.00	0.37	7.18	100.00	6.73	16.55	1240	603	1117	53	0	0	0	0	3013	320.96	17.83	5.72	14.91	34.80	19.29	37.67	1.66	23.16	19.12
6/26/2016 11:33:22 AM	2.10	0.62	2.11	1.62	0.00	0.00	0.00	0.35	6.45	100.00	6.82	16.20	1115	621	949	48	0	0	0	0	2734	321.29	15.92	5.30	13.89	31.53	17.95	33.49	1.67	23.15	19.13
6/26/2016 11:33:25 AM	2.11	0.67	1.99	1.53	0.00	0.00	0.00	0.35	6.31	100.00	6.91	16.21	1120	672	897	46	0	0	0	0	2735	320.62	15.28	5.20	13.86	30.70	17.65	32.34	1.68	23.14	19.13
6/26/2016 11:33:27 AM	1.97	0.70	2.00	1.51	0.00	0.00	0.00	0.36	6.19	100.00	6.99	16.28	1044	701	900	45	0	0	0	0	2691	321.49	15.23	5.06	13.82	30.48	17.69	31.80	1.68	23.13	19.12
6/26/2016 11:33:30 AM	2.11	0.67	1.94	1.53	0.00	0.00	0.00	0.34	6.25	100.00	7.06	15.74	1117	672	871	46	0	0	0	0	2706	320.78	15.10	5.07	13.74	30.33	17.63	31.94	1.69	23.12	19.13
6/26/2016 11:33:33 AM	1.97	0.68	1.87	1.48	0.00	0.00	0.00	0.36	6.00	100.00	7.15	15.38	1042	677	843	44	0	0	0	0	2606	321.10	14.65	5.00	13.43	29.66	17.17	30.78	1.70	23.10	19.15
6/26/2016 11:33:36 AM	2.06	0.57	1.69	1.64	0.00	0.00	0.00	0.34	5.96	100.00	7.24	15.47	1093	572	761	49	0	0	0	0	2475	321.52	14.50	5.11	13.00	29.33	17.06	30.76	1.71	23.09	19.14
6/26/2016 11:33:39 AM	1.69	0.63	1.71	1.58	0.00	0.00	0.00	0.37	5.60	100.00	7.32	15.61	894	628	770	47	0	0	0	0	2339	321.76	14.22	4.98	12.82	28.50	16.79	29.15	1.72	23.08	19.13
6/26/2016 11:33:41 AM	1.77	0.59	1.63	1.75	0.00	0.00	0.00	0.36	5.74	100.00	7.39	15.84	940	591	732	52	0	0	0	0	2316	321.56	14.50	5.26	12.99	28.76	17.22	29.78	1.72	23.06	19.15
6/26/2016 11:33:44 AM	1.69	0.64	1.70	1.57	0.00	0.00	0.00	0.37	5.60	100.00	7.47	15.91	895	640	764	47	0	0	0	0	2346	322.31	14.17	5.02	12.89	28.43	16.79	29.05	1.73	23.05	19.14
6/26/2016 11:33:47 AM	1.55	0.63	1.67	1.55	0.00	0.00	0.00	0.37	5.40	100.00	7.57	15.88	824	632	751	46	0	0	0	0	2253	321.51	13.89	4.94	12.58	27.86	16.43	28.19	1.74	23.03	19.14
6/26/2016 11:33:50 AM	1.38	0.48	1.51	1.82	0.00	0.00	0.00	0.37	5.18	100.00	7.68	15.24	731	476	678	55	0	0	0	0	1940	321.12	13.96	5.19	11.86	27.19	16.27	27.72	1.75	23.00	19.17
6/26/2016 11:33:52 AM	0.92	0.51	1.52	1.74	0.00	0.00	0.00	0.40	4.70	100.00	7.78	14.59	490	513	682	52	0	0	0	0	1738	321.61	13.51	5.07	11.44	26.04	15.66	25.63	1.76	22.99	19.14
6/26/2016 11:33:55 AM	0.81	0.58	1.59	1.69	0.00	0.00	0.00	0.40	4.66	100.00	7.87	14.46	429	578	714	51	0	0	0	0	1771	320.83	13.54	5.10	11.71	25.91	15.74	25.31	1.77	22.97	19.13
6/26/2016 11:33:58 AM	0.45	0.41	1.52	1.73	0.00	0.00	0.00	0.41	4.12	100.00	8.00	13.95	240	414	683	52	0	0	0	0	1390	321.09	13.07	4.77	10.25	24.51	14.63	23.57	1.78	22.95	19.16
6/26/2016 11:34:01 AM	0.20	0.44	1.58	1.59	0.00	0.00	0.00	0.40	3.81	100.00	8.12	13.63	105	437	711	48	0	0	0	0	1301	322.08	12.59	4.58	9.87	23.12	13.97	21.98	1.80	22.92	19.16
6/26/2016 11:34:04 AM	0.22	0.38	1.52	1.50	0.00	0.00	0.00	0.40	3.62	100.00	8.27	13.45	114	377	684	45	0	0	0	0	1220	321.37	12.04	4.53	9.27	22.61	13.09	21.25	1.81	22.91	19.16
6/26/2016 11:34:06 AM	0.27	0.38	1.40	1.46	0.00	0.00	0.00	0.39	3.51	100.00	8.38	13.41	144	376	630	44	0	0	0	0	1194	321.93	11.52	4.34	9.02	21.91	12.81	20.45	1.82	22.89	19.13
6/26/2016 11:34:09 AM	0.19	0.30	1.20	1.54	0.00	0.00	0.00	0.41	3.23	100.00	8.52	13.34	99	303	540	46	0	0	0	0	988	322.37	11.06	4.28	8.39	21.39	12.38	19.46	1.83	22.86	19.11
6/26/2016 11:34:12 AM	0.05	0.29	1.34	1.49	0.00	0.00	0.00	0.40	3.17	100.00	8.62	13.34	25	291	602	45	0	0	0	0	963	322.43	11.21	4.19	8.22	21.13	12.19	19.34	1.84	22.82	19.15
6/26/2016 11:34:15 AM	0.11	0.33	1.36	1.35	0.00	0.00	0.00	0.40	3.15	100.00	8.70	13.18	58	331	613	41	0	0	0	0	1043	322.49	10.89	4.11	8.27	20.96	11.87	19.04	1.85	22.80	19.09
6/26/2016 11:34:18 AM	0.31	0.28	1.09	1.38	0.00	0.00	0.00	0.40	3.06	100.00	8.82	12.95	167	280	489	41	0	0	0	0	977	322.78	10.21	3.93	7.83	20.57	11.58	18.46	1.86	22.77	19.11
6/26/2016 11:34:20 AM	0.31	0.29	1.17	1.27	0.00	0.00	0.00	0.39	3.04	100.00	8.94	12.77	164	291	526	38	0	0	0	0	1019	322.48	10.10	3.81	7.75	20.34	11.30	18.31	1.88	22.74	19.11
6/26/2016 11:34:23 AM	0.22	0.26	1.07	1.20	0.00	0.00	0.00	0.40	2.75	100.00	9.06	12.67	115	260	482	36	0	0	0	0	893	323.03	9.46	3.54	7.13	19.39	10.63	16.97	1.89	22.72	19.14
6/26/2016 11:34:26 AM	0.36	0.29	0.99	1.17	0.00	0.00	0.00	0.40	2.80	100.00	9.18	12.65	189	285	446	35	0	0	0	0	956	321.98	9.24	3.41	7.22	19.50	10.72	16.98	1.90	22.67	19.12
6/26/2016 11:34:29 AM	0.36	0.26	0.99	1.14	0.00	0.00	0.00	0.40	2.75	100.00	9.29	12.88	190	257	446	34	0	0	0	0	926	322.41	9.08	3.43	7.00	19.27	10.37	16.78	1.91	22.64	19.11
6/26/2016 11:34:32 AM	0.51	0.27	0.95	1.06	0.00	0.00	0.00	0.39	2.79	100.00	9.35	12.43	269	267	429	32	0	0	0	0	997	322.35	8.80	3.35	6.99	19.26	10.17	16.77	1.92	22.61	19.09
6/26/2016 11:34:34 AM	0.53	0.24	0.88	1.06	0.00	0.00	0.00	0.39	2.70	100.00	9.45	12.69	279	244	394	32	0	0	0	0	950	322.58	8.52	3.30	6.76	18.88	9.94	16.35	1.93	22.59	19.11
6/26/2016 11:34:37 AM	0.49	0.27	0.98	0.90	0.00	0.00	0.00	0.38	2.65	100.00	9.57	12.76	260	273	442	27	0	0	0	0	1002	322.80	8.34	2.95	6.61	18.62	9.65	15.99	1.94	22.55	19.07
6/26/2016 11:34:40 AM	0.54	0.26	0.82	0.96	0.00	0.00	0.00	0.40	2.58	100.00	9.66	12.43	288	255	368	29	0	0	0	0	940	322.45	8.08	3.04	6.51	18.57	9.60	15.69	1.95	22.52	19.09
6/26/2016 11:34:43 AM	0.65	0.23	0.69	1.06	0.00	0.00	0.00	0.40	2.63	100.00	9.76	12.57	343	234	310	32	0	0	0	0	919	322.27	8.06	2.84	6.44	18.65	9.98	15.84	1.96	22.48	19.07
6/26/2016 11:34:45 AM	0.45	0.26	0.88	1.03	0.00	0.00	0.00	0.40	2.62	100.00	9.86	12.65	238	262	395	31	0	0	0	0	926	322.11	8.45	3.15	6.69	18.81	9.92	16.00	1.97	22.44	19.06
6/26/2016 11:34:48 AM	0.47	0.24	0.86	1.01	0.00	0.00	0.00	0.39	2.58	100.00	9.95	12.78	251	238	385	30	0	0	0	0	904	322.38	8.28	2.98	6.45	18.53	9.76	15.79	1.97	22.41	19.04
6/26/2016 11:34:51 AM	0.59	0.29	0.74	1.02	0.00	0.00	0.00	0.41	2.64	100.00	10.03	12.54	315	286	335	30	0	0	0	0	966	322.16	8.14	2.94	6.73	18.93	10.05	15.86	1.98	22.38	19.05
6/26/2016 11:34:54 AM	0.51	0.23	0.75	0.95	0.00	0.00	0.00	0.40	2.43	100.00	10.17	11.86	270	229	337	28	0	0	0	0	864	321.79	7.74	2.84	6.13	18.01	9.30	14.99	2.00	22.34	19.03
6/26/2016 11:34:57 AM	0.61	0.21	0.69	0.98	0.00	0.00	0.00	0.40	2.48	100.00	10.29	11.78	322	208	309	29	0	0	0	0	868	322.43	7.71	2.82	6.09	18.14	9.38	15.22	2.01	22.30	19.03
6/26/2016 11:34:59 AM	0.62	0.26	0.72	0.90	0.00	0.00	0.00	0.40	2.50	100.00	10.38	11.89	329	257	325	27	0	0	0	0	938	321.02	7.61	2.81	6.28	18.16	9.32	15.10	2.02	22.25	19.04
6/26/2016 11:35:02 AM	0.66	0.23	0.66	0.90	0.00	0.00	0.00	0.38	2.44	100.00	10.48	11.86	347	226	296	27	0	0	0	0	897	320.56	7.35	2.81	6.06	17.59	9.08	14.71	2.03	22.21	19.01
6/26/2016 11:35:05 AM	0.78	0.26	0.61	0.91	0.00	0.00	0.00	0.39	2.57	100.00	10.57	11.81	415	264	276	27	0	0	0	0	981	318.73	7.41	2.79	6.37	18.14	9.44	15.17	2.04	22.18	19.02
6/26/2016 11:35:08 AM	0.71	0.28	0.64	0.87	0.00	0.00	0.00	0.40	2.49	100.00	10.67	11.72	374	280	287	26	0	0	0	0	967	317.70	7.33	2.74	6.32	18.10	9.30	14.86	2.05	22.14	18.99
6/26/2016 11:35:11 AM	0.86	0.27	0.55	0.90	0.00	0.00	0.00	0.38	2.57	100.00	10.78	11.81	454	266	247	27	0	0	0	0	994	315.18	7.18	2.78	6.35	17.92	9.34	14.97	2.06	22.09	18.98
6/26/2016 11:35:13 AM	0.81	0.26	0.52	0.90	0.00	0.00	0.00	0.38	2.48	100.00	10.91	11.79	430	258	234	27	0	0	0	0	949	314.52	7.04	2.68	6.18	17.64	9.25	14.59	2.07	22.05	18.97
6/26/2016 11:35:16 AM	0.79	0.27	0.52	0.88	0.00	0.00	0.00	0.39	2.47	100.00	11.05	11.54	419	272	235	26	0	0	0	0	952	314.80	7.00	2.76	6.25	17.59	9.19	14.46	2.08	22.01	18.97
6/26/2016 11:35:19 AM	0.67	0.24	0.51	0.90	0.00	0.00	0.00	0.39	2.32	100.00	11.17	11.47	354	239	228	27	0	0	0	0	849	317.74	6.92	2.64	5.91	17.27	9.01	13.98	2.09	21.97	18.93
6/26/2016 11:35:22 AM	0.84	0.30	0.57	1.04	0.00	0.00	0.00	0.38	2.76	100.00	11.30	11.37	447	301	256	31	0	0	0	0	1036	311.49	7.75	2.92	6.89	18.38	10.25	15.72	2.11	21.93	18.96
6/26/2016 11:35:25 AM	0.94	0.34	0.51	1.05	0.00	0.00	0.00	0.38	2.84	100.00	11.41	11.28	496	338	230	32	0	0	0	0	1095	311.28	7.72	2.99	7.17	18.69	10.48	15.91	2.12	21.87	18.92
6/26/2016 11:35:27 AM	1.10	0.35	0.43	1.21	0.00	0.00	0.00	0.38	3.09	100.00	11.52	11.26	583	348	195	36	0	0	0	0	1162	309.61	8.11	3.16	7.65	19.36	11.28	16.91	2.13	21.84	18.93
6/26/2016 11:35:30 AM	1.18	0.46	0.45	1.08	0.00	0.00	0.00	0.39	3.18	100.00	11.63	11.41	626	459	204	33	0	0	0	0	1321	306.47	7.96	3.18	8.21	19.66	11.45	16.89	2.14	21.79	18.93
6/26/2016 11:35:33 AM	1.24	0.49	0.45	1.00	0.00	0.00	0.00	0.36	3.17	100.00	11.77	11.23	655	485	204	30	0	0	0	0	1374	304.01	7.66	3.09	8.22	19.06	11.26	16.48	2.15	21.75	18.88
6/26/2016 11:35:36 AM	1.21	0.39	0.43	1.05	0.00	0.00	0.00	0.34	3.08	100.00	11.91	11.10	642	388	194	31	0	0	0	0	1256	303.96	7.59	2.92	7.61	18.47	10.95	16.27	2.17	21.69	18.86
6/26/2016 11:35:38 AM	1.24	0.47	0.42	1.06	0.00	0.00	0.00	0.38	3.19	100.00	12.01	11.08	655	474	189	32	0	0	0	0	1349	304.91	7.78	3.04	8.20	19.31	11.46	16.66	2.18	21.64	18.86
6/26/2016 11:35:41 AM	1.30	0.46	0.45	1.04	0.00	0.00	0.00	0.36	3.25	100.00	12.14	11.13	688	459	203	31	0	0	0	0	1381	305.27	7.81	3.08	8.20	19.23	11.40	16.89	2.19	21.61	18.85
6/26/2016 11:35:44 AM	1.49	0.55	0.53	1.13	0.00	0.00	0.00	0.36	3.70	100.00	12.25	11.08	789	554	239	34	0	0	0	0	1615	304.19	8.60	3.39	9.32	20.77	12.58	18.72	2.20	21.57	18.83
6/26/2016 11:35:47 AM	1.56	0.55	0.46	1.44	0.00	0.00	0.00	0.35	4.01	100.00	12.39	10.99	828	548	205	43	0	0	0	0	1624	303.81	9.41	3.93	10.04	21.43	13.80	20.04	2.21	21.52	18.83
6/26/2016 11:35:50 AM	2.08	0.80	0.45	1.96	0.00	0.00	0.00	0.35	5.28	100.00	12.50	11.00	1102	798	203	59	0	0	0	0	2161	300.33	11.76	5.08	13.40	25.36	17.87	25.00	2.22	21.47	18.79
6/26/2016 11:35:52 AM	2.25	0.70	0.39	2.14	0.00	0.00	0.00	0.35	5.48	100.00	12.61	10.99	1195	701	173	64	0	0	0	0	2133	296.66	12.22	5.26	13.32	26.30	18.23	26.34	2.24	21.43	18.81
6/26/2016 11:35:55 AM	2.67	0.89	0.44	2.31	0.00	0.00	0.00	0.37	6.32	100.00	12.72	11.19	1417	892	199	69	0	0	0	0	2578	293.01	13.54	5.83	15.49	29.22	20.54	29.64	2.25	21.38	18.77
6/26/2016 11:35:58 AM	2.88	0.86	0.29	2.46	0.00	0.00	0.00	0.37	6.49	100.00	12.84	11.32	1524	857	131	74	0	0	0	0	2587	292.86	13.68	5.84	15.59	29.66	21.07	30.34	2.26	21.34	18.73
6/26/2016 11:36:01 AM	2.74	0.92	0.40	2.88	0.00	0.00	0.00	0.38	6.93	100.00	12.95	11.10	1451	917	180	86	0	0	0	0	2634	293.42	15.42	6.47	16.92	31.48	23.22	32.62	2.27	21.29	18.79
6/26/2016 11:36:04 AM	2.98	0.71	0.14	3.14	0.00	0.00	0.00	0.38	6.97	100.00	13.04	11.23	1582	712	62	94	0	0	0	0	2450	292.88	15.42	6.42	16.09	31.70	23.20	33.34	2.28	21.23	18.73
6/26/2016 11:36:06 AM	3.05	0.85	0.32	3.12	0.00	0.00	0.00	0.38	7.34	100.00	13.16	11.43	1617	854	143	94	0	0	0	0	2707	292.82	16.13	7.01	17.40	32.96	24.02	34.74	2.29	21.19	18.70
6/26/2016 11:36:09 AM	3.09	0.82	0.20	3.91	0.00	0.00	0.00	0.42	8.02	100.00	13.28	11.30	1637	824	92	117	0	0	0	0	2670	295.72	18.52	8.26	19.01	36.15	27.05	38.57	2.30	21.15	18.69
6/26/2016 11:36:12 AM	2.90	0.86	0.30	3.42	0.00	0.00	0.00	0.45	7.48	100.00	13.41	11.19	1537	860	135	103	0	0	0	0	2634	297.03	17.21	7.50	18.01	34.95	25.20	36.17	2.31	21.11	18.68
6/26/2016 11:36:15 AM	3.05	0.87	0.23	3.41	0.00	0.00	0.00	0.51	7.56	100.00	13.54	10.88	1616	871	104	102	0	0	0	0	2694	297.19	17.25	7.48	18.14	36.50	25.31	36.95	2.33	21.07	18.64
6/26/2016 11:36:17 AM	3.07	0.94	0.28	3.00	0.00	0.00	0.00	0.55	7.29	100.00	13.72	10.67	1630	940	124	90	0	0	0	0	2784	299.09	16.27	6.95	17.72	36.39	24.11	35.71	2.34	21.01	18.66
6/26/2016 11:36:20 AM	2.96	0.94	0.39	2.76	0.00	0.00	0.00	0.55	7.05	100.00	13.85	10.74	1569	943	176	83	0	0	0	0	2771	300.17	15.73	6.61	17.20	35.56	23.12	34.63	2.36	20.97	18.62
6/26/2016 11:36:23 AM	2.80	0.85	0.37	2.52	0.00	0.00	0.00	0.58	6.54	100.00	13.97	10.76	1482	850	169	76	0	0	0	0	2576	300.91	14.76	6.23	15.90	34.67	21.39	32.89	2.37	20.91	18.60
6/26/2016 11:36:26 AM	2.77	0.84	0.34	2.60	0.00	0.00	0.00	0.58	6.55	100.00	14.06	10.60	1469	845	153	78	0	0	0	0	2544	300.85	14.90	6.25	15.95	34.82	21.64	33.00	2.38	20.87	18.58
6/26/2016 11:36:29 AM	2.90	0.88	0.34	2.32	0.00	0.00	0.00	0.63	6.44	100.00	14.10	10.57	1535	880	155	70	0	0	0	0	2640	302.59	14.27	5.70	15.62	35.35	20.95	32.63	2.38	20.82	18.59
