Date/Time	Green Algae	Bluegreen	Diatoms	Cryptophyta	#4	#5	#6	Yellow substances	Total conc.	Transmission	Depth	Temp. Sample	Green Algae	Bluegreen	Diatoms	Cryptophyta	#4	#5	#6	Yellow substances	Total cell count	Trans. 700 nm	LED 3 [525 nm]	LED 4 [570 nm]	LED 5 [610 nm]	LED 6 [370 nm]	LED 7 [590 nm]	LED 8 [470 nm]	Pressure	Temp. LEDs	Temp. Sensor
date	µg/l	µg/l	µg/l	µg/l	µg/l	µg/l	µg/l	µg/l	µg/l	%	m	°C	cells/ml	cells/ml	cells/ml	cells/ml	cells/ml	cells/ml	cells/ml	cells/ml	cells/ml	digits	digits	digits	digits	digits	digits	digits	bar	°C	°C
7/25/2016 9:19:04 AM	3.10	0.49	1.50	0.43	0.00	0.00	0.00	0.00	5.52	100.00	0.47	28.12	1644	494	675	13	0	0	0	0	2825	310.88	9.43	2.68	10.32	19.85	12.27	25.02	1.05	23.35	20.40
7/25/2016 9:19:07 AM	2.01	0.30	1.21	1.28	0.00	0.00	0.00	0.14	4.79	100.00	0.68	28.22	1063	301	543	38	0	0	0	0	1945	314.56	10.66	4.78	9.85	20.79	12.67	23.68	1.07	23.38	20.42
7/25/2016 9:19:10 AM	3.29	0.69	1.49	0.06	0.00	0.00	0.00	0.11	5.53	100.00	0.77	28.28	1744	685	670	2	0	0	0	0	3102	319.38	8.95	1.92	10.63	22.36	12.36	24.87	1.08	23.43	20.40
7/25/2016 9:19:12 AM	3.16	0.55	1.49	0.26	0.00	0.00	0.00	0.11	5.45	100.00	0.88	28.20	1675	546	671	8	0	0	0	0	2899	316.23	9.19	3.94	10.69	22.22	11.23	25.20	1.09	23.48	20.41
7/25/2016 9:19:15 AM	2.61	0.16	0.28	1.83	0.00	0.00	0.00	0.17	4.87	100.00	0.95	28.16	1383	159	124	55	0	0	0	0	1721	318.67	9.96	3.85	9.20	21.07	14.26	23.69	1.09	23.51	20.43
7/25/2016 9:19:18 AM	3.17	0.27	0.67	1.13	0.00	0.00	0.00	0.15	5.25	100.00	1.00	28.16	1680	272	303	34	0	0	0	0	2289	318.66	9.43	3.32	9.48	22.31	13.04	25.05	1.10	23.55	20.48
7/25/2016 9:19:21 AM	3.42	0.34	1.05	0.60	0.00	0.00	0.00	0.09	5.40	100.00	1.07	28.08	1812	336	472	18	0	0	0	0	2638	316.60	8.90	3.06	9.49	21.66	11.74	25.16	1.10	23.58	20.46
7/25/2016 9:19:24 AM	3.08	0.40	1.39	0.61	0.00	0.00	0.00	0.10	5.48	100.00	1.15	27.89	1632	402	626	18	0	0	0	0	2677	316.67	9.89	3.27	10.05	22.30	12.28	25.86	1.11	23.63	20.48
7/25/2016 9:19:26 AM	3.46	0.00	0.37	1.46	0.00	0.00	0.00	0.09	5.29	100.00	1.23	27.89	1833	0	166	44	0	0	0	0	2044	315.28	9.20	3.69	8.03	21.14	12.82	25.50	1.12	23.66	20.49
7/25/2016 9:19:29 AM	2.35	0.27	1.90	0.64	0.00	0.00	0.00	0.10	5.18	100.00	1.33	27.87	1248	275	857	19	0	0	0	0	2399	315.87	11.05	2.81	9.08	22.02	12.00	25.86	1.13	23.69	20.46
7/25/2016 9:19:32 AM	3.49	0.26	0.91	1.20	0.00	0.00	0.00	0.00	5.87	100.00	1.47	27.78	1852	261	410	36	0	0	0	0	2560	317.53	10.14	3.56	10.34	20.94	13.77	27.04	1.14	23.73	20.53
7/25/2016 9:19:35 AM	2.46	0.73	2.42	0.11	0.00	0.00	0.00	0.11	5.72	100.00	1.59	27.97	1301	726	1091	3	0	0	0	0	3122	315.95	11.58	2.43	11.43	23.73	13.24	27.04	1.16	23.76	20.54
7/25/2016 9:19:38 AM	3.06	0.36	1.54	0.78	0.00	0.00	0.00	0.00	5.73	100.00	1.70	28.09	1621	363	691	23	0	0	0	0	2699	315.22	10.52	3.86	10.46	21.18	12.69	26.56	1.17	23.81	20.55
7/25/2016 9:19:40 AM	3.41	0.20	1.56	0.65	0.00	0.00	0.00	0.00	5.81	100.00	1.78	28.16	1806	196	701	19	0	0	0	0	2722	315.70	10.37	2.61	9.19	21.99	12.24	27.57	1.17	23.84	20.54
7/25/2016 9:19:43 AM	3.53	0.00	0.65	1.50	0.00	0.00	0.00	0.07	5.68	100.00	1.88	28.05	1870	0	290	45	0	0	0	0	2205	316.46	10.32	3.42	8.66	22.48	13.68	27.52	1.18	23.88	20.54
7/25/2016 9:19:46 AM	4.28	0.07	0.30	1.67	0.00	0.00	0.00	0.00	6.32	100.00	1.96	28.01	2267	72	135	50	0	0	0	0	2524	317.52	10.07	4.78	10.50	22.43	14.26	29.10	1.19	23.92	20.58
7/25/2016 9:19:49 AM	3.09	0.27	0.75	1.56	0.00	0.00	0.00	0.15	5.68	100.00	2.05	27.91	1639	270	340	47	0	0	0	0	2296	317.72	11.02	4.39	10.64	23.71	14.67	27.30	1.20	23.95	20.59
7/25/2016 9:19:51 AM	4.44	0.61	1.28	1.18	0.00	0.00	0.00	0.00	7.52	100.00	2.16	27.74	2355	610	578	36	0	0	0	0	3578	318.31	12.42	4.20	13.95	26.61	17.25	33.38	1.21	23.98	20.65
7/25/2016 9:19:54 AM	3.92	0.42	1.17	1.70	0.00	0.00	0.00	0.04	7.21	100.00	2.27	27.37	2075	422	528	51	0	0	0	0	3076	315.26	13.34	4.41	13.15	26.71	17.88	33.19	1.22	24.02	20.61
7/25/2016 9:19:57 AM	4.13	0.84	1.59	1.32	0.00	0.00	0.00	0.06	7.89	100.00	2.34	27.05	2188	842	717	40	0	0	0	0	3787	316.72	14.09	4.70	15.81	29.05	19.30	35.11	1.23	24.05	20.65
7/25/2016 9:20:00 AM	4.52	0.99	1.76	1.46	0.00	0.00	0.00	0.01	8.73	100.00	2.43	26.80	2394	991	794	44	0	0	0	0	4223	316.77	15.42	4.93	17.63	30.76	21.47	38.14	1.24	24.09	20.65
7/25/2016 9:20:03 AM	4.07	1.21	1.66	1.55	0.00	0.00	0.00	0.09	8.49	100.00	2.53	26.60	2159	1210	745	46	0	0	0	0	4161	315.92	15.52	4.69	18.45	31.03	22.70	36.73	1.25	24.12	20.63
7/25/2016 9:20:05 AM	3.93	1.31	2.23	0.87	0.00	0.00	0.00	0.09	8.34	100.00	2.65	26.36	2085	1310	1002	26	0	0	0	0	4424	316.14	15.11	4.65	18.35	31.10	20.72	36.30	1.26	24.17	20.66
7/25/2016 9:20:08 AM	4.70	1.17	1.25	1.68	0.00	0.00	0.00	0.11	8.80	100.00	2.76	26.08	2493	1171	561	50	0	0	0	0	4275	315.64	15.14	4.89	18.69	32.36	23.09	37.96	1.27	24.20	20.69
7/25/2016 9:20:11 AM	4.20	1.32	2.07	1.25	0.00	0.00	0.00	0.16	8.85	100.00	2.88	25.76	2228	1321	933	38	0	0	0	0	4520	315.49	16.32	5.24	19.44	34.23	22.52	39.18	1.28	24.23	20.70
7/25/2016 9:20:14 AM	4.41	1.19	2.18	1.35	0.00	0.00	0.00	0.17	9.14	100.00	3.01	25.33	2339	1189	983	41	0	0	0	0	4552	315.50	17.09	5.30	19.22	35.86	22.68	41.38	1.29	24.27	20.70
7/25/2016 9:20:17 AM	4.82	1.12	2.46	1.52	0.00	0.00	0.00	0.26	9.91	100.00	3.09	25.16	2552	1119	1106	46	0	0	0	0	4823	315.08	19.09	5.55	20.01	40.93	24.05	46.54	1.30	24.29	20.73
7/25/2016 9:20:19 AM	5.48	1.17	3.28	1.32	0.00	0.00	0.00	0.24	11.25	100.00	3.16	25.24	2902	1170	1478	40	0	0	0	0	5590	313.72	21.64	6.02	21.82	45.95	25.33	53.40	1.31	24.34	20.73
7/25/2016 9:20:22 AM	8.09	1.24	5.57	1.17	0.00	0.00	0.00	0.23	16.07	100.00	3.28	24.95	4286	1237	2508	35	0	0	0	0	8066	311.95	30.72	7.34	27.99	64.72	31.41	78.25	1.32	24.37	20.76
7/25/2016 9:20:25 AM	11.24	0.97	9.34	1.37	0.00	0.00	0.00	0.03	22.92	100.00	3.38	24.60	5959	969	4201	41	0	0	0	0	11170	307.77	45.28	9.29	35.35	88.38	40.04	114.27	1.33	24.40	20.77
7/25/2016 9:20:28 AM	10.06	0.68	9.22	2.22	0.00	0.00	0.00	0.00	22.18	100.00	3.50	24.13	5333	681	4148	67	0	0	0	0	10229	311.03	46.35	10.77	34.44	85.28	40.11	112.43	1.34	24.43	20.79
7/25/2016 9:20:30 AM	10.64	0.82	8.92	1.86	0.00	0.00	0.00	0.00	22.23	100.00	3.61	23.43	5637	816	4013	56	0	0	0	0	10522	309.46	44.76	9.77	34.55	84.71	39.73	111.54	1.35	24.46	20.78
7/25/2016 9:20:33 AM	9.18	0.60	7.43	2.45	0.00	0.00	0.00	0.00	19.67	100.00	3.71	22.65	4866	601	3345	74	0	0	0	0	8886	309.81	40.44	9.99	31.16	74.39	36.89	99.09	1.36	24.48	20.81
7/25/2016 9:20:36 AM	8.72	0.49	6.69	2.50	0.00	0.00	0.00	0.00	18.41	100.00	3.80	22.40	4623	492	3012	75	0	0	0	0	8201	312.17	37.80	8.94	28.71	69.82	35.31	92.48	1.37	24.51	20.84
7/25/2016 9:20:39 AM	7.70	0.57	6.85	2.29	0.00	0.00	0.00	0.03	17.42	100.00	3.87	22.00	4081	575	3083	69	0	0	0	0	7808	313.08	36.97	9.83	28.05	67.55	33.42	87.80	1.38	24.54	20.85
7/25/2016 9:20:42 AM	5.04	0.81	4.98	2.61	0.00	0.00	0.00	0.21	13.44	100.00	3.98	21.59	2669	813	2240	78	0	0	0	0	5800	313.87	30.67	8.75	24.63	55.11	30.70	67.77	1.39	24.56	20.84
7/25/2016 9:20:44 AM	5.20	0.65	5.10	2.91	0.00	0.00	0.00	0.17	13.87	100.00	4.04	21.58	2755	653	2296	87	0	0	0	0	5791	313.85	31.89	9.53	24.81	56.18	31.24	70.36	1.40	24.58	20.88
7/25/2016 9:20:47 AM	4.85	0.77	5.17	2.71	0.00	0.00	0.00	0.20	13.51	100.00	4.10	21.53	2571	774	2328	81	0	0	0	0	5755	314.28	31.46	8.88	24.69	55.54	31.05	68.60	1.40	24.62	20.87
7/25/2016 9:20:50 AM	5.33	0.73	4.81	2.92	0.00	0.00	0.00	0.16	13.79	100.00	4.16	21.59	2824	726	2164	88	0	0	0	0	5802	312.94	31.14	9.22	24.93	55.29	31.54	69.15	1.41	24.63	20.88
7/25/2016 9:20:53 AM	4.57	0.65	4.42	3.13	0.00	0.00	0.00	0.22	12.77	100.00	4.21	21.83	2423	649	1989	94	0	0	0	0	5155	313.65	30.10	9.22	23.61	52.90	30.61	65.03	1.41	24.65	20.89
7/25/2016 9:20:56 AM	3.64	0.78	4.00	3.33	0.00	0.00	0.00	0.29	11.74	100.00	4.28	21.91	1928	776	1802	100	0	0	0	0	4605	315.23	29.00	9.23	23.25	50.05	30.55	59.95	1.42	24.67	20.90
7/25/2016 9:20:58 AM	3.17	1.03	3.99	3.22	0.00	0.00	0.00	0.32	11.41	100.00	4.33	21.16	1680	1030	1797	97	0	0	0	0	4603	314.82	28.52	10.06	24.34	48.98	30.46	57.59	1.42	24.69	20.93
7/25/2016 9:21:01 AM	2.46	0.90	3.46	3.57	0.00	0.00	0.00	0.36	10.39	100.00	4.39	20.27	1303	904	1557	107	0	0	0	0	3872	315.03	27.41	9.94	22.81	46.00	29.82	53.26	1.43	24.71	20.94
7/25/2016 9:21:04 AM	2.14	1.03	3.34	3.91	0.00	0.00	0.00	0.34	10.42	100.00	4.45	20.78	1136	1028	1503	117	0	0	0	0	3784	313.66	27.93	10.80	23.97	45.19	31.18	52.64	1.44	24.72	20.93
7/25/2016 9:21:07 AM	1.69	1.13	3.43	4.07	0.00	0.00	0.00	0.36	10.32	100.00	4.55	20.54	896	1129	1543	122	0	0	0	0	3690	314.29	28.60	10.95	24.57	45.22	32.15	52.21	1.45	24.74	20.96
7/25/2016 9:21:10 AM	1.73	1.40	3.57	4.08	0.00	0.00	0.00	0.32	10.78	100.00	4.66	19.83	918	1397	1605	122	0	0	0	0	4043	312.31	29.27	11.26	26.49	45.51	33.88	52.97	1.46	24.74	20.97
7/25/2016 9:21:12 AM	2.07	1.42	3.59	4.27	0.00	0.00	0.00	0.25	11.36	100.00	4.74	19.77	1098	1417	1616	128	0	0	0	0	4260	311.02	30.02	11.86	27.52	45.84	35.03	54.91	1.46	24.76	20.94
7/25/2016 9:21:15 AM	2.08	1.37	3.53	4.18	0.00	0.00	0.00	0.23	11.15	100.00	4.82	19.55	1100	1373	1587	125	0	0	0	0	4185	311.17	29.42	11.06	26.72	44.77	34.59	53.84	1.47	24.76	21.00
7/25/2016 9:21:18 AM	2.09	1.64	3.58	4.42	0.00	0.00	0.00	0.19	11.71	100.00	4.90	19.49	1106	1636	1609	132	0	0	0	0	4484	309.73	30.48	12.36	29.23	45.42	36.69	55.12	1.48	24.77	20.99
7/25/2016 9:21:21 AM	1.75	1.59	3.65	4.57	0.00	0.00	0.00	0.24	11.56	100.00	4.97	19.60	925	1587	1643	137	0	0	0	0	4293	310.00	31.17	11.67	28.76	45.98	37.38	55.24	1.49	24.79	21.02
7/25/2016 9:21:23 AM	2.33	1.88	3.28	5.37	0.00	0.00	0.00	0.11	12.85	100.00	5.08	19.19	1233	1878	1474	161	0	0	0	0	4746	305.74	32.88	13.62	32.70	46.69	41.97	58.42	1.50	24.79	21.03
7/25/2016 9:21:26 AM	2.59	1.92	2.90	5.74	0.00	0.00	0.00	0.04	13.16	100.00	5.17	18.75	1373	1921	1307	172	0	0	0	0	4773	304.63	32.98	13.35	33.34	45.74	43.85	58.52	1.51	24.80	21.01
7/25/2016 9:21:29 AM	3.02	2.22	2.89	5.76	0.00	0.00	0.00	0.05	13.88	100.00	5.21	18.81	1600	2221	1299	173	0	0	0	0	5293	303.22	33.57	14.12	35.83	47.66	45.75	60.51	1.51	24.79	21.03
7/25/2016 9:21:32 AM	3.22	2.47	2.95	5.82	0.00	0.00	0.00	0.00	14.45	100.00	5.28	18.86	1708	2470	1325	174	0	0	0	0	5678	304.40	34.20	14.67	37.91	48.09	47.50	61.75	1.52	24.80	21.01
7/25/2016 9:21:35 AM	3.52	2.81	2.58	6.99	0.00	0.00	0.00	0.00	15.90	100.00	5.35	17.72	1865	2813	1161	210	0	0	0	0	6049	302.45	37.45	16.39	42.83	51.31	54.11	67.35	1.52	24.80	21.04
7/25/2016 9:21:37 AM	4.27	3.63	1.89	7.93	0.00	0.00	0.00	0.00	17.73	100.00	5.44	17.08	2265	3630	850	238	0	0	0	0	6983	302.98	39.74	17.66	49.99	54.71	62.60	71.83	1.53	24.79	21.03
7/25/2016 9:21:40 AM	4.39	3.85	1.66	7.62	0.00	0.00	0.00	0.00	17.53	100.00	5.51	17.08	2327	3851	749	229	0	0	0	0	7156	301.87	38.23	17.36	50.54	53.15	62.16	69.59	1.54	24.79	21.05
7/25/2016 9:21:43 AM	4.45	3.97	1.44	8.10	0.00	0.00	0.00	0.00	17.96	100.00	5.58	16.80	2357	3965	650	243	0	0	0	0	7216	302.26	39.23	18.01	52.26	53.78	64.50	71.22	1.55	24.79	21.04
7/25/2016 9:21:46 AM	3.82	4.33	1.26	7.04	0.00	0.00	0.00	0.00	16.45	100.00	5.65	16.34	2023	4327	567	211	0	0	0	0	7128	303.26	35.03	16.18	50.81	47.96	61.27	61.75	1.55	24.78	21.06
7/25/2016 9:21:49 AM	4.18	4.31	0.32	7.14	0.00	0.00	0.00	0.00	15.95	100.00	5.75	16.02	2215	4311	145	214	0	0	0	0	6885	303.56	32.51	15.80	50.08	45.06	60.57	58.35	1.56	24.76	21.03
7/25/2016 9:21:51 AM	4.18	4.53	0.71	7.14	0.00	0.00	0.00	0.00	16.56	100.00	5.85	16.16	2217	4530	320	214	0	0	0	0	7282	303.37	33.99	15.98	52.08	46.77	62.38	61.04	1.57	24.76	21.06
7/25/2016 9:21:54 AM	4.11	4.44	0.59	8.33	0.00	0.00	0.00	0.00	17.47	100.00	5.92	16.39	2178	4438	264	250	0	0	0	0	7130	302.71	37.39	17.32	54.26	49.18	66.71	66.50	1.58	24.75	21.05
7/25/2016 9:21:57 AM	3.05	4.69	3.04	9.24	0.00	0.00	0.00	0.00	20.02	100.00	6.01	16.04	1614	4694	1366	277	0	0	0	0	7952	299.67	47.83	20.16	60.64	59.22	74.20	81.76	1.59	24.73	21.04
7/25/2016 9:22:00 AM	2.30	4.52	3.00	10.24	0.00	0.00	0.00	0.00	20.06	100.00	6.08	15.13	1217	4516	1352	307	0	0	0	0	7392	295.45	50.24	20.86	61.28	58.54	76.64	83.99	1.60	24.71	21.07
7/25/2016 9:22:03 AM	2.35	4.56	2.98	10.70	0.00	0.00	0.00	0.00	20.59	100.00	6.17	14.94	1243	4562	1340	321	0	0	0	0	7467	296.07	51.71	21.99	62.88	60.02	78.58	86.52	1.60	24.69	21.04
7/25/2016 9:22:05 AM	1.62	4.23	3.21	10.93	0.00	0.00	0.00	0.00	20.00	100.00	6.26	15.01	860	4233	1442	328	0	0	0	0	6864	295.43	52.40	21.60	60.70	58.97	77.62	85.65	1.61	24.68	21.03
7/25/2016 9:22:08 AM	1.54	3.90	2.78	11.65	0.00	0.00	0.00	0.00	19.86	100.00	6.34	15.40	814	3904	1249	349	0	0	0	0	6317	295.75	53.04	23.04	59.41	59.99	77.94	85.23	1.62	24.66	21.07
7/25/2016 9:22:11 AM	1.38	3.19	2.33	12.86	0.00	0.00	0.00	0.00	19.77	100.00	6.41	15.32	732	3194	1050	386	0	0	0	0	5362	296.80	54.89	24.18	56.72	61.57	78.55	87.09	1.63	24.64	21.04
7/25/2016 9:22:14 AM	1.46	3.12	2.35	12.51	0.00	0.00	0.00	0.00	19.44	100.00	6.47	15.48	775	3121	1056	375	0	0	0	0	5328	297.86	53.78	23.59	55.39	60.96	76.84	85.47	1.63	24.62	21.03
7/25/2016 9:22:16 AM	1.23	3.06	2.53	12.80	0.00	0.00	0.00	0.00	19.62	100.00	6.53	15.42	654	3057	1137	384	0	0	0	0	5233	298.13	55.13	23.89	55.67	61.82	77.84	87.07	1.64	24.59	21.03
7/25/2016 9:22:19 AM	1.69	3.24	2.50	12.82	0.00	0.00	0.00	0.00	20.25	100.00	6.58	15.43	894	3242	1126	385	0	0	0	0	5647	297.71	55.64	24.22	57.34	63.67	79.36	89.04	1.64	24.57	21.03
7/25/2016 9:22:22 AM	1.27	3.32	2.94	12.64	0.00	0.00	0.00	0.00	20.17	100.00	6.62	15.63	672	3321	1323	379	0	0	0	0	5695	298.58	56.17	24.53	57.82	63.33	78.93	89.19	1.65	24.56	21.04
7/25/2016 9:22:25 AM	1.52	2.92	2.23	12.54	0.00	0.00	0.00	0.00	19.22	100.00	6.74	15.03	808	2920	1005	376	0	0	0	0	5109	298.42	53.42	23.75	53.99	61.13	75.78	84.74	1.66	24.52	21.02
7/25/2016 9:22:28 AM	1.38	2.64	2.10	12.42	0.00	0.00	0.00	0.00	18.54	100.00	6.82	14.15	732	2640	943	373	0	0	0	0	4688	299.28	52.23	22.55	51.35	59.29	73.79	82.52	1.67	24.50	21.04
7/25/2016 9:22:30 AM	1.28	2.97	2.39	12.19	0.00	0.00	0.00	0.00	18.83	100.00	6.88	14.28	680	2966	1076	366	0	0	0	0	5088	299.38	52.58	23.69	53.48	59.95	74.27	82.76	1.67	24.47	21.04
7/25/2016 9:22:33 AM	1.08	2.79	2.31	10.87	0.00	0.00	0.00	0.00	17.04	100.00	6.95	14.44	571	2787	1041	326	0	0	0	0	4725	299.50	47.62	21.17	48.71	54.38	67.57	74.47	1.68	24.44	21.04
7/25/2016 9:22:36 AM	1.17	3.00	2.46	11.15	0.00	0.00	0.00	0.00	17.78	100.00	7.02	14.68	620	3000	1108	335	0	0	0	0	5062	299.25	49.38	22.15	50.91	57.13	70.24	76.91	1.69	24.41	21.02
7/25/2016 9:22:39 AM	1.12	2.97	2.45	10.86	0.00	0.00	0.00	0.00	17.40	100.00	7.10	14.77	591	2973	1103	326	0	0	0	0	4994	299.45	48.27	22.03	50.19	55.68	68.54	75.30	1.70	24.37	21.02
7/25/2016 9:22:42 AM	1.05	2.70	2.14	11.05	0.00	0.00	0.00	0.00	16.94	100.00	7.18	14.46	557	2704	961	331	0	0	0	0	4554	299.48	47.55	22.00	48.33	54.62	67.34	73.72	1.70	24.34	21.02
7/25/2016 9:22:44 AM	1.41	2.54	1.86	10.53	0.00	0.00	0.00	0.00	16.34	100.00	7.25	14.60	747	2540	836	316	0	0	0	0	4440	300.15	45.07	20.29	45.90	52.53	64.61	71.09	1.71	24.30	20.99
7/25/2016 9:22:47 AM	1.39	2.66	2.07	10.74	0.00	0.00	0.00	0.00	16.86	100.00	7.32	14.68	738	2662	930	322	0	0	0	0	4652	298.47	46.47	21.48	47.72	54.06	65.99	73.50	1.72	24.27	20.99
7/25/2016 9:22:50 AM	1.33	2.61	2.08	10.29	0.00	0.00	0.00	0.00	16.31	100.00	7.42	14.49	705	2609	938	309	0	0	0	0	4561	298.12	44.98	20.38	46.08	52.53	64.02	70.89	1.73	24.24	21.01
7/25/2016 9:22:53 AM	1.13	2.76	2.13	10.73	0.00	0.00	0.00	0.00	16.74	100.00	7.49	14.14	597	2759	957	322	0	0	0	0	4636	297.84	46.57	21.49	48.01	53.73	66.39	72.51	1.73	24.20	20.97
7/25/2016 9:22:56 AM	1.60	2.80	1.95	10.99	0.00	0.00	0.00	0.00	17.34	100.00	7.56	14.29	849	2796	877	330	0	0	0	0	4852	297.46	47.24	22.06	49.25	55.38	67.83	75.01	1.74	24.16	20.96
7/25/2016 9:22:58 AM	1.40	2.94	2.13	10.05	0.00	0.00	0.00	0.00	16.51	100.00	7.62	14.57	743	2936	957	301	0	0	0	0	4937	298.05	44.63	21.06	48.03	52.39	64.46	70.53	1.75	24.12	20.96
7/25/2016 9:23:01 AM	1.35	2.78	2.12	9.78	0.00	0.00	0.00	0.00	16.03	100.00	7.68	14.61	715	2784	953	293	0	0	0	0	4745	298.13	43.57	19.84	46.02	51.33	62.85	68.58	1.75	24.08	20.95
7/25/2016 9:23:04 AM	1.44	2.46	1.85	9.78	0.00	0.00	0.00	0.00	15.53	100.00	7.78	14.54	761	2462	833	293	0	0	0	0	4350	296.75	42.50	18.99	43.59	50.02	61.09	67.29	1.76	24.05	20.93
7/25/2016 9:23:07 AM	1.66	2.43	1.61	10.14	0.00	0.00	0.00	0.00	15.84	100.00	7.84	14.52	879	2432	726	304	0	0	0	0	4341	295.97	43.04	19.65	44.24	50.90	62.20	68.67	1.77	24.01	20.93
7/25/2016 9:23:09 AM	1.59	2.46	1.56	10.32	0.00	0.00	0.00	0.00	15.94	100.00	7.90	14.64	845	2462	701	310	0	0	0	0	4318	294.82	43.43	19.80	44.75	50.90	63.01	69.11	1.77	23.96	20.91
7/25/2016 9:23:12 AM	1.76	2.77	1.88	10.03	0.00	0.00	0.00	0.00	16.44	100.00	7.93	14.91	933	2770	845	301	0	0	0	0	4850	294.82	43.86	20.51	47.00	52.00	63.63	70.70	1.78	23.92	20.91
7/25/2016 9:23:15 AM	1.43	3.04	2.34	9.84	0.00	0.00	0.00	0.00	16.66	100.00	8.02	14.86	758	3042	1053	295	0	0	0	0	5149	294.35	44.77	20.85	48.54	52.80	64.55	71.01	1.79	23.89	20.88
7/25/2016 9:23:18 AM	1.53	3.20	2.27	9.65	0.00	0.00	0.00	0.00	16.66	100.00	8.07	14.36	813	3203	1023	289	0	0	0	0	5329	293.00	44.07	21.35	49.32	52.41	64.21	70.12	1.79	23.84	20.90
7/25/2016 9:23:21 AM	1.68	3.03	2.13	9.34	0.00	0.00	0.00	0.00	16.19	100.00	8.14	14.02	891	3033	960	280	0	0	0	0	5165	294.44	42.60	19.94	47.23	51.07	62.38	68.31	1.80	23.81	20.88
7/25/2016 9:23:23 AM	1.84	2.45	1.55	8.87	0.00	0.00	0.00	0.00	14.71	100.00	8.23	13.73	976	2448	698	266	0	0	0	0	4388	292.77	38.71	17.76	41.51	46.80	56.93	62.80	1.81	23.76	20.85
7/25/2016 9:23:26 AM	1.35	2.53	1.91	7.84	0.00	0.00	0.00	0.00	13.63	100.00	8.29	13.63	715	2530	860	235	0	0	0	0	4340	292.25	36.22	16.60	39.38	43.92	53.04	57.17	1.81	23.72	20.83
