Date/Time	Green Algae	Bluegreen	Diatoms	Cryptophyta	#4	#5	#6	Yellow substances	Total conc.	Transmission	Depth	Temp. Sample	Green Algae	Bluegreen	Diatoms	Cryptophyta	#4	#5	#6	Yellow substances	Total cell count	Trans. 700 nm	LED 3 [525 nm]	LED 4 [570 nm]	LED 5 [610 nm]	LED 6 [370 nm]	LED 7 [590 nm]	LED 8 [470 nm]	Pressure	Temp. LEDs	Temp. Sensor
date	µg/l	µg/l	µg/l	µg/l	µg/l	µg/l	µg/l	µg/l	µg/l	%	m	°C	cells/ml	cells/ml	cells/ml	cells/ml	cells/ml	cells/ml	cells/ml	cells/ml	cells/ml	digits	digits	digits	digits	digits	digits	digits	bar	°C	°C
8/1/2016 9:32:08 AM	4.09	0.89	0.00	1.25	0.00	0.00	0.00	0.13	6.23	100.00	0.22	27.24	2169	889	0	37	0	0	0	0	3095	308.20	8.73	4.03	13.62	23.22	16.90	25.59	1.02	23.86	20.61
8/1/2016 9:32:10 AM	4.45	0.86	0.00	1.20	0.00	0.00	0.00	0.07	6.51	100.00	0.26	27.25	2356	856	0	36	0	0	0	0	3249	307.90	8.68	4.41	13.89	22.98	16.53	26.40	1.03	23.91	20.60
8/1/2016 9:32:13 AM	3.99	0.71	0.00	1.55	0.00	0.00	0.00	0.15	6.24	100.00	0.37	27.18	2113	708	0	46	0	0	0	0	2868	307.22	9.53	4.58	13.19	24.17	16.96	26.83	1.04	23.95	20.65
8/1/2016 9:32:16 AM	3.78	0.91	0.50	1.06	0.00	0.00	0.00	0.12	6.25	100.00	0.45	27.22	2005	909	223	32	0	0	0	0	3169	307.48	9.64	3.42	13.59	23.50	16.78	26.18	1.04	23.99	20.66
8/1/2016 9:32:19 AM	4.14	0.93	0.47	1.21	0.00	0.00	0.00	0.08	6.75	100.00	0.56	27.22	2197	934	210	36	0	0	0	0	3377	306.73	10.18	3.92	14.50	24.22	17.73	27.95	1.06	24.02	20.67
8/1/2016 9:32:22 AM	3.76	0.82	0.61	1.37	0.00	0.00	0.00	0.10	6.57	100.00	0.70	27.20	1995	821	276	41	0	0	0	0	3133	307.08	10.88	3.97	13.94	24.45	17.69	28.14	1.07	24.07	20.68
8/1/2016 9:32:24 AM	4.08	0.82	0.61	1.24	0.00	0.00	0.00	0.10	6.75	100.00	0.72	27.22	2165	815	275	37	0	0	0	0	3292	307.46	10.68	3.92	13.98	25.21	17.39	28.95	1.07	24.11	20.71
8/1/2016 9:32:27 AM	4.49	0.92	0.47	1.10	0.00	0.00	0.00	0.09	6.97	100.00	0.78	27.19	2379	918	210	33	0	0	0	0	3540	307.96	10.12	3.69	14.49	25.32	17.64	29.08	1.08	24.15	20.68
8/1/2016 9:32:30 AM	4.13	0.94	1.03	1.03	0.00	0.00	0.00	0.07	7.14	100.00	0.83	27.16	2189	944	466	31	0	0	0	0	3630	307.52	11.42	3.78	14.87	25.89	17.92	30.34	1.08	24.18	20.70
8/1/2016 9:32:33 AM	3.79	0.77	0.88	1.09	0.00	0.00	0.00	0.13	6.54	100.00	0.88	27.18	2008	771	396	33	0	0	0	0	3209	307.47	10.86	4.12	13.55	25.37	16.44	28.78	1.09	24.22	20.70
8/1/2016 9:32:35 AM	4.65	0.75	0.40	1.45	0.00	0.00	0.00	0.07	7.25	100.00	0.89	27.17	2463	754	180	44	0	0	0	0	3440	307.29	10.95	4.15	14.39	26.01	18.25	30.86	1.09	24.26	20.75
8/1/2016 9:32:38 AM	4.29	0.83	0.58	1.23	0.00	0.00	0.00	0.09	6.93	100.00	0.92	27.08	2273	826	261	37	0	0	0	0	3398	307.50	10.71	3.50	14.06	25.40	17.84	29.47	1.09	24.30	20.71
8/1/2016 9:32:41 AM	4.52	0.74	0.43	1.25	0.00	0.00	0.00	0.10	6.94	100.00	1.00	27.05	2393	738	195	38	0	0	0	0	3364	307.15	10.43	3.55	13.65	25.81	17.43	29.83	1.10	24.33	20.76
8/1/2016 9:32:44 AM	4.72	0.78	0.21	1.57	0.00	0.00	0.00	0.10	7.27	100.00	1.06	27.07	2500	778	93	47	0	0	0	0	3418	306.65	10.89	4.46	14.71	26.60	18.60	30.95	1.10	24.36	20.77
8/1/2016 9:32:47 AM	4.52	0.89	0.67	1.17	0.00	0.00	0.00	0.05	7.25	100.00	1.10	27.09	2396	891	299	35	0	0	0	0	3621	307.58	10.88	3.93	14.81	25.72	18.06	30.42	1.11	24.40	20.77
8/1/2016 9:32:49 AM	4.34	0.82	0.87	1.19	0.00	0.00	0.00	0.05	7.22	100.00	1.15	27.14	2301	820	389	36	0	0	0	0	3546	307.93	11.42	3.79	14.45	25.94	17.99	30.91	1.11	24.44	20.79
8/1/2016 9:32:52 AM	3.85	0.90	0.96	1.20	0.00	0.00	0.00	0.11	6.91	100.00	1.21	27.09	2039	896	432	36	0	0	0	0	3403	306.66	11.63	4.30	14.71	26.16	17.82	29.96	1.12	24.48	20.82
8/1/2016 9:32:55 AM	4.45	0.82	0.57	1.30	0.00	0.00	0.00	0.09	7.15	100.00	1.29	27.05	2358	823	258	39	0	0	0	0	3477	306.84	10.96	4.68	14.72	26.18	17.69	30.54	1.13	24.51	20.83
8/1/2016 9:32:58 AM	4.26	0.87	0.55	1.46	0.00	0.00	0.00	0.11	7.14	100.00	1.34	27.00	2257	870	246	44	0	0	0	0	3417	307.58	11.43	4.32	14.95	26.49	18.74	30.53	1.13	24.53	20.83
8/1/2016 9:33:01 AM	4.46	0.95	0.88	1.15	0.00	0.00	0.00	0.10	7.44	100.00	1.41	26.98	2363	948	395	35	0	0	0	0	3741	307.06	11.66	4.24	15.44	27.46	18.47	31.80	1.14	24.58	20.84
8/1/2016 9:33:03 AM	4.57	0.76	0.24	1.60	0.00	0.00	0.00	0.09	7.17	100.00	1.47	27.00	2422	764	108	48	0	0	0	0	3342	307.19	10.97	4.04	14.42	26.11	18.78	30.53	1.14	24.61	20.85
8/1/2016 9:33:06 AM	4.40	0.78	0.12	1.64	0.00	0.00	0.00	0.14	6.94	100.00	1.51	27.04	2333	780	53	49	0	0	0	0	3215	306.01	10.73	4.32	14.37	26.28	18.55	29.75	1.15	24.65	20.86
8/1/2016 9:33:09 AM	4.14	0.94	0.53	1.44	0.00	0.00	0.00	0.13	7.05	100.00	1.58	27.04	2196	937	237	43	0	0	0	0	3413	306.82	11.35	4.05	15.09	26.41	19.01	29.97	1.15	24.68	20.89
8/1/2016 9:33:12 AM	3.70	0.91	0.61	1.53	0.00	0.00	0.00	0.16	6.75	100.00	1.66	26.96	1961	908	276	46	0	0	0	0	3191	307.42	11.60	4.60	14.91	26.16	18.63	29.23	1.16	24.69	20.91
8/1/2016 9:33:14 AM	4.33	0.93	0.36	1.67	0.00	0.00	0.00	0.16	7.29	100.00	1.70	26.99	2295	931	164	50	0	0	0	0	3440	305.49	11.78	4.72	15.70	27.84	19.73	31.29	1.17	24.75	20.91
8/1/2016 9:33:17 AM	3.81	0.81	0.73	1.56	0.00	0.00	0.00	0.16	6.91	100.00	1.77	26.99	2019	812	328	47	0	0	0	0	3205	307.48	12.11	4.59	14.67	27.13	18.60	30.62	1.17	24.77	20.94
8/1/2016 9:33:20 AM	4.08	0.82	0.54	1.67	0.00	0.00	0.00	0.14	7.10	100.00	1.98	26.99	2162	819	241	50	0	0	0	0	3272	307.19	11.98	4.60	14.94	27.16	19.11	30.99	1.19	24.80	20.94
8/1/2016 9:33:23 AM	3.98	0.96	0.79	1.41	0.00	0.00	0.00	0.12	7.14	100.00	2.06	27.05	2107	960	357	42	0	0	0	0	3467	307.05	11.96	4.45	15.45	26.82	19.03	30.64	1.20	24.83	20.93
8/1/2016 9:33:26 AM	4.19	0.74	0.40	1.83	0.00	0.00	0.00	0.15	7.15	100.00	2.15	27.07	2220	743	179	55	0	0	0	0	3196	307.15	12.09	4.83	14.80	27.55	19.25	31.51	1.21	24.86	20.94
8/1/2016 9:33:28 AM	4.05	0.87	0.42	1.59	0.00	0.00	0.00	0.19	6.92	100.00	2.25	27.07	2145	868	189	48	0	0	0	0	3250	307.35	11.56	4.04	14.74	27.39	19.14	30.23	1.22	24.90	20.95
8/1/2016 9:33:31 AM	4.05	1.07	0.48	1.65	0.00	0.00	0.00	0.20	7.25	100.00	2.30	27.04	2147	1067	217	50	0	0	0	0	3481	306.80	12.17	4.83	16.40	28.33	20.31	31.07	1.23	24.92	20.98
8/1/2016 9:33:34 AM	4.06	0.85	0.50	1.98	0.00	0.00	0.00	0.18	7.39	100.00	2.36	26.97	2151	851	225	59	0	0	0	0	3286	306.61	13.02	5.56	15.98	28.83	20.33	32.63	1.23	24.95	21.00
8/1/2016 9:33:37 AM	4.15	1.09	0.77	1.60	0.00	0.00	0.00	0.17	7.61	100.00	2.41	26.83	2198	1093	347	48	0	0	0	0	3686	306.45	12.91	5.29	17.05	29.20	20.52	32.74	1.24	24.99	20.97
8/1/2016 9:33:40 AM	4.37	0.95	0.40	2.28	0.00	0.00	0.00	0.18	8.01	100.00	2.48	26.69	2318	953	181	68	0	0	0	0	3521	305.97	14.08	5.76	17.41	30.83	22.54	35.04	1.24	25.01	21.01
8/1/2016 9:33:42 AM	4.15	1.04	0.66	2.16	0.00	0.00	0.00	0.22	8.01	100.00	2.55	26.51	2198	1043	298	65	0	0	0	0	3604	305.04	14.58	5.94	17.91	31.78	22.61	35.43	1.25	25.04	21.01
8/1/2016 9:33:45 AM	4.09	1.17	0.63	2.25	0.00	0.00	0.00	0.23	8.14	100.00	2.62	26.50	2169	1167	285	67	0	0	0	0	3688	305.04	14.89	6.09	18.76	32.17	23.58	35.56	1.26	25.08	21.03
8/1/2016 9:33:48 AM	4.20	0.97	0.72	2.62	0.00	0.00	0.00	0.19	8.50	100.00	2.70	26.42	2226	968	323	79	0	0	0	0	3595	305.61	16.16	6.60	18.63	32.99	24.27	37.98	1.26	25.10	21.05
8/1/2016 9:33:51 AM	4.27	0.81	0.48	2.77	0.00	0.00	0.00	0.22	8.34	100.00	2.75	26.28	2266	812	217	83	0	0	0	0	3377	305.11	15.90	6.62	17.80	33.24	23.82	37.93	1.27	25.13	21.04
8/1/2016 9:33:54 AM	3.63	0.76	0.77	2.40	0.00	0.00	0.00	0.29	7.55	100.00	2.83	26.10	1925	759	344	72	0	0	0	0	3100	305.34	15.29	5.73	16.20	32.45	21.90	35.55	1.28	25.15	21.09
8/1/2016 9:33:56 AM	3.85	0.77	0.80	2.35	0.00	0.00	0.00	0.24	7.76	100.00	2.89	26.00	2038	768	359	70	0	0	0	0	3236	304.64	15.21	6.00	16.50	32.05	21.81	35.97	1.28	25.18	21.11
8/1/2016 9:33:59 AM	4.20	0.80	0.66	2.56	0.00	0.00	0.00	0.22	8.21	100.00	2.93	26.02	2227	795	295	77	0	0	0	0	3394	305.13	15.67	6.29	17.33	32.83	23.04	37.51	1.29	25.21	21.08
8/1/2016 9:34:02 AM	4.16	0.85	0.40	2.51	0.00	0.00	0.00	0.27	7.92	100.00	2.97	26.04	2203	850	182	75	0	0	0	0	3310	304.65	14.88	5.89	17.09	32.66	22.87	36.06	1.29	25.24	21.11
8/1/2016 9:34:05 AM	4.11	0.77	0.47	2.53	0.00	0.00	0.00	0.26	7.88	100.00	3.01	26.12	2176	770	214	76	0	0	0	0	3235	304.37	15.04	5.88	16.68	32.51	22.58	36.24	1.29	25.25	21.11
8/1/2016 9:34:07 AM	3.41	0.68	0.91	2.31	0.00	0.00	0.00	0.29	7.30	100.00	3.07	26.12	1807	676	409	69	0	0	0	0	2961	304.96	15.13	6.04	15.58	31.70	20.75	34.89	1.30	25.30	21.11
8/1/2016 9:34:10 AM	3.44	0.56	0.91	2.32	0.00	0.00	0.00	0.28	7.23	100.00	3.12	26.10	1826	558	409	70	0	0	0	0	2862	305.13	15.06	5.90	14.89	31.56	20.22	35.00	1.31	25.31	21.15
8/1/2016 9:34:13 AM	3.51	0.55	0.69	2.28	0.00	0.00	0.00	0.28	7.03	100.00	3.16	25.97	1858	545	313	68	0	0	0	0	2785	304.86	14.27	5.77	14.50	30.68	19.73	33.79	1.31	25.34	21.14
8/1/2016 9:34:16 AM	3.50	0.41	0.52	2.58	0.00	0.00	0.00	0.25	7.01	100.00	3.20	25.80	1856	408	234	77	0	0	0	0	2575	304.66	14.44	5.93	14.04	29.98	19.99	33.83	1.31	25.36	21.14
8/1/2016 9:34:19 AM	3.24	0.67	0.88	2.11	0.00	0.00	0.00	0.25	6.89	100.00	3.25	25.84	1717	666	395	63	0	0	0	0	2842	305.59	14.11	5.37	14.69	29.42	19.74	32.53	1.32	25.39	21.18
8/1/2016 9:34:21 AM	3.36	0.54	0.40	2.48	0.00	0.00	0.00	0.29	6.77	100.00	3.30	25.88	1780	536	178	74	0	0	0	0	2568	304.40	13.87	5.79	14.29	29.74	19.98	32.41	1.32	25.39	21.23
8/1/2016 9:34:24 AM	3.04	0.48	0.82	2.37	0.00	0.00	0.00	0.28	6.70	100.00	3.35	25.81	1609	476	367	71	0	0	0	0	2524	303.86	14.54	5.84	13.94	29.83	19.40	32.87	1.33	25.44	21.19
8/1/2016 9:34:27 AM	3.00	0.47	0.72	2.33	0.00	0.00	0.00	0.27	6.52	100.00	3.40	25.77	1591	467	324	70	0	0	0	0	2452	304.32	14.02	5.69	13.60	28.84	18.99	31.80	1.33	25.46	21.18
8/1/2016 9:34:30 AM	3.16	0.49	0.93	2.16	0.00	0.00	0.00	0.24	6.74	100.00	3.44	25.75	1672	493	418	65	0	0	0	0	2648	304.90	14.20	5.45	13.76	29.17	18.94	32.64	1.34	25.47	21.21
8/1/2016 9:34:33 AM	3.20	0.55	0.88	2.17	0.00	0.00	0.00	0.23	6.79	100.00	3.51	25.80	1695	548	396	65	0	0	0	0	2704	304.21	14.08	5.60	14.13	28.85	19.15	32.42	1.34	25.49	21.21
8/1/2016 9:34:35 AM	3.05	0.45	0.55	2.33	0.00	0.00	0.00	0.26	6.38	100.00	3.60	25.72	1617	447	247	70	0	0	0	0	2381	304.44	13.45	5.61	13.28	28.13	18.66	30.92	1.35	25.51	21.24
8/1/2016 9:34:38 AM	2.46	0.46	0.97	2.07	0.00	0.00	0.00	0.26	5.95	100.00	3.73	25.35	1302	456	434	62	0	0	0	0	2255	304.86	13.51	5.33	12.67	27.03	17.59	29.50	1.37	25.54	21.25
8/1/2016 9:34:41 AM	2.67	0.46	0.68	2.14	0.00	0.00	0.00	0.27	5.96	100.00	3.87	25.03	1417	464	306	64	0	0	0	0	2252	304.58	12.99	5.37	12.72	26.89	17.72	29.13	1.38	25.56	21.25
8/1/2016 9:34:44 AM	2.53	0.49	0.73	2.12	0.00	0.00	0.00	0.31	5.88	100.00	3.98	24.69	1343	495	327	64	0	0	0	0	2228	304.86	13.14	5.17	12.73	27.42	17.86	29.07	1.39	25.57	21.27
8/1/2016 9:34:47 AM	2.56	0.54	0.73	2.31	0.00	0.00	0.00	0.28	6.15	100.00	4.11	24.62	1359	539	329	69	0	0	0	0	2297	304.08	13.77	5.65	13.53	27.74	18.86	29.98	1.40	25.59	21.29
8/1/2016 9:34:49 AM	2.34	0.49	0.86	2.83	0.00	0.00	0.00	0.32	6.52	100.00	4.19	24.61	1239	495	388	85	0	0	0	0	2207	303.98	15.86	6.10	14.32	30.09	20.97	32.70	1.41	25.61	21.29
8/1/2016 9:34:52 AM	2.46	0.51	0.90	2.93	0.00	0.00	0.00	0.32	6.80	100.00	4.26	24.72	1305	505	406	88	0	0	0	0	2304	304.03	16.43	6.37	14.85	30.99	21.64	34.00	1.42	25.61	21.28
8/1/2016 9:34:55 AM	2.63	0.50	0.74	2.97	0.00	0.00	0.00	0.32	6.83	100.00	4.32	24.81	1391	504	332	89	0	0	0	0	2316	303.38	16.11	6.65	14.96	30.99	21.55	33.92	1.42	25.65	21.34
8/1/2016 9:34:58 AM	2.55	0.55	0.78	3.46	0.00	0.00	0.00	0.30	7.35	100.00	4.35	24.87	1351	551	351	104	0	0	0	0	2357	303.49	17.85	7.35	16.36	32.24	23.94	36.16	1.43	25.65	21.34
8/1/2016 9:35:00 AM	2.40	0.58	0.88	3.18	0.00	0.00	0.00	0.33	7.05	100.00	4.38	24.85	1272	584	397	95	0	0	0	0	2349	302.83	17.24	7.03	15.91	31.86	22.90	34.97	1.43	25.67	21.34
8/1/2016 9:35:03 AM	2.42	0.63	0.89	3.18	0.00	0.00	0.00	0.33	7.12	100.00	4.41	24.82	1285	633	399	95	0	0	0	0	2413	303.80	17.32	7.19	16.29	32.05	23.13	35.12	1.43	25.67	21.33
8/1/2016 9:35:06 AM	2.60	0.58	0.67	3.36	0.00	0.00	0.00	0.32	7.21	100.00	4.45	24.78	1379	585	300	101	0	0	0	0	2365	303.27	17.24	7.28	16.26	32.00	23.51	35.36	1.44	25.70	21.39
8/1/2016 9:35:09 AM	2.70	0.58	0.79	3.33	0.00	0.00	0.00	0.32	7.40	100.00	4.49	24.77	1433	580	354	100	0	0	0	0	2467	302.82	17.64	7.34	16.47	32.84	23.67	36.44	1.44	25.72	21.36
8/1/2016 9:35:12 AM	2.44	0.54	0.80	3.15	0.00	0.00	0.00	0.34	6.93	100.00	4.52	24.75	1292	540	359	95	0	0	0	0	2286	302.94	16.90	6.86	15.48	31.78	22.50	34.61	1.44	25.72	21.40
8/1/2016 9:35:14 AM	2.32	0.51	0.87	3.20	0.00	0.00	0.00	0.36	6.91	100.00	4.57	24.69	1231	513	392	96	0	0	0	0	2233	303.86	17.25	6.74	15.34	32.16	22.66	34.92	1.45	25.75	21.39
8/1/2016 9:35:17 AM	2.29	0.45	0.68	3.00	0.00	0.00	0.00	0.34	6.43	100.00	4.60	24.57	1216	453	308	90	0	0	0	0	2066	302.91	15.84	6.11	14.13	30.03	21.25	32.43	1.45	25.75	21.41
8/1/2016 9:35:20 AM	1.96	0.46	0.66	2.54	0.00	0.00	0.00	0.36	5.62	100.00	4.68	24.17	1037	458	296	76	0	0	0	0	1868	303.87	14.03	5.71	12.81	27.75	18.75	28.73	1.46	25.76	21.41
8/1/2016 9:35:23 AM	1.91	0.60	0.75	2.30	0.00	0.00	0.00	0.35	5.57	100.00	4.75	23.76	1015	602	339	69	0	0	0	0	2025	303.53	13.57	5.47	13.20	26.99	18.57	27.74	1.47	25.77	21.45
8/1/2016 9:35:26 AM	1.70	0.47	0.70	1.88	0.00	0.00	0.00	0.37	4.75	100.00	4.87	23.62	900	473	313	56	0	0	0	0	1743	303.04	11.75	4.60	11.07	24.79	15.82	24.47	1.48	25.79	21.43
8/1/2016 9:35:28 AM	1.73	0.51	0.63	1.33	0.00	0.00	0.00	0.37	4.20	100.00	4.99	23.48	919	509	282	40	0	0	0	0	1750	302.68	9.76	3.75	9.93	22.81	13.62	21.47	1.49	25.80	21.42
8/1/2016 9:35:31 AM	1.68	0.44	0.59	1.16	0.00	0.00	0.00	0.38	3.87	100.00	5.17	23.28	890	437	266	35	0	0	0	0	1628	302.40	9.01	3.40	8.98	22.07	12.42	20.27	1.51	25.81	21.44
8/1/2016 9:35:34 AM	1.85	0.46	0.69	1.01	0.00	0.00	0.00	0.34	4.02	100.00	5.25	23.08	983	464	310	30	0	0	0	0	1788	301.28	8.86	3.12	9.06	21.67	12.31	20.47	1.51	25.81	21.45
8/1/2016 9:35:37 AM	2.07	0.51	0.66	0.97	0.00	0.00	0.00	0.35	4.22	100.00	5.35	22.99	1096	511	299	29	0	0	0	0	1935	301.14	8.91	3.12	9.46	22.61	12.62	21.26	1.52	25.82	21.45
8/1/2016 9:35:40 AM	1.88	0.48	0.67	1.03	0.00	0.00	0.00	0.37	4.06	100.00	5.41	22.84	999	481	300	31	0	0	0	0	1810	301.26	9.00	3.20	9.24	22.46	12.50	20.89	1.53	25.82	21.46
8/1/2016 9:35:42 AM	1.85	0.45	0.64	1.07	0.00	0.00	0.00	0.34	4.01	100.00	5.48	22.94	980	454	287	32	0	0	0	0	1753	300.58	8.88	3.22	9.07	21.75	12.39	20.48	1.54	25.83	21.47
8/1/2016 9:35:45 AM	1.91	0.47	0.61	1.10	0.00	0.00	0.00	0.36	4.10	100.00	5.61	22.65	1012	470	275	33	0	0	0	0	1791	298.99	9.03	3.37	9.32	22.38	12.63	20.96	1.55	25.83	21.47
8/1/2016 9:35:48 AM	2.02	0.55	0.77	1.11	0.00	0.00	0.00	0.31	4.45	100.00	5.75	22.18	1071	554	346	33	0	0	0	0	2004	298.19	9.58	3.55	10.18	22.57	13.41	22.00	1.56	25.83	21.50
8/1/2016 9:35:51 AM	2.19	0.59	0.73	1.36	0.00	0.00	0.00	0.28	4.87	100.00	5.85	22.18	1159	592	327	41	0	0	0	0	2119	297.53	10.32	4.01	11.13	23.03	14.76	23.39	1.57	25.84	21.50
8/1/2016 9:35:53 AM	2.41	0.74	1.02	2.64	0.00	0.00	0.00	0.20	6.82	100.00	5.96	22.09	1279	741	460	79	0	0	0	0	2559	294.14	15.66	6.26	15.72	28.10	21.63	31.96	1.58	25.85	21.51
8/1/2016 9:35:56 AM	2.36	0.76	1.09	2.91	0.00	0.00	0.00	0.18	7.11	100.00	6.01	21.94	1249	761	490	87	0	0	0	0	2587	295.10	16.68	6.69	16.49	28.68	22.90	33.26	1.59	25.84	21.52
8/1/2016 9:35:59 AM	2.28	0.71	1.01	2.91	0.00	0.00	0.00	0.23	6.91	100.00	6.06	22.01	1209	710	455	87	0	0	0	0	2461	294.06	16.49	6.36	15.93	28.97	22.62	32.86	1.59	25.84	21.51
8/1/2016 9:36:02 AM	2.36	1.22	1.66	5.24	0.00	0.00	0.00	0.11	10.49	100.00	6.11	22.11	1252	1221	749	157	0	0	0	0	3379	293.63	26.57	11.37	25.82	38.26	35.87	47.93	1.60	25.84	21.52
8/1/2016 9:36:05 AM	2.67	1.85	2.48	13.94	0.00	0.00	0.00	0.00	20.94	100.00	6.20	22.13	1413	1849	1115	418	0	0	0	0	4795	290.14	58.75	24.20	52.07	69.10	78.05	98.50	1.61	25.84	21.53
8/1/2016 9:36:07 AM	2.79	2.21	3.01	20.24	0.00	0.00	0.00	0.00	28.25	100.00	6.26	21.64	1480	2214	1354	607	0	0	0	0	5656	287.59	82.04	35.54	70.04	95.09	107.36	133.21	1.61	25.84	21.53
8/1/2016 9:36:10 AM	2.76	3.85	4.51	30.77	0.00	0.00	0.00	0.00	41.89	100.00	6.38	21.01	1460	3851	2031	923	0	0	0	0	8265	283.39	123.61	53.84	108.02	138.03	162.72	196.95	1.62	25.84	21.55
8/1/2016 9:36:13 AM	4.55	1.76	2.64	12.64	0.00	0.00	0.00	0.00	21.59	100.00	6.45	20.29	2410	1761	1189	379	0	0	0	0	5739	289.17	56.35	21.72	50.57	71.70	74.80	101.54	1.63	25.83	21.53
8/1/2016 9:36:16 AM	4.48	2.20	2.69	17.18	0.00	0.00	0.00	0.00	26.55	100.00	6.49	19.65	2375	2200	1209	515	0	0	0	0	6299	287.46	71.98	30.21	64.40	87.83	95.81	124.44	1.64	25.83	21.55
8/1/2016 9:36:19 AM	4.81	2.19	2.37	14.86	0.00	0.00	0.00	0.00	24.23	100.00	6.54	19.61	2547	2189	1067	446	0	0	0	0	6249	287.54	63.39	27.11	58.92	79.68	85.48	112.28	1.64	25.82	21.58
8/1/2016 9:36:21 AM	4.41	2.07	2.33	12.97	0.00	0.00	0.00	0.00	21.79	100.00	6.59	19.67	2338	2070	1050	389	0	0	0	0	5847	289.06	56.51	24.38	53.25	71.69	76.15	100.59	1.65	25.82	21.54
8/1/2016 9:36:24 AM	4.69	2.14	2.04	6.21	0.00	0.00	0.00	0.01	15.09	100.00	6.64	19.45	2487	2144	919	186	0	0	0	0	5736	289.53	33.39	14.77	37.11	50.34	47.71	64.77	1.65	25.81	21.57
8/1/2016 9:36:27 AM	4.49	1.70	1.36	6.53	0.00	0.00	0.00	0.00	14.07	100.00	6.67	18.95	2378	1698	612	196	0	0	0	0	4884	290.32	31.58	14.00	33.87	46.56	45.58	61.39	1.65	25.81	21.58
8/1/2016 9:36:30 AM	4.05	1.88	1.98	6.88	0.00	0.00	0.00	0.00	14.79	100.00	6.70	18.39	2147	1880	890	206	0	0	0	0	5123	290.01	34.70	14.40	36.01	49.36	48.85	64.91	1.66	25.79	21.60
8/1/2016 9:36:33 AM	4.45	1.67	1.26	6.86	0.00	0.00	0.00	0.02	14.23	100.00	6.73	17.77	2357	1671	565	206	0	0	0	0	4799	290.74	32.42	14.18	34.07	47.87	46.90	62.16	1.66	25.78	21.58
8/1/2016 9:36:35 AM	3.43	1.37	1.16	5.71	0.00	0.00	0.00	0.09	11.66	100.00	6.77	17.98	1818	1373	520	171	0	0	0	0	3882	290.49	27.37	11.89	28.23	41.00	39.20	51.76	1.66	25.76	21.57
8/1/2016 9:36:38 AM	3.52	1.61	1.07	4.48	0.00	0.00	0.00	0.08	10.68	100.00	6.80	18.27	1864	1610	481	134	0	0	0	0	4090	288.53	23.22	10.66	26.94	36.79	34.96	45.42	1.67	25.75	21.57
8/1/2016 9:36:41 AM	3.54	1.74	1.32	4.57	0.00	0.00	0.00	0.04	11.17	100.00	6.83	18.55	1875	1744	595	137	0	0	0	0	4351	290.04	24.38	10.96	28.32	37.71	36.46	47.18	1.67	25.75	21.60
8/1/2016 9:36:44 AM	2.96	1.73	1.34	4.37	0.00	0.00	0.00	0.11	10.40	100.00	6.86	18.46	1567	1731	602	131	0	0	0	0	4031	290.70	23.53	10.82	27.27	36.58	34.88	44.37	1.67	25.71	21.55
8/1/2016 9:36:46 AM	2.93	1.37	0.82	4.57	0.00	0.00	0.00	0.13	9.68	100.00	6.90	18.04	1552	1366	368	137	0	0	0	0	3423	290.49	22.24	9.78	24.45	34.86	33.40	42.20	1.68	25.70	21.57
8/1/2016 9:36:49 AM	2.68	1.34	0.56	3.99	0.00	0.00	0.00	0.17	8.58	100.00	6.92	17.82	1422	1342	250	120	0	0	0	0	3134	292.06	19.36	8.74	22.32	31.71	30.16	36.98	1.68	25.68	21.61
8/1/2016 9:36:52 AM	2.65	1.44	0.56	3.86	0.00	0.00	0.00	0.16	8.51	100.00	6.97	17.70	1406	1440	252	116	0	0	0	0	3213	293.21	18.95	8.67	22.60	30.95	30.06	36.07	1.68	25.66	21.58
8/1/2016 9:36:55 AM	2.62	1.44	0.58	3.78	0.00	0.00	0.00	0.16	8.42	100.00	7.00	17.22	1389	1444	260	113	0	0	0	0	3206	292.31	18.68	8.84	22.52	30.58	29.55	35.60	1.69	25.64	21.58
8/1/2016 9:36:58 AM	2.52	1.42	0.46	3.43	0.00	0.00	0.00	0.16	7.84	100.00	7.05	17.11	1338	1423	209	103	0	0	0	0	3072	292.50	17.08	8.03	21.23	28.71	27.79	32.79	1.69	25.62	21.59
8/1/2016 9:37:00 AM	2.68	1.46	0.54	3.43	0.00	0.00	0.00	0.16	8.11	100.00	7.10	16.44	1421	1459	244	103	0	0	0	0	3227	292.21	17.46	8.23	21.78	29.46	28.21	33.90	1.70	25.60	21.59
8/1/2016 9:37:03 AM	2.35	1.29	0.29	3.59	0.00	0.00	0.00	0.19	7.52	100.00	7.13	16.28	1246	1286	131	108	0	0	0	0	2770	293.67	16.91	7.71	20.22	28.34	27.50	32.02	1.70	25.57	21.59
8/1/2016 9:37:06 AM	2.31	1.40	0.50	3.13	0.00	0.00	0.00	0.19	7.34	100.00	7.19	16.35	1222	1403	227	94	0	0	0	0	2946	294.06	16.11	7.36	20.17	27.57	26.36	30.76	1.70	25.55	21.58
8/1/2016 9:37:09 AM	2.33	1.42	0.40	2.96	0.00	0.00	0.00	0.19	7.11	100.00	7.29	15.42	1236	1424	179	89	0	0	0	0	2927	292.88	15.22	7.24	19.83	26.67	25.51	29.40	1.71	25.53	21.57
8/1/2016 9:37:12 AM	2.25	1.36	0.33	3.18	0.00	0.00	0.00	0.20	7.13	100.00	7.32	14.85	1193	1361	149	95	0	0	0	0	2798	292.57	15.69	7.30	19.73	27.08	26.05	29.88	1.72	25.50	21.60
8/1/2016 9:37:14 AM	2.37	1.41	0.30	3.29	0.00	0.00	0.00	0.21	7.36	100.00	7.40	14.92	1256	1407	133	99	0	0	0	0	2894	293.37	16.05	7.77	20.44	27.87	26.67	30.78	1.72	25.46	21.57
8/1/2016 9:37:17 AM	2.40	1.38	0.30	3.16	0.00	0.00	0.00	0.19	7.24	100.00	7.47	14.89	1271	1383	134	95	0	0	0	0	2883	292.72	15.60	7.47	19.99	27.15	26.09	30.13	1.73	25.43	21.58
8/1/2016 9:37:20 AM	2.39	1.33	0.29	2.99	0.00	0.00	0.00	0.19	7.01	100.00	7.54	15.23	1268	1327	132	90	0	0	0	0	2817	293.72	14.98	6.90	19.14	26.49	25.21	29.22	1.74	25.40	21.58
8/1/2016 9:37:23 AM	2.15	1.48	0.39	2.88	0.00	0.00	0.00	0.19	6.90	100.00	7.61	15.43	1139	1482	177	86	0	0	0	0	2884	293.50	14.86	7.21	19.82	25.92	25.23	28.21	1.75	25.37	21.56
8/1/2016 9:37:26 AM	2.38	1.36	0.19	3.14	0.00	0.00	0.00	0.17	7.07	100.00	7.68	15.75	1262	1357	84	94	0	0	0	0	2797	293.19	15.07	7.05	19.48	25.98	25.82	29.03	1.75	25.33	21.55
8/1/2016 9:37:28 AM	2.28	1.37	0.30	3.03	0.00	0.00	0.00	0.18	6.98	100.00	7.76	15.11	1208	1374	133	91	0	0	0	0	2806	293.81	14.99	7.08	19.41	25.91	25.39	28.75	1.76	25.29	21.55
8/1/2016 9:37:31 AM	2.24	1.39	0.25	2.86	0.00	0.00	0.00	0.20	6.73	100.00	7.81	14.91	1186	1387	112	86	0	0	0	0	2771	293.82	14.34	6.84	19.01	25.59	24.64	27.69	1.77	25.25	21.51
8/1/2016 9:37:34 AM	2.15	1.39	0.27	3.06	0.00	0.00	0.00	0.20	6.87	100.00	7.86	15.21	1138	1389	123	92	0	0	0	0	2742	293.16	15.05	7.08	19.42	26.11	25.50	28.48	1.77	25.23	21.55
8/1/2016 9:37:37 AM	2.38	1.48	0.35	2.92	0.00	0.00	0.00	0.18	7.12	100.00	7.91	15.72	1259	1476	160	87	0	0	0	0	2983	293.61	15.01	7.22	20.05	26.45	25.59	29.10	1.78	25.19	21.55
8/1/2016 9:37:39 AM	2.57	1.49	0.42	2.85	0.00	0.00	0.00	0.17	7.33	100.00	8.00	15.95	1363	1486	189	85	0	0	0	0	3124	293.18	15.10	7.21	20.26	26.87	25.64	29.88	1.78	25.15	21.51
8/1/2016 9:37:42 AM	2.28	1.40	0.31	3.04	0.00	0.00	0.00	0.18	7.03	100.00	8.06	16.09	1206	1403	138	91	0	0	0	0	2839	291.26	15.14	7.16	19.66	26.22	25.63	28.97	1.79	25.11	21.51
8/1/2016 9:37:45 AM	2.33	1.42	0.21	2.99	0.00	0.00	0.00	0.19	6.95	100.00	8.13	15.70	1237	1417	93	90	0	0	0	0	2837	292.88	14.71	7.11	19.57	25.93	25.37	28.41	1.80	25.08	21.49
8/1/2016 9:37:48 AM	2.11	1.42	0.32	2.93	0.00	0.00	0.00	0.21	6.79	100.00	8.20	15.55	1121	1421	144	88	0	0	0	0	2774	292.75	14.77	7.04	19.38	25.85	25.09	27.99	1.80	25.04	21.48
8/1/2016 9:37:51 AM	2.12	1.38	0.24	2.96	0.00	0.00	0.00	0.20	6.70	100.00	8.29	15.32	1126	1377	107	89	0	0	0	0	2699	292.35	14.55	6.89	19.03	25.38	24.93	27.59	1.81	25.01	21.51
8/1/2016 9:37:53 AM	2.30	1.45	0.38	2.93	0.00	0.00	0.00	0.18	7.05	100.00	8.35	15.15	1217	1451	169	88	0	0	0	0	2926	293.17	15.02	7.00	19.79	26.10	25.56	28.84	1.82	24.96	21.47
8/1/2016 9:37:56 AM	2.26	1.35	0.16	3.08	0.00	0.00	0.00	0.21	6.84	100.00	8.42	15.36	1196	1346	74	92	0	0	0	0	2708	291.96	14.79	7.02	19.15	26.04	25.30	28.38	1.83	24.93	21.49
8/1/2016 9:37:59 AM	2.46	1.52	0.30	2.96	0.00	0.00	0.00	0.15	7.24	98.10	8.47	15.54	1305	1515	136	89	0	0	0	0	3045	275.41	14.98	7.05	20.31	25.90	26.10	29.01	1.83	24.88	21.47
8/1/2016 9:38:02 AM	2.37	1.48	0.25	2.95	0.00	0.00	0.00	0.16	7.05	94.72	8.52	15.05	1256	1476	114	89	0	0	0	0	2934	265.93	14.74	7.09	19.93	25.67	25.63	28.43	1.84	24.84	21.45
8/1/2016 9:38:05 AM	2.23	1.44	0.37	2.95	0.00	0.00	0.00	0.16	6.99	97.98	8.60	14.68	1179	1437	167	89	0	0	0	0	2872	275.08	14.97	7.07	19.69	25.58	25.46	28.47	1.84	24.80	21.47
8/1/2016 9:38:07 AM	2.12	1.39	0.40	2.66	0.00	0.00	0.00	0.15	6.57	99.98	8.68	14.59	1123	1386	182	80	0	0	0	0	2771	280.71	13.95	6.46	18.56	24.12	23.92	26.63	1.85	24.75	21.41
8/1/2016 9:38:10 AM	2.21	1.50	0.45	2.73	0.00	0.00	0.00	0.15	6.89	97.00	8.74	14.43	1169	1505	201	82	0	0	0	0	2957	272.33	14.48	6.86	19.67	24.95	24.92	27.63	1.86	24.71	21.42
8/1/2016 9:38:13 AM	2.08	1.53	0.49	2.82	0.00	0.00	0.00	0.17	6.92	100.00	8.78	14.62	1103	1529	221	84	0	0	0	0	2937	282.80	14.91	7.15	20.01	25.49	25.30	27.98	1.86	24.66	21.40
8/1/2016 9:38:16 AM	2.30	1.54	0.39	2.85	0.00	0.00	0.00	0.16	7.08	98.87	8.85	14.69	1218	1545	173	86	0	0	0	0	3021	277.59	14.84	7.18	20.27	25.70	25.64	28.42	1.87	24.61	21.39
8/1/2016 9:38:19 AM	2.25	1.49	0.27	2.95	0.00	0.00	0.00	0.20	6.95	99.94	8.89	14.80	1191	1485	121	89	0	0	0	0	2885	280.57	14.83	7.19	19.92	26.18	25.56	28.36	1.87	24.57	21.40
8/1/2016 9:38:21 AM	2.28	1.49	0.31	3.04	0.00	0.00	0.00	0.19	7.12	96.45	8.94	14.96	1209	1488	140	91	0	0	0	0	2928	270.79	15.25	7.26	20.22	26.46	26.10	29.07	1.88	24.52	21.37
8/1/2016 9:38:24 AM	2.54	1.56	0.37	3.01	0.00	0.00	0.00	0.14	7.48	99.51	9.02	15.09	1344	1559	168	90	0	0	0	0	3162	279.38	15.46	7.47	20.97	26.53	26.61	29.99	1.88	24.49	21.33
8/1/2016 9:38:27 AM	2.29	1.39	0.33	2.81	0.00	0.00	0.00	0.17	6.82	100.00	9.12	15.01	1213	1395	147	84	0	0	0	0	2839	288.07	14.38	6.77	19.08	25.32	24.63	27.86	1.89	24.44	21.32
8/1/2016 9:38:30 AM	2.26	1.29	0.12	2.92	0.00	0.00	0.00	0.21	6.59	100.00	9.21	14.55	1198	1291	53	88	0	0	0	0	2630	288.82	14.09	6.48	18.30	25.30	24.41	27.35	1.90	24.39	21.32
8/1/2016 9:38:32 AM	2.14	1.42	0.40	2.89	0.00	0.00	0.00	0.19	6.86	91.63	9.30	14.39	1134	1423	181	87	0	0	0	0	2826	257.23	14.87	7.07	19.45	25.81	25.03	28.23	1.91	24.35	21.28
8/1/2016 9:38:35 AM	2.26	1.36	0.07	3.24	0.00	0.00	0.00	0.21	6.93	83.16	9.36	14.55	1197	1359	31	97	0	0	0	0	2685	233.45	15.04	7.53	19.59	26.31	25.77	28.71	1.92	24.29	21.29
8/1/2016 9:38:38 AM	2.29	1.45	0.21	3.02	0.00	0.00	0.00	0.21	6.97	79.08	9.42	14.70	1216	1446	93	91	0	0	0	0	2845	221.99	14.86	7.54	19.91	26.46	25.44	28.64	1.92	24.25	21.27
8/1/2016 9:38:41 AM	2.34	1.51	0.32	2.85	0.00	0.00	0.00	0.19	7.02	100.00	9.49	14.84	1242	1508	144	85	0	0	0	0	2980	284.26	14.69	7.25	20.05	26.20	25.32	28.50	1.93	24.20	21.26
8/1/2016 9:38:44 AM	2.23	1.35	0.14	2.83	0.00	0.00	0.00	0.20	6.56	100.00	9.58	14.93	1185	1349	65	85	0	0	0	0	2684	287.46	13.87	6.65	18.54	24.95	24.19	26.88	1.94	24.15	21.21
8/1/2016 9:38:46 AM	2.20	1.42	0.29	2.80	0.00	0.00	0.00	0.18	6.72	100.00	9.63	14.93	1168	1424	130	84	0	0	0	0	2807	291.89	14.19	6.95	19.16	24.89	24.50	27.23	1.94	24.11	21.21
8/1/2016 9:38:49 AM	2.14	1.57	0.38	2.82	0.00	0.00	0.00	0.19	6.92	100.00	9.68	14.72	1134	1573	172	85	0	0	0	0	2964	291.63	14.70	7.37	20.28	25.73	25.35	27.83	1.95	24.05	21.21
8/1/2016 9:38:52 AM	2.20	1.38	0.17	2.93	0.00	0.00	0.00	0.19	6.68	100.00	9.75	14.94	1167	1378	78	88	0	0	0	0	2711	291.69	14.24	6.87	18.96	24.97	24.73	27.25	1.96	24.01	21.17
8/1/2016 9:38:55 AM	2.14	1.54	0.43	2.69	0.00	0.00	0.00	0.18	6.80	100.00	9.78	14.65	1132	1540	194	81	0	0	0	0	2947	291.12	14.40	6.87	19.74	25.28	24.88	27.38	1.96	23.97	21.18
8/1/2016 9:38:58 AM	2.11	1.48	0.23	2.85	0.00	0.00	0.00	0.21	6.68	100.00	9.77	14.45	1120	1482	104	86	0	0	0	0	2790	290.70	14.29	6.93	19.45	25.34	24.96	27.09	1.96	23.93	21.16
8/1/2016 9:39:00 AM	1.79	1.60	0.53	2.19	0.00	0.00	0.00	0.11	6.11	81.55	9.90	14.35	947	1600	240	66	0	0	0	0	2852	228.93	12.60	6.08	18.63	21.16	22.80	23.16	1.97	23.89	21.14
8/1/2016 9:39:03 AM	1.82	1.60	0.46	2.30	0.00	0.00	0.00	0.14	6.18	89.77	10.08	14.31	963	1602	207	69	0	0	0	0	2842	252.03	12.85	6.13	18.81	21.96	23.25	23.67	1.99	23.83	21.14
