Date/Time	Green Algae	Bluegreen	Diatoms	Cryptophyta	#4	#5	#6	Yellow substances	Total conc.	Transmission	Depth	Temp. Sample	Green Algae	Bluegreen	Diatoms	Cryptophyta	#4	#5	#6	Yellow substances	Total cell count	Trans. 700 nm	LED 3 [525 nm]	LED 4 [570 nm]	LED 5 [610 nm]	LED 6 [370 nm]	LED 7 [590 nm]	LED 8 [470 nm]	Pressure	Temp. LEDs	Temp. Sensor
date	µg/l	µg/l	µg/l	µg/l	µg/l	µg/l	µg/l	µg/l	µg/l	%	m	°C	cells/ml	cells/ml	cells/ml	cells/ml	cells/ml	cells/ml	cells/ml	cells/ml	cells/ml	digits	digits	digits	digits	digits	digits	digits	bar	°C	°C
7/27/2016 7:49:21 PM	4.27	0.42	1.81	1.57	0.00	0.00	0.00	0.00	8.07	100.00	0.29	27.07	2265	417	812	47	0	0	0	0	3541	288.92	14.94	4.26	14.80	27.49	18.31	39.14	1.03	22.10	19.31
7/27/2016 7:49:24 PM	3.90	0.43	2.05	1.40	0.00	0.00	0.00	0.00	7.78	100.00	0.55	27.08	2068	426	925	42	0	0	0	0	3461	294.46	14.91	4.28	14.37	26.94	17.52	37.95	1.05	22.14	19.30
7/27/2016 7:49:27 PM	4.04	0.39	1.78	1.52	0.00	0.00	0.00	0.00	7.72	100.00	0.72	27.14	2142	390	799	45	0	0	0	0	3376	297.29	14.47	4.12	14.15	26.47	17.65	37.51	1.07	22.20	19.32
7/27/2016 7:49:30 PM	3.94	0.43	1.99	1.42	0.00	0.00	0.00	0.00	7.78	100.00	0.80	27.09	2088	429	894	43	0	0	0	0	3453	297.77	14.81	3.95	14.35	26.68	17.73	37.95	1.08	22.25	19.32
7/27/2016 7:49:32 PM	3.60	0.42	2.23	1.39	0.00	0.00	0.00	0.00	7.64	100.00	0.94	27.05	1906	424	1003	42	0	0	0	0	3374	296.62	15.25	3.97	14.13	26.66	17.60	37.57	1.09	22.29	19.33
7/27/2016 7:49:35 PM	3.93	0.40	2.02	1.46	0.00	0.00	0.00	0.00	7.82	100.00	1.03	26.99	2082	402	911	44	0	0	0	0	3439	296.27	15.00	4.12	14.43	26.72	17.69	38.47	1.10	22.34	19.34
7/27/2016 7:49:38 PM	4.07	0.36	2.06	1.32	0.00	0.00	0.00	0.00	7.82	100.00	1.16	27.02	2157	362	927	40	0	0	0	0	3486	297.05	14.70	4.22	14.15	26.87	16.92	38.62	1.11	22.37	19.32
7/27/2016 7:49:41 PM	3.99	0.38	1.96	1.43	0.00	0.00	0.00	0.00	7.76	100.00	1.27	27.07	2116	379	881	43	0	0	0	0	3419	296.88	14.73	4.23	14.15	26.79	17.37	38.00	1.12	22.42	19.37
7/27/2016 7:49:44 PM	4.12	0.43	1.88	1.45	0.00	0.00	0.00	0.00	7.87	100.00	1.36	26.90	2182	431	845	43	0	0	0	0	3502	296.39	14.68	3.83	14.44	26.84	17.95	38.26	1.13	22.47	19.33
7/27/2016 7:49:46 PM	3.92	0.38	2.07	1.42	0.00	0.00	0.00	0.00	7.79	100.00	1.43	26.87	2076	384	932	43	0	0	0	0	3434	297.21	15.02	4.26	14.11	27.26	17.47	38.06	1.14	22.52	19.38
7/27/2016 7:49:49 PM	4.11	0.27	1.79	1.70	0.00	0.00	0.00	0.00	7.87	100.00	1.52	26.77	2179	268	805	51	0	0	0	0	3303	297.03	15.02	4.44	14.06	27.00	17.75	39.00	1.15	22.56	19.42
7/27/2016 7:49:52 PM	4.02	0.34	1.96	1.67	0.00	0.00	0.00	0.00	7.99	100.00	1.61	26.70	2128	343	884	50	0	0	0	0	3405	297.03	15.51	4.27	14.48	27.50	18.32	39.42	1.16	22.59	19.41
7/27/2016 7:49:55 PM	4.03	0.46	1.88	1.55	0.00	0.00	0.00	0.00	7.92	100.00	1.71	26.62	2134	455	847	47	0	0	0	0	3482	296.03	14.97	4.53	14.87	27.06	18.16	38.33	1.17	22.64	19.40
7/27/2016 7:49:57 PM	4.05	0.46	2.07	1.45	0.00	0.00	0.00	0.00	8.02	100.00	1.82	26.60	2145	458	931	44	0	0	0	0	3578	295.53	15.25	4.48	14.97	27.56	18.03	39.10	1.18	22.69	19.42
7/27/2016 7:50:00 PM	3.88	0.48	2.11	1.49	0.00	0.00	0.00	0.00	7.95	100.00	1.92	26.56	2057	477	947	45	0	0	0	0	3526	294.54	15.44	4.38	14.85	27.63	18.32	38.50	1.19	22.73	19.44
7/27/2016 7:50:03 PM	3.76	0.51	2.10	1.57	0.00	0.00	0.00	0.00	7.94	100.00	1.99	26.40	1994	509	946	47	0	0	0	0	3495	294.26	15.60	4.74	15.22	27.39	18.54	38.43	1.20	22.77	19.43
7/27/2016 7:50:06 PM	3.50	0.62	2.19	1.42	0.00	0.00	0.00	0.00	7.72	100.00	2.08	26.29	1853	619	984	43	0	0	0	0	3498	294.22	15.35	4.73	15.17	27.12	18.43	36.56	1.20	22.80	19.47
7/27/2016 7:50:09 PM	3.76	0.51	2.04	1.53	0.00	0.00	0.00	0.00	7.84	100.00	2.17	26.20	1992	507	918	46	0	0	0	0	3463	294.36	15.33	4.65	14.85	27.47	18.41	37.53	1.21	22.85	19.45
7/27/2016 7:50:11 PM	3.33	0.61	2.24	1.49	0.00	0.00	0.00	0.00	7.67	100.00	2.27	26.17	1766	610	1007	45	0	0	0	0	3428	293.14	15.65	4.92	15.13	27.22	18.60	36.37	1.22	22.89	19.50
7/27/2016 7:50:14 PM	3.42	0.71	2.44	1.36	0.00	0.00	0.00	0.00	7.93	100.00	2.34	26.15	1812	709	1099	41	0	0	0	0	3661	293.17	16.02	4.94	15.87	28.00	18.92	37.44	1.23	22.94	19.49
7/27/2016 7:50:17 PM	3.62	0.52	2.17	1.59	0.00	0.00	0.00	0.00	7.91	100.00	2.41	26.08	1919	524	977	48	0	0	0	0	3468	293.22	15.91	4.82	15.00	28.14	18.88	37.76	1.24	22.98	19.53
7/27/2016 7:50:20 PM	3.44	0.58	2.20	1.54	0.00	0.00	0.00	0.00	7.76	100.00	2.51	26.03	1824	580	989	46	0	0	0	0	3439	292.69	15.74	4.96	15.12	27.57	18.72	36.84	1.25	23.01	19.54
7/27/2016 7:50:23 PM	3.27	0.65	2.29	1.42	0.00	0.00	0.00	0.00	7.63	100.00	2.60	25.99	1731	651	1029	43	0	0	0	0	3454	293.29	15.61	4.70	15.06	27.29	18.68	35.83	1.25	23.06	19.54
7/27/2016 7:50:25 PM	3.51	0.62	2.15	1.53	0.00	0.00	0.00	0.00	7.80	100.00	2.69	25.95	1859	615	969	46	0	0	0	0	3489	293.29	15.62	4.92	15.30	27.58	18.86	36.80	1.26	23.11	19.55
7/27/2016 7:50:28 PM	3.42	0.68	2.12	1.52	0.00	0.00	0.00	0.00	7.74	100.00	2.77	25.93	1815	677	955	46	0	0	0	0	3492	292.64	15.51	4.94	15.47	27.35	19.06	36.11	1.27	23.15	19.58
7/27/2016 7:50:31 PM	3.42	0.69	2.25	1.60	0.00	0.00	0.00	0.00	7.96	100.00	2.86	25.91	1814	687	1013	48	0	0	0	0	3561	292.56	16.21	5.28	15.87	28.38	19.59	37.14	1.28	23.19	19.57
7/27/2016 7:50:34 PM	3.28	0.69	2.39	1.61	0.00	0.00	0.00	0.00	7.96	100.00	2.96	25.88	1739	688	1074	48	0	0	0	0	3549	292.59	16.56	5.49	15.98	28.53	19.59	37.37	1.29	23.23	19.62
7/27/2016 7:50:37 PM	3.43	0.57	2.11	1.77	0.00	0.00	0.00	0.00	7.88	100.00	2.99	25.86	1818	571	949	53	0	0	0	0	3391	292.97	16.22	5.33	15.32	28.30	19.53	37.09	1.29	23.27	19.59
7/27/2016 7:50:39 PM	3.29	0.72	2.28	1.63	0.00	0.00	0.00	0.00	7.91	100.00	3.10	25.81	1742	719	1024	49	0	0	0	0	3533	292.58	16.34	5.40	16.02	28.26	19.78	36.79	1.30	23.30	19.63
7/27/2016 7:50:42 PM	3.41	0.78	2.35	1.66	0.00	0.00	0.00	0.00	8.19	100.00	3.14	25.78	1805	778	1059	50	0	0	0	0	3691	292.51	16.83	5.67	16.68	29.32	20.43	37.85	1.31	23.35	19.66
7/27/2016 7:50:45 PM	3.59	0.68	2.26	1.77	0.00	0.00	0.00	0.00	8.30	100.00	3.20	25.74	1902	685	1016	53	0	0	0	0	3656	292.67	16.92	5.67	16.51	29.55	20.43	38.82	1.31	23.39	19.64
7/27/2016 7:50:48 PM	3.42	0.80	2.40	1.57	0.00	0.00	0.00	0.00	8.20	100.00	3.31	25.70	1814	805	1082	47	0	0	0	0	3747	292.80	16.74	5.60	16.80	29.20	20.26	37.93	1.32	23.42	19.65
7/27/2016 7:50:50 PM	3.43	0.75	2.27	1.68	0.00	0.00	0.00	0.00	8.13	100.00	3.40	25.69	1816	754	1019	51	0	0	0	0	3640	292.30	16.66	5.61	16.34	29.39	20.40	37.28	1.33	23.47	19.69
7/27/2016 7:50:53 PM	3.41	0.80	2.39	1.68	0.00	0.00	0.00	0.01	8.28	100.00	3.51	25.67	1806	803	1076	50	0	0	0	0	3736	292.36	17.12	5.80	16.83	30.10	20.78	38.02	1.34	23.50	19.71
7/27/2016 7:50:56 PM	3.53	0.79	2.32	1.64	0.00	0.00	0.00	0.00	8.28	100.00	3.59	25.58	1869	791	1045	49	0	0	0	0	3754	292.62	16.81	5.69	16.69	29.89	20.57	37.88	1.35	23.55	19.70
7/27/2016 7:50:59 PM	3.29	0.76	2.20	1.73	0.00	0.00	0.00	0.03	7.98	100.00	3.68	25.49	1744	761	989	52	0	0	0	0	3546	292.19	16.60	5.86	16.34	29.57	20.29	36.84	1.36	23.58	19.73
7/27/2016 7:51:02 PM	3.29	0.87	2.40	1.65	0.00	0.00	0.00	0.03	8.21	100.00	3.76	25.39	1746	868	1079	49	0	0	0	0	3743	291.65	17.09	5.87	17.08	30.30	20.87	37.66	1.37	23.61	19.72
7/27/2016 7:51:04 PM	3.36	0.94	2.42	1.56	0.00	0.00	0.00	0.02	8.28	100.00	3.88	25.27	1783	938	1088	47	0	0	0	0	3856	291.68	16.94	5.74	17.38	30.13	20.99	37.53	1.38	23.65	19.75
7/27/2016 7:51:07 PM	2.97	0.91	2.20	1.73	0.00	0.00	0.00	0.06	7.80	100.00	3.97	25.14	1573	905	988	52	0	0	0	0	3518	291.80	16.58	5.79	16.84	29.22	20.81	35.66	1.39	23.69	19.76
7/27/2016 7:51:10 PM	3.20	0.83	1.96	1.83	0.00	0.00	0.00	0.06	7.82	100.00	4.06	25.08	1696	828	881	55	0	0	0	0	3461	291.55	16.22	5.89	16.55	29.12	20.68	35.71	1.40	23.71	19.79
7/27/2016 7:51:13 PM	2.94	0.85	2.28	1.65	0.00	0.00	0.00	0.07	7.72	100.00	4.19	24.91	1560	848	1027	49	0	0	0	0	3484	291.67	16.54	5.61	16.37	29.32	20.29	35.71	1.41	23.76	19.78
7/27/2016 7:51:16 PM	2.98	0.83	2.16	1.78	0.00	0.00	0.00	0.04	7.75	100.00	4.27	24.81	1578	827	973	53	0	0	0	0	3432	291.28	16.49	5.86	16.45	28.70	20.50	35.53	1.42	23.77	19.80
7/27/2016 7:51:18 PM	2.95	0.95	2.19	1.78	0.00	0.00	0.00	0.06	7.87	100.00	4.38	24.81	1561	951	988	54	0	0	0	0	3553	290.89	16.78	6.14	17.31	29.46	21.14	35.88	1.43	23.82	19.82
7/27/2016 7:51:21 PM	2.74	0.92	2.12	1.79	0.00	0.00	0.00	0.08	7.56	100.00	4.47	24.65	1451	917	952	54	0	0	0	0	3374	291.23	16.40	5.89	16.72	28.71	20.72	34.63	1.44	23.84	19.81
7/27/2016 7:51:24 PM	2.95	0.86	1.97	1.87	0.00	0.00	0.00	0.08	7.64	100.00	4.55	24.62	1565	855	885	56	0	0	0	0	3361	291.27	16.28	6.03	16.59	28.95	20.69	35.06	1.45	23.88	19.82
7/27/2016 7:51:27 PM	2.73	0.96	2.02	1.87	0.00	0.00	0.00	0.10	7.59	100.00	4.66	24.66	1450	957	911	56	0	0	0	0	3373	291.11	16.49	6.09	17.07	29.09	21.15	34.70	1.46	23.91	19.82
7/27/2016 7:51:29 PM	2.44	0.88	1.83	1.91	0.00	0.00	0.00	0.14	7.06	100.00	4.74	24.57	1294	881	822	57	0	0	0	0	3054	291.17	15.80	5.79	16.05	28.01	20.40	32.71	1.46	23.94	19.83
7/27/2016 7:51:32 PM	2.44	1.00	1.72	1.95	0.00	0.00	0.00	0.18	7.11	100.00	4.85	24.39	1295	996	775	58	0	0	0	0	3125	290.60	15.83	6.01	16.77	28.76	21.00	32.71	1.48	23.97	19.86
7/27/2016 7:51:35 PM	2.06	0.98	1.75	2.03	0.00	0.00	0.00	0.22	6.82	100.00	4.96	24.03	1092	979	787	61	0	0	0	0	2918	290.83	16.00	6.21	16.54	28.72	20.83	31.96	1.49	24.01	19.90
7/27/2016 7:51:38 PM	2.26	1.07	1.92	1.97	0.00	0.00	0.00	0.21	7.21	100.00	5.07	23.84	1196	1068	863	59	0	0	0	0	3185	290.32	16.58	6.18	17.36	29.93	21.60	33.53	1.50	24.03	19.89
7/27/2016 7:51:41 PM	2.32	1.12	1.91	1.98	0.00	0.00	0.00	0.19	7.32	100.00	5.18	23.81	1229	1119	859	59	0	0	0	0	3266	289.73	16.58	6.51	17.83	29.73	21.78	33.60	1.51	24.05	19.89
7/27/2016 7:51:43 PM	2.12	1.08	1.88	2.00	0.00	0.00	0.00	0.21	7.09	100.00	5.27	23.66	1126	1083	846	60	0	0	0	0	3116	289.42	16.45	6.39	17.39	29.30	21.50	32.82	1.52	24.08	19.91
7/27/2016 7:51:46 PM	2.04	1.12	1.91	2.12	0.00	0.00	0.00	0.21	7.19	100.00	5.37	23.19	1080	1123	858	64	0	0	0	0	3125	288.85	16.91	6.56	17.85	29.53	22.21	33.19	1.53	24.12	19.94
7/27/2016 7:51:49 PM	1.99	1.07	1.97	2.05	0.00	0.00	0.00	0.20	7.08	100.00	5.41	23.10	1054	1074	885	61	0	0	0	0	3074	288.64	16.76	6.37	17.38	29.21	21.68	32.90	1.53	24.13	19.91
7/27/2016 7:51:52 PM	2.22	1.11	1.83	2.04	0.00	0.00	0.00	0.19	7.20	100.00	5.47	23.33	1177	1107	823	61	0	0	0	0	3168	288.21	16.48	6.32	17.62	29.27	21.90	33.01	1.54	24.17	19.96
7/27/2016 7:51:55 PM	2.02	1.09	1.89	2.21	0.00	0.00	0.00	0.20	7.21	100.00	5.55	23.44	1070	1092	849	66	0	0	0	0	3078	288.11	17.05	6.64	17.80	29.42	22.33	33.31	1.54	24.19	19.98
7/27/2016 7:51:57 PM	1.57	1.18	1.91	2.16	0.00	0.00	0.00	0.20	6.83	100.00	5.64	23.18	834	1178	862	65	0	0	0	0	2939	288.65	16.74	6.86	17.88	28.11	22.02	31.35	1.55	24.20	19.98
7/27/2016 7:52:00 PM	1.89	1.12	1.71	2.27	0.00	0.00	0.00	0.21	7.00	100.00	5.72	22.89	1002	1124	771	68	0	0	0	0	2965	287.73	16.65	6.79	17.81	28.65	22.32	32.10	1.56	24.23	19.99
7/27/2016 7:52:03 PM	1.76	1.19	1.87	2.20	0.00	0.00	0.00	0.20	7.03	100.00	5.81	22.73	934	1190	843	66	0	0	0	0	3033	287.43	16.88	6.95	18.20	28.66	22.39	32.12	1.57	24.26	20.02
7/27/2016 7:52:06 PM	1.48	1.20	1.83	2.63	0.00	0.00	0.00	0.22	7.14	100.00	5.94	22.59	786	1201	824	79	0	0	0	0	2889	287.78	18.02	7.64	18.94	29.48	23.84	32.97	1.58	24.29	20.04
7/27/2016 7:52:09 PM	1.47	1.17	1.92	2.68	0.00	0.00	0.00	0.23	7.25	100.00	6.04	22.31	782	1168	865	80	0	0	0	0	2895	287.73	18.52	7.49	18.91	30.22	24.18	33.84	1.59	24.29	20.06
7/27/2016 7:52:11 PM	1.47	1.25	1.93	2.77	0.00	0.00	0.00	0.24	7.42	100.00	6.11	22.07	779	1254	867	83	0	0	0	0	2983	287.70	18.89	7.92	19.72	30.66	24.88	34.32	1.60	24.31	20.07
7/27/2016 7:52:14 PM	1.05	1.20	1.96	2.78	0.00	0.00	0.00	0.27	6.99	100.00	6.24	21.50	558	1205	882	83	0	0	0	0	2729	287.84	18.76	7.72	19.00	29.98	24.34	32.98	1.61	24.33	20.07
7/27/2016 7:52:17 PM	1.18	1.20	1.80	2.87	0.00	0.00	0.00	0.26	7.05	100.00	6.33	21.49	627	1196	810	86	0	0	0	0	2719	287.81	18.61	7.78	19.07	29.81	24.60	32.96	1.62	24.34	20.08
7/27/2016 7:52:20 PM	0.48	1.09	1.92	3.30	0.00	0.00	0.00	0.30	6.78	100.00	6.46	21.06	253	1085	865	99	0	0	0	0	2302	287.82	19.92	8.55	18.89	30.18	25.11	33.09	1.63	24.36	20.09
7/27/2016 7:52:22 PM	0.35	1.07	1.93	3.92	0.00	0.00	0.00	0.33	7.26	100.00	6.59	20.39	186	1068	868	118	0	0	0	0	2239	288.91	21.95	9.73	20.22	32.44	27.39	35.94	1.65	24.37	20.10
7/27/2016 7:52:25 PM	0.45	1.17	2.20	3.89	0.00	0.00	0.00	0.29	7.71	100.00	6.66	20.40	240	1171	990	117	0	0	0	0	2518	289.39	22.80	9.92	21.27	33.17	28.31	37.53	1.65	24.38	20.10
7/27/2016 7:52:28 PM	2.57	3.01	2.87	6.46	0.00	0.00	0.00	0.00	14.91	100.00	6.80	18.44	1360	3010	1291	194	0	0	0	0	5856	281.89	36.16	15.91	41.95	48.39	52.39	61.72	1.67	24.40	20.09
7/27/2016 7:52:31 PM	2.57	3.03	2.50	8.00	0.00	0.00	0.00	0.00	16.10	99.97	6.90	16.79	1361	3028	1127	240	0	0	0	0	5756	280.66	40.05	17.81	45.47	51.12	58.41	67.94	1.68	24.41	20.11
7/27/2016 7:52:34 PM	1.48	3.23	2.16	12.31	0.00	0.00	0.00	0.00	19.18	100.00	7.07	15.56	786	3234	971	369	0	0	0	0	5360	281.98	52.64	24.19	55.36	60.44	76.04	82.87	1.69	24.41	20.16
7/27/2016 7:52:36 PM	1.53	3.42	2.17	13.63	0.00	0.00	0.00	0.00	20.76	100.00	7.16	14.75	813	3420	977	409	0	0	0	0	5619	283.00	57.24	26.54	60.07	64.74	82.48	90.41	1.70	24.41	20.12
7/27/2016 7:52:39 PM	1.18	3.57	2.31	14.46	0.00	0.00	0.00	0.00	21.52	100.00	7.28	14.63	627	3572	1039	434	0	0	0	0	5672	282.70	60.34	28.10	62.80	67.22	86.56	93.82	1.71	24.40	20.14
7/27/2016 7:52:42 PM	1.53	3.49	1.96	15.23	0.00	0.00	0.00	0.00	22.22	100.00	7.38	14.98	810	3494	882	457	0	0	0	0	5643	282.93	61.95	28.99	64.11	69.15	89.29	97.33	1.72	24.41	20.15
7/27/2016 7:52:45 PM	1.12	3.71	2.42	14.55	0.00	0.00	0.00	0.00	21.79	100.00	7.50	15.52	593	3707	1091	436	0	0	0	0	5827	283.30	61.06	28.58	64.07	67.82	87.62	94.83	1.73	24.40	20.18
7/27/2016 7:52:48 PM	1.27	3.68	2.32	14.99	0.00	0.00	0.00	0.00	22.26	100.00	7.61	15.03	674	3678	1044	450	0	0	0	0	5846	283.14	62.32	29.00	64.93	69.34	89.50	97.17	1.75	24.41	20.20
7/27/2016 7:52:50 PM	1.38	3.60	2.11	15.23	0.00	0.00	0.00	0.00	22.33	100.00	7.72	14.64	730	3605	950	457	0	0	0	0	5742	283.44	62.48	29.17	64.70	69.83	90.02	97.31	1.76	24.38	20.16
7/27/2016 7:52:53 PM	1.34	3.70	2.06	15.24	0.00	0.00	0.00	0.00	22.34	100.00	7.79	15.22	710	3700	928	457	0	0	0	0	5795	283.53	62.33	29.72	65.42	69.45	90.11	97.01	1.76	24.39	20.19
7/27/2016 7:52:56 PM	1.20	4.12	2.75	14.87	0.00	0.00	0.00	0.00	22.94	100.00	7.89	15.49	636	4122	1238	446	0	0	0	0	6442	283.52	63.61	29.97	68.33	70.69	91.50	99.34	1.77	24.38	20.19
7/27/2016 7:52:59 PM	1.10	3.46	1.96	15.68	0.00	0.00	0.00	0.00	22.20	100.00	7.99	14.56	581	3459	882	470	0	0	0	0	5393	284.05	63.11	29.60	64.34	69.45	90.59	97.37	1.78	24.36	20.21
7/27/2016 7:53:02 PM	1.01	3.63	2.20	15.80	0.00	0.00	0.00	0.00	22.64	100.00	8.07	14.82	537	3628	991	474	0	0	0	0	5630	283.29	64.31	30.66	66.27	70.52	91.83	99.37	1.79	24.35	20.20
7/27/2016 7:53:04 PM	1.37	3.88	2.38	14.95	0.00	0.00	0.00	0.00	22.58	100.00	8.12	15.50	727	3877	1071	449	0	0	0	0	6122	282.60	62.57	29.76	66.56	69.83	90.19	98.01	1.80	24.34	20.19
7/27/2016 7:53:07 PM	1.50	3.91	2.30	14.92	0.00	0.00	0.00	0.00	22.62	100.00	8.19	15.02	793	3914	1033	448	0	0	0	0	6188	282.69	62.33	29.63	66.70	69.84	90.31	97.91	1.80	24.33	20.22
7/27/2016 7:53:10 PM	1.30	3.70	2.08	14.89	0.00	0.00	0.00	0.00	21.98	100.00	8.29	14.56	688	3700	938	447	0	0	0	0	5772	283.96	61.28	28.84	64.40	68.42	88.90	95.09	1.81	24.31	20.21
7/27/2016 7:53:13 PM	1.04	3.64	2.29	14.69	0.00	0.00	0.00	0.00	21.65	100.00	8.42	14.45	549	3642	1030	441	0	0	0	0	5662	282.15	60.98	28.65	63.65	67.51	87.64	94.20	1.82	24.30	20.23
7/27/2016 7:53:15 PM	1.11	3.49	2.10	14.91	0.00	0.00	0.00	0.00	21.61	100.00	8.46	14.40	588	3486	947	447	0	0	0	0	5468	283.27	61.06	28.38	62.83	67.62	87.79	94.38	1.83	24.28	20.25
7/27/2016 7:53:18 PM	1.18	3.40	2.05	15.32	0.00	0.00	0.00	0.00	21.95	100.00	8.57	14.61	627	3398	922	460	0	0	0	0	5406	282.98	62.21	28.90	63.28	68.83	89.04	96.47	1.84	24.27	20.18
7/27/2016 7:53:21 PM	1.09	3.67	2.19	15.04	0.00	0.00	0.00	0.00	21.99	100.00	8.66	14.35	579	3666	985	451	0	0	0	0	5681	282.95	61.86	29.17	64.66	68.21	89.10	95.83	1.85	24.24	20.23
7/27/2016 7:53:24 PM	1.38	3.48	1.98	15.28	0.00	0.00	0.00	0.00	22.12	100.00	8.76	14.08	733	3482	889	458	0	0	0	0	5562	282.44	62.04	29.14	64.01	68.94	89.26	96.95	1.86	24.21	20.19
7/27/2016 7:53:27 PM	1.32	4.28	2.63	14.83	0.00	0.00	0.00	0.00	23.06	100.00	8.83	14.32	700	4275	1185	445	0	0	0	0	6605	282.96	63.35	30.65	69.10	71.32	91.91	98.52	1.87	24.19	20.20
7/27/2016 7:53:29 PM	1.27	3.79	2.28	15.32	0.00	0.00	0.00	0.00	22.67	99.78	8.92	14.69	676	3786	1026	460	0	0	0	0	5948	280.13	63.34	30.12	66.58	70.27	91.08	98.77	1.87	24.16	20.24
7/27/2016 7:53:32 PM	1.18	3.67	2.26	15.19	0.00	0.00	0.00	0.00	22.30	100.00	8.99	15.01	627	3669	1015	456	0	0	0	0	5766	283.23	62.71	29.10	65.05	69.49	90.19	97.28	1.88	24.12	20.21
7/27/2016 7:53:35 PM	1.46	3.80	2.11	15.56	0.00	0.00	0.00	0.00	22.94	100.00	9.06	14.94	774	3801	949	467	0	0	0	0	5991	282.57	63.78	30.47	67.07	71.35	92.20	99.52	1.89	24.12	20.21
7/27/2016 7:53:38 PM	0.82	3.56	2.25	15.00	0.00	0.00	0.00	0.00	21.63	100.00	9.15	14.65	435	3561	1013	450	0	0	0	0	5458	283.68	61.65	28.94	63.51	67.63	88.26	94.44	1.90	24.07	20.18
7/27/2016 7:53:41 PM	0.88	3.79	2.56	14.49	0.00	0.00	0.00	0.00	21.72	100.00	9.23	14.37	465	3794	1151	435	0	0	0	0	5844	283.35	61.26	28.41	64.25	67.73	87.96	94.13	1.90	24.05	20.18
7/27/2016 7:53:43 PM	1.44	3.78	2.12	15.34	0.00	0.00	0.00	0.00	22.69	100.00	9.31	14.55	766	3781	956	460	0	0	0	0	5963	283.07	63.00	30.01	66.54	70.16	91.09	98.69	1.91	24.02	20.18
7/27/2016 7:53:46 PM	1.25	3.81	2.28	15.22	0.00	0.00	0.00	0.00	22.56	100.00	9.41	14.43	665	3811	1028	456	0	0	0	0	5960	282.50	63.02	29.92	66.40	69.99	90.80	98.08	1.92	23.98	20.23
7/27/2016 7:53:49 PM	1.12	3.85	2.27	14.67	0.00	0.00	0.00	0.00	21.92	100.00	9.50	14.30	595	3852	1023	440	0	0	0	0	5911	283.13	61.14	28.87	65.04	67.91	88.73	94.52	1.93	23.95	20.16
7/27/2016 7:53:52 PM	1.09	3.81	2.41	15.36	0.00	0.00	0.00	0.00	22.67	100.00	9.56	14.33	577	3811	1084	461	0	0	0	0	5933	282.37	63.80	30.06	66.66	70.56	91.50	98.74	1.94	23.91	20.18
7/27/2016 7:53:55 PM	1.60	3.99	2.39	14.90	0.00	0.00	0.00	0.00	22.88	100.00	9.63	14.21	849	3987	1077	447	0	0	0	0	6360	282.52	62.75	29.77	67.28	70.90	90.91	98.71	1.94	23.88	20.17
7/27/2016 7:53:57 PM	1.92	3.88	1.85	16.16	0.00	0.00	0.00	0.00	23.81	100.00	9.69	14.27	1015	3880	834	485	0	0	0	0	6214	283.74	65.23	31.84	69.54	73.23	94.84	103.55	1.95	23.84	20.15
7/27/2016 7:54:00 PM	2.00	4.15	2.08	15.75	0.00	0.00	0.00	0.00	23.99	100.00	9.75	14.52	1060	4149	938	473	0	0	0	0	6620	282.04	64.91	31.87	70.93	73.18	94.77	103.65	1.96	23.80	20.15
7/27/2016 7:54:03 PM	1.69	3.64	1.63	15.77	0.00	0.00	0.00	0.00	22.72	100.00	9.81	14.80	896	3636	732	473	0	0	0	0	5737	281.34	62.89	30.35	66.05	70.49	91.76	98.57	1.96	23.78	20.15
7/27/2016 7:54:06 PM	1.45	3.82	2.00	15.77	0.00	0.00	0.00	0.00	23.05	100.00	9.90	14.86	769	3818	902	473	0	0	0	0	5962	282.35	64.15	30.72	67.48	71.62	93.04	99.86	1.97	23.73	20.11
7/27/2016 7:54:08 PM	1.33	3.47	1.83	16.58	0.00	0.00	0.00	0.00	23.21	100.00	9.97	14.63	707	3469	824	497	0	0	0	0	5497	282.57	65.90	31.07	66.61	72.90	94.51	102.12	1.98	23.69	20.09
7/27/2016 7:54:11 PM	1.87	3.69	1.82	16.31	0.00	0.00	0.00	0.00	23.69	100.00	10.07	14.70	991	3686	821	489	0	0	0	0	5987	281.87	65.50	31.04	68.24	73.36	94.86	103.73	1.99	23.66	20.08
