Date/Time	Green Algae	Bluegreen	Diatoms	Cryptophyta	#4	#5	#6	Yellow substances	Total conc.	Transmission	Depth	Temp. Sample	Green Algae	Bluegreen	Diatoms	Cryptophyta	#4	#5	#6	Yellow substances	Total cell count	Trans. 700 nm	LED 3 [525 nm]	LED 4 [570 nm]	LED 5 [610 nm]	LED 6 [370 nm]	LED 7 [590 nm]	LED 8 [470 nm]	Pressure	Temp. LEDs	Temp. Sensor
date	µg/l	µg/l	µg/l	µg/l	µg/l	µg/l	µg/l	µg/l	µg/l	%	m	°C	cells/ml	cells/ml	cells/ml	cells/ml	cells/ml	cells/ml	cells/ml	cells/ml	cells/ml	digits	digits	digits	digits	digits	digits	digits	bar	°C	°C
4/29/2016 1:16:07 PM	0.00	0.12	0.00	1.00	0.00	0.00	0.00	0.44	1.12	100.00	0.34	22.72	0	120	0	30	0	0	0	0	150	289.01	4.45	-3.47	-0.01	14.23	13.14	7.99	1.03	23.49	19.96
4/29/2016 1:16:10 PM	1.12	0.00	0.92	0.32	0.00	0.00	0.00	0.15	2.36	100.00	0.90	19.82	593	0	413	10	0	0	0	0	1016	332.90	5.64	1.61	3.84	12.87	6.26	13.12	1.09	23.55	19.96
4/29/2016 1:16:13 PM	1.75	0.00	1.18	0.04	0.00	0.00	0.00	0.07	2.97	100.00	1.34	19.85	929	0	531	1	0	0	0	0	1460	336.33	5.85	0.64	4.03	13.63	6.47	15.35	1.13	23.59	20.01
4/29/2016 1:16:15 PM	1.18	0.07	1.32	0.28	0.00	0.00	0.00	0.14	2.84	100.00	1.75	19.85	626	66	592	8	0	0	0	0	1292	336.56	6.95	1.49	4.78	14.73	7.26	15.57	1.17	23.62	20.00
4/29/2016 1:16:18 PM	1.72	0.00	1.40	0.25	0.00	0.00	0.00	0.05	3.38	100.00	2.05	19.63	912	0	632	8	0	0	0	0	1552	336.21	7.08	2.35	4.89	14.67	7.09	17.52	1.20	23.65	20.03
4/29/2016 1:16:21 PM	0.94	0.00	2.62	0.14	0.00	0.00	0.00	0.03	3.70	100.00	2.40	19.66	497	0	1180	4	0	0	0	0	1681	335.94	10.10	2.05	5.08	16.65	8.00	20.75	1.24	23.67	20.00
4/29/2016 1:16:24 PM	1.94	0.00	2.02	0.18	0.00	0.00	0.00	0.02	4.14	100.00	2.69	19.58	1028	0	909	6	0	0	0	0	1943	336.07	9.01	1.99	5.85	17.29	8.19	21.56	1.26	23.70	20.03
4/29/2016 1:16:26 PM	2.26	0.00	2.17	0.32	0.00	0.00	0.00	0.00	4.75	100.00	3.00	19.48	1197	0	977	9	0	0	0	0	2184	334.57	10.04	2.58	6.08	18.80	9.46	24.85	1.29	23.73	20.06
4/29/2016 1:16:29 PM	2.26	0.00	2.25	0.32	0.00	0.00	0.00	0.00	4.84	100.00	3.31	19.51	1199	0	1014	10	0	0	0	0	2223	335.25	10.31	2.11	5.99	18.81	9.89	25.70	1.32	23.76	20.08
4/29/2016 1:16:32 PM	2.18	0.00	2.57	0.17	0.00	0.00	0.00	0.00	4.91	100.00	3.61	19.49	1153	0	1157	5	0	0	0	0	2315	334.76	10.74	2.49	5.92	19.49	9.46	26.44	1.35	23.77	20.07
4/29/2016 1:16:35 PM	2.17	0.00	2.48	0.38	0.00	0.00	0.00	0.00	5.03	100.00	3.92	19.46	1148	0	1117	12	0	0	0	0	2277	335.01	11.28	2.28	6.97	20.06	10.17	26.60	1.38	23.80	20.11
4/29/2016 1:16:38 PM	1.96	0.00	3.10	0.15	0.00	0.00	0.00	0.00	5.21	100.00	4.18	19.38	1039	0	1395	5	0	0	0	0	2439	334.65	12.24	2.66	6.64	20.75	9.85	28.84	1.41	23.82	20.09
4/29/2016 1:16:40 PM	2.11	0.00	3.11	0.24	0.00	0.00	0.00	0.00	5.45	100.00	4.40	19.27	1119	0	1398	7	0	0	0	0	2524	334.48	12.64	3.10	7.05	21.64	10.24	29.95	1.43	23.84	20.12
4/29/2016 1:16:43 PM	2.32	0.00	3.01	0.21	0.00	0.00	0.00	0.00	5.54	100.00	4.70	19.18	1228	0	1353	6	0	0	0	0	2587	334.16	12.44	2.77	7.30	21.87	10.25	30.07	1.46	23.86	20.13
4/29/2016 1:16:46 PM	2.42	0.00	3.39	0.20	0.00	0.00	0.00	0.00	6.01	100.00	5.05	18.07	1285	0	1525	6	0	0	0	0	2816	334.45	13.69	2.46	7.83	23.31	11.09	33.28	1.49	23.87	20.15
4/29/2016 1:16:49 PM	3.25	0.00	4.13	0.20	0.00	0.00	0.00	0.00	7.57	100.00	5.45	15.82	1721	0	1859	6	0	0	0	0	3585	333.51	16.89	3.62	10.36	30.83	12.66	40.37	1.53	23.87	20.15
4/29/2016 1:16:52 PM	4.28	0.00	4.66	0.39	0.00	0.00	0.00	0.03	9.32	100.00	6.02	13.89	2267	0	2098	12	0	0	0	0	4376	332.25	20.14	4.35	11.99	38.23	15.76	49.47	1.59	23.88	20.16
4/29/2016 1:16:54 PM	4.44	0.00	5.15	0.71	0.00	0.00	0.00	0.02	10.30	100.00	6.48	12.79	2353	0	2318	21	0	0	0	0	4692	331.64	22.93	4.88	13.53	41.87	18.17	54.71	1.64	23.91	20.13
4/29/2016 1:16:57 PM	4.31	0.00	6.25	0.97	0.00	0.00	0.00	0.08	11.53	100.00	6.85	12.21	2284	0	2814	29	0	0	0	0	5127	330.31	27.57	5.53	15.96	48.60	20.81	62.63	1.67	23.89	20.18
4/29/2016 1:17:00 PM	3.93	0.00	8.46	1.06	0.00	0.00	0.00	0.08	13.44	100.00	7.17	11.95	2082	0	3806	32	0	0	0	0	5920	329.26	34.83	6.69	18.79	57.49	24.12	74.85	1.70	23.87	20.22
4/29/2016 1:17:03 PM	3.72	0.00	8.72	1.21	0.00	0.00	0.00	0.12	13.65	100.00	7.54	11.59	1971	0	3924	36	0	0	0	0	5931	331.34	36.14	6.79	18.97	59.21	25.19	76.65	1.74	23.88	20.20
4/29/2016 1:17:06 PM	3.98	0.00	11.20	1.44	0.00	0.00	0.00	0.20	16.62	100.00	7.95	11.09	2111	0	5040	43	0	0	0	0	7195	330.52	45.59	8.40	23.73	73.99	30.14	94.90	1.78	23.85	20.21
4/29/2016 1:17:08 PM	4.04	0.00	14.01	1.66	0.00	0.00	0.00	0.25	19.71	100.00	8.24	10.98	2143	0	6304	50	0	0	0	0	8497	329.81	55.78	9.76	28.25	88.54	35.59	113.81	1.81	23.84	20.22
4/29/2016 1:17:11 PM	4.34	0.00	19.37	1.93	0.00	0.00	0.00	0.20	25.65	100.00	8.58	10.88	2301	0	8718	58	0	0	0	0	11077	328.01	74.44	12.35	36.63	113.45	45.41	148.73	1.84	23.82	20.23
4/29/2016 1:17:14 PM	4.58	0.10	23.11	2.08	0.00	0.00	0.00	0.18	29.86	100.00	8.90	10.82	2425	100	10400	62	0	0	0	0	12988	327.29	87.46	14.57	43.57	131.32	52.22	173.06	1.87	23.80	20.23
4/29/2016 1:17:17 PM	3.47	0.08	20.26	1.93	0.00	0.00	0.00	0.26	25.74	100.00	9.25	10.75	1840	80	9117	58	0	0	0	0	11094	328.10	76.99	12.37	37.75	115.74	46.26	150.67	1.91	23.79	20.21
4/29/2016 1:17:19 PM	3.16	0.13	19.15	1.68	0.00	0.00	0.00	0.16	24.12	100.00	9.62	10.68	1676	130	8617	50	0	0	0	0	10474	328.11	71.99	11.76	35.62	106.84	43.18	140.37	1.94	23.76	20.21
4/29/2016 1:17:22 PM	2.73	0.10	15.83	1.35	0.00	0.00	0.00	0.18	20.01	100.00	10.02	10.47	1444	103	7122	41	0	0	0	0	8710	329.60	59.63	9.80	29.58	89.59	36.03	116.66	1.98	23.72	20.22
4/29/2016 1:17:25 PM	2.16	0.02	12.27	1.12	0.00	0.00	0.00	0.20	15.57	100.00	10.39	10.39	1145	25	5520	34	0	0	0	0	6723	329.94	46.68	7.78	22.97	71.22	28.51	91.44	2.02	23.69	20.23
4/29/2016 1:17:28 PM	1.69	0.00	9.49	1.02	0.00	0.00	0.00	0.25	12.20	100.00	10.76	10.32	895	0	4270	31	0	0	0	0	5196	329.74	36.98	6.27	18.02	57.91	23.30	72.43	2.05	23.67	20.22
4/29/2016 1:17:31 PM	1.48	0.04	6.16	0.71	0.00	0.00	0.00	0.29	8.40	100.00	11.13	10.26	786	38	2774	21	0	0	0	0	3619	330.20	25.03	4.47	12.87	42.29	16.77	50.11	2.09	23.64	20.21
4/29/2016 1:17:33 PM	1.10	0.12	4.51	0.54	0.00	0.00	0.00	0.34	6.27	100.00	11.57	10.27	582	115	2031	16	0	0	0	0	2744	329.45	18.95	3.67	10.29	34.11	13.46	37.95	2.13	23.59	20.23
4/29/2016 1:17:36 PM	0.84	0.07	3.06	0.48	0.00	0.00	0.00	0.37	4.45	100.00	11.96	10.06	443	73	1378	14	0	0	0	0	1909	328.59	13.85	2.74	7.54	27.22	10.56	27.96	2.17	23.56	20.23
4/29/2016 1:17:39 PM	0.81	0.09	2.21	0.43	0.00	0.00	0.00	0.40	3.55	100.00	12.30	10.05	430	94	993	13	0	0	0	0	1530	327.67	10.95	2.37	6.37	23.69	9.11	22.64	2.20	23.52	20.21
4/29/2016 1:17:42 PM	0.95	0.10	2.05	0.39	0.00	0.00	0.00	0.38	3.49	100.00	12.61	10.15	502	101	923	12	0	0	0	0	1538	327.04	10.33	2.29	6.24	22.87	8.84	21.88	2.24	23.48	20.22
4/29/2016 1:17:45 PM	0.78	0.12	1.91	0.40	0.00	0.00	0.00	0.41	3.21	100.00	12.93	10.19	411	117	859	12	0	0	0	0	1400	326.39	9.90	2.24	6.00	22.40	8.61	20.63	2.27	23.45	20.19
4/29/2016 1:17:47 PM	0.80	0.13	1.78	0.41	0.00	0.00	0.00	0.41	3.12	100.00	13.21	10.17	423	127	801	12	0	0	0	0	1362	325.54	9.53	2.15	5.90	21.96	8.56	19.98	2.29	23.39	20.19
4/29/2016 1:17:50 PM	0.88	0.14	1.84	0.41	0.00	0.00	0.00	0.40	3.27	100.00	13.55	10.11	468	137	829	12	0	0	0	0	1447	325.01	9.76	2.24	6.15	22.29	8.75	20.63	2.33	23.34	20.22
4/29/2016 1:17:53 PM	0.79	0.18	1.87	0.32	0.00	0.00	0.00	0.40	3.17	100.00	13.74	10.02	418	183	843	10	0	0	0	0	1454	325.04	9.54	2.29	6.22	21.90	8.48	19.98	2.35	23.28	20.16
4/29/2016 1:17:56 PM	0.90	0.17	1.83	0.34	0.00	0.00	0.00	0.40	3.23	100.00	13.85	9.88	475	168	823	10	0	0	0	0	1476	324.53	9.51	2.25	6.20	22.08	8.55	20.25	2.36	23.24	20.15
