Date/Time	Green Algae	Bluegreen	Diatoms	Cryptophyta	#4	#5	#6	Yellow substances	Total conc.	Transmission	Depth	Temp. Sample	Green Algae	Bluegreen	Diatoms	Cryptophyta	#4	#5	#6	Yellow substances	Total cell count	Trans. 700 nm	LED 3 [525 nm]	LED 4 [570 nm]	LED 5 [610 nm]	LED 6 [370 nm]	LED 7 [590 nm]	LED 8 [470 nm]	Pressure	Temp. LEDs	Temp. Sensor
date	µg/l	µg/l	µg/l	µg/l	µg/l	µg/l	µg/l	µg/l	µg/l	%	m	°C	cells/ml	cells/ml	cells/ml	cells/ml	cells/ml	cells/ml	cells/ml	cells/ml	cells/ml	digits	digits	digits	digits	digits	digits	digits	bar	°C	°C
8/15/2016 10:12:28 AM	4.60	0.37	0.97	0.37	0.00	0.00	0.00	0.00	6.30	88.87	0.32	27.63	2438	373	435	11	0	0	0	0	3256	249.47	8.58	1.76	10.00	22.56	12.65	28.00	1.03	25.30	21.34
8/15/2016 10:12:31 AM	4.75	0.12	1.16	0.69	0.00	0.00	0.00	0.00	6.72	90.69	0.38	27.50	2520	124	521	21	0	0	0	0	3185	254.61	10.08	2.75	9.95	24.48	12.73	31.62	1.04	25.31	21.43
8/15/2016 10:12:34 AM	5.98	0.37	0.73	0.39	0.00	0.00	0.00	0.00	7.46	100.00	0.44	27.37	3170	370	326	12	0	0	0	0	3878	292.96	8.77	3.60	11.87	26.22	12.89	33.05	1.04	25.32	21.37
8/15/2016 10:12:37 AM	6.26	0.25	0.89	0.34	0.00	0.00	0.00	0.00	7.75	100.00	0.50	27.22	3320	253	399	10	0	0	0	0	3982	286.70	9.33	2.49	11.26	27.53	13.20	35.11	1.05	25.33	21.41
8/15/2016 10:12:39 AM	6.33	0.07	0.40	0.95	0.00	0.00	0.00	0.00	7.74	100.00	0.57	27.22	3357	66	179	28	0	0	0	0	3630	287.10	9.60	1.66	10.92	26.25	14.59	36.28	1.06	25.34	21.39
8/15/2016 10:12:42 AM	5.84	0.17	0.00	1.36	0.00	0.00	0.00	0.00	7.37	100.00	0.66	27.20	3096	165	0	41	0	0	0	0	3303	282.19	9.30	2.57	11.08	25.17	15.90	33.13	1.07	25.36	21.39
8/15/2016 10:12:45 AM	6.45	0.14	0.52	0.79	0.00	0.00	0.00	0.00	7.90	100.00	0.74	27.17	3419	139	234	24	0	0	0	0	3816	292.23	9.73	1.73	10.97	27.74	14.78	36.04	1.07	25.36	21.39
8/15/2016 10:12:48 AM	6.48	0.00	0.26	1.23	0.00	0.00	0.00	0.00	7.96	100.00	0.80	27.16	3434	0	115	37	0	0	0	0	3586	292.72	10.07	3.57	11.31	27.78	14.68	36.90	1.08	25.39	21.40
8/15/2016 10:12:51 AM	5.77	0.33	1.12	0.86	0.00	0.00	0.00	0.00	8.09	100.00	0.92	27.16	3060	334	502	26	0	0	0	0	3922	292.55	11.47	3.44	12.98	28.26	15.51	37.28	1.09	25.40	21.43
8/15/2016 10:12:53 AM	6.87	0.22	0.00	1.20	0.00	0.00	0.00	0.00	8.28	94.69	0.99	27.20	3639	219	0	36	0	0	0	0	3894	265.84	9.22	3.70	12.51	27.87	16.12	37.26	1.10	25.43	21.46
8/15/2016 10:12:56 AM	6.32	0.43	0.57	0.88	0.00	0.00	0.00	0.00	8.21	96.10	1.08	27.07	3351	427	259	26	0	0	0	0	4064	269.79	10.33	3.61	13.23	28.67	15.93	36.03	1.11	25.43	21.44
8/15/2016 10:12:59 AM	6.86	0.34	0.97	0.00	0.00	0.00	0.00	0.00	8.17	96.11	1.12	26.93	3635	337	437	0	0	0	0	0	4409	269.81	8.99	2.22	12.31	28.63	12.39	36.83	1.11	25.44	21.47
8/15/2016 10:13:02 AM	6.45	0.22	0.53	0.91	0.00	0.00	0.00	0.06	8.12	96.53	1.19	26.87	3420	224	239	27	0	0	0	0	3911	271.00	10.43	2.81	11.84	30.18	15.49	36.83	1.12	25.46	21.45
8/15/2016 10:13:05 AM	6.12	0.00	0.35	1.59	0.00	0.00	0.00	0.00	8.06	97.26	1.24	26.83	3242	0	159	48	0	0	0	0	3449	273.07	11.33	4.30	11.84	28.32	15.94	37.65	1.12	25.47	21.50
8/15/2016 10:13:07 AM	5.33	0.28	1.70	0.49	0.00	0.00	0.00	0.08	7.80	96.89	1.31	26.84	2827	279	765	15	0	0	0	0	3886	272.03	12.14	2.52	11.59	30.59	14.60	37.03	1.13	25.50	21.49
8/15/2016 10:13:10 AM	7.24	0.00	0.47	0.62	0.00	0.00	0.00	0.03	8.34	97.72	1.42	26.86	3837	0	213	19	0	0	0	0	4068	274.36	9.48	3.04	10.22	30.74	13.65	38.39	1.14	25.51	21.53
8/15/2016 10:13:13 AM	4.98	0.33	2.23	0.45	0.00	0.00	0.00	0.00	7.99	97.10	1.49	26.86	2639	325	1005	14	0	0	0	0	3983	272.61	13.31	1.48	12.01	29.23	15.56	38.28	1.15	25.52	21.52
8/15/2016 10:13:16 AM	5.93	0.31	1.18	0.76	0.00	0.00	0.00	0.00	8.19	97.22	1.56	26.83	3144	309	531	23	0	0	0	0	4008	272.94	11.48	2.90	12.74	28.67	15.46	37.92	1.15	25.54	21.51
8/15/2016 10:13:18 AM	5.93	0.05	0.89	1.32	0.00	0.00	0.00	0.00	8.19	97.68	1.62	26.82	3144	48	399	40	0	0	0	0	3631	274.24	12.16	2.44	11.81	28.66	16.44	39.04	1.16	25.54	21.52
8/15/2016 10:13:21 AM	6.74	0.00	0.56	0.98	0.00	0.00	0.00	0.00	8.28	97.78	1.70	26.82	3573	0	252	29	0	0	0	0	3854	274.53	10.43	3.50	10.25	29.61	14.89	38.58	1.17	25.58	21.56
8/15/2016 10:13:24 AM	6.45	0.24	1.23	0.52	0.00	0.00	0.00	0.00	8.44	97.39	1.76	26.81	3418	240	552	16	0	0	0	0	4225	273.41	11.26	2.26	11.94	30.56	15.07	38.68	1.17	25.58	21.58
8/15/2016 10:13:27 AM	6.20	0.12	1.73	0.15	0.00	0.00	0.00	0.00	8.19	97.64	1.82	26.76	3285	118	777	4	0	0	0	0	4185	274.13	11.20	3.31	11.27	30.39	12.40	38.79	1.18	25.60	21.55
8/15/2016 10:13:30 AM	6.99	0.00	0.00	1.33	0.00	0.00	0.00	0.03	8.32	97.92	1.89	26.75	3707	0	0	40	0	0	0	0	3747	274.92	10.02	3.47	10.27	30.21	16.20	38.08	1.19	25.62	21.58
8/15/2016 10:13:32 AM	6.28	0.14	0.72	0.92	0.00	0.00	0.00	0.00	8.06	97.53	1.98	26.77	3330	138	325	27	0	0	0	0	3821	273.83	10.79	1.75	11.03	29.18	15.72	36.71	1.19	25.62	21.60
8/15/2016 10:13:35 AM	6.49	0.21	0.83	0.72	0.00	0.00	0.00	0.05	8.25	97.98	2.06	26.74	3441	210	374	21	0	0	0	0	4046	275.09	10.70	3.33	11.98	30.77	14.71	37.79	1.20	25.64	21.59
8/15/2016 10:13:38 AM	6.81	0.32	0.55	0.94	0.00	0.00	0.00	0.00	8.63	97.59	2.16	26.69	3609	324	249	28	0	0	0	0	4211	273.99	10.84	2.49	12.86	30.33	16.82	38.38	1.21	25.65	21.59
8/15/2016 10:13:41 AM	6.84	0.34	1.09	0.80	0.00	0.00	0.00	0.00	9.08	97.88	2.24	26.66	3626	341	493	24	0	0	0	0	4484	274.79	12.08	2.82	13.78	31.73	16.83	41.60	1.22	25.67	21.64
8/15/2016 10:13:44 AM	7.54	0.41	0.88	0.56	0.00	0.00	0.00	0.05	9.38	98.10	2.33	26.54	3994	407	395	17	0	0	0	0	4814	275.42	11.27	4.77	14.51	34.55	15.62	42.15	1.23	25.68	21.62
8/15/2016 10:13:46 AM	6.93	0.24	1.81	1.15	0.00	0.00	0.00	0.00	10.12	97.05	2.40	26.34	3670	242	814	34	0	0	0	0	4760	272.46	15.67	3.11	14.68	36.87	19.39	47.61	1.23	25.69	21.66
8/15/2016 10:13:49 AM	6.49	0.58	3.11	0.54	0.00	0.00	0.00	0.07	10.73	97.74	2.49	26.24	3442	583	1399	16	0	0	0	0	5441	274.39	18.15	3.62	16.85	41.46	19.96	51.14	1.24	25.72	21.65
8/15/2016 10:13:52 AM	7.20	0.93	3.23	0.58	0.00	0.00	0.00	0.00	11.93	96.60	2.54	26.21	3815	925	1454	17	0	0	0	0	6211	271.19	19.20	5.06	20.45	43.05	22.24	54.90	1.25	25.72	21.69
8/15/2016 10:13:55 AM	8.04	0.67	2.44	0.92	0.00	0.00	0.00	0.00	12.06	96.51	2.62	26.16	4259	672	1096	28	0	0	0	0	6055	270.94	18.22	4.31	19.10	43.55	22.57	55.26	1.26	25.75	21.65
8/15/2016 10:13:57 AM	7.33	0.76	2.51	0.99	0.00	0.00	0.00	0.00	11.59	96.48	2.69	26.06	3887	762	1129	30	0	0	0	0	5807	270.86	18.13	4.46	19.49	40.96	22.45	53.50	1.26	25.75	21.70
8/15/2016 10:14:00 AM	8.33	0.78	2.10	1.42	0.00	0.00	0.00	0.00	12.64	96.39	2.77	25.90	4414	783	947	43	0	0	0	0	6187	270.60	18.99	5.93	21.42	44.22	24.46	57.69	1.27	25.78	21.69
8/15/2016 10:14:03 AM	6.70	0.90	2.38	1.18	0.00	0.00	0.00	0.08	11.16	96.16	2.86	25.71	3549	902	1071	35	0	0	0	0	5557	269.96	18.30	5.48	19.85	41.69	22.99	50.97	1.28	25.79	21.72
8/15/2016 10:14:06 AM	6.35	0.94	2.27	0.59	0.00	0.00	0.00	0.05	10.15	95.72	2.94	25.56	3363	939	1023	18	0	0	0	0	5343	268.72	15.74	3.26	17.73	37.29	20.81	45.44	1.29	25.81	21.73
8/15/2016 10:14:09 AM	6.04	0.90	2.14	0.60	0.00	0.00	0.00	0.07	9.68	96.09	3.01	25.52	3203	899	965	18	0	0	0	0	5084	269.78	15.11	3.47	17.10	36.06	19.92	43.53	1.30	25.80	21.70
8/15/2016 10:14:11 AM	5.60	0.61	0.94	1.24	0.00	0.00	0.00	0.09	8.40	97.33	3.06	25.36	2970	609	425	37	0	0	0	0	4041	273.24	12.73	4.03	14.80	31.53	18.53	37.66	1.30	25.81	21.72
