Date/Time	Green Algae	Bluegreen	Diatoms	Cryptophyta	#4	#5	#6	Yellow substances	Total conc.	Transmission	Depth	Temp. Sample	Green Algae	Bluegreen	Diatoms	Cryptophyta	#4	#5	#6	Yellow substances	Total cell count	Trans. 700 nm	LED 3 [525 nm]	LED 4 [570 nm]	LED 5 [610 nm]	LED 6 [370 nm]	LED 7 [590 nm]	LED 8 [470 nm]	Pressure	Temp. LEDs	Temp. Sensor
date	µg/l	µg/l	µg/l	µg/l	µg/l	µg/l	µg/l	µg/l	µg/l	%	m	°C	cells/ml	cells/ml	cells/ml	cells/ml	cells/ml	cells/ml	cells/ml	cells/ml	cells/ml	digits	digits	digits	digits	digits	digits	digits	bar	°C	°C
6/30/2016 2:13:23 PM	0.81	0.35	1.33	0.00	0.00	0.00	0.00	0.14	2.50	86.29	0.28	24.18	431	355	598	0	0	0	0	0	1384	242.23	5.99	2.89	7.56	12.86	4.53	12.71	1.03	21.86	18.72
6/30/2016 2:13:26 PM	0.67	0.18	1.77	0.79	0.00	0.00	0.00	0.06	3.40	100.00	0.47	25.57	354	177	795	24	0	0	0	0	1349	297.87	9.43	4.16	7.26	15.02	9.10	17.81	1.05	21.92	18.69
6/30/2016 2:13:29 PM	0.54	0.11	0.82	1.65	0.00	0.00	0.00	0.27	3.12	100.00	0.45	25.54	285	109	369	50	0	0	0	0	812	296.16	9.88	3.16	6.90	17.86	12.06	17.83	1.04	21.96	18.72
6/30/2016 2:13:32 PM	3.40	0.15	0.00	0.83	0.00	0.00	0.00	0.00	4.38	100.00	0.54	25.51	1802	150	0	25	0	0	0	0	1977	300.44	3.91	6.11	7.37	15.01	9.80	19.50	1.05	21.99	18.73
6/30/2016 2:13:35 PM	0.26	0.33	3.23	0.00	0.00	0.00	0.00	0.07	3.82	100.00	0.59	25.40	140	329	1452	0	0	0	0	0	1921	295.73	11.72	1.52	9.00	17.72	7.47	21.01	1.06	22.09	18.74
6/30/2016 2:13:37 PM	2.22	0.00	0.58	1.17	0.00	0.00	0.00	0.00	3.97	100.00	0.72	25.39	1178	0	261	35	0	0	0	0	1474	296.48	7.67	1.55	5.94	13.54	11.18	19.92	1.07	22.10	18.93
6/30/2016 2:13:40 PM	2.30	0.43	1.70	0.00	0.00	0.00	0.00	0.00	4.43	100.00	0.80	25.37	1220	434	763	0	0	0	0	0	2416	302.10	7.74	2.41	9.68	14.46	8.29	21.92	1.08	22.17	18.78
6/30/2016 2:13:43 PM	2.09	0.00	1.38	0.89	0.00	0.00	0.00	0.00	4.36	100.00	0.86	25.28	1109	0	622	27	0	0	0	0	1757	298.93	9.40	0.91	5.46	16.56	11.72	22.19	1.08	22.16	18.84
6/30/2016 2:13:46 PM	1.88	0.00	1.76	0.89	0.00	0.00	0.00	0.00	4.53	100.00	0.95	25.22	996	0	794	27	0	0	0	0	1816	296.21	10.32	2.18	7.24	16.63	10.86	24.11	1.09	22.22	18.77
6/30/2016 2:13:48 PM	2.44	0.00	0.00	2.25	0.00	0.00	0.00	0.00	4.70	100.00	1.01	25.29	1295	0	0	68	0	0	0	0	1363	296.64	9.35	4.85	9.10	15.16	13.86	23.00	1.10	22.24	18.89
6/30/2016 2:13:51 PM	1.86	0.00	1.97	0.14	0.00	0.00	0.00	0.06	3.98	100.00	1.07	25.24	988	0	888	4	0	0	0	0	1880	296.91	8.71	2.83	5.98	17.62	7.32	21.13	1.11	22.29	18.84
6/30/2016 2:13:54 PM	1.96	0.00	1.66	0.82	0.00	0.00	0.00	0.00	4.43	100.00	1.15	25.14	1039	0	746	24	0	0	0	0	1809	296.55	9.67	4.76	7.21	17.22	9.31	22.80	1.11	22.35	18.85
6/30/2016 2:13:57 PM	4.15	0.00	0.38	1.00	0.00	0.00	0.00	0.00	5.53	100.00	1.22	25.14	2199	0	172	30	0	0	0	0	2401	297.44	7.73	1.96	7.25	17.55	12.09	27.65	1.12	22.37	18.85
6/30/2016 2:14:00 PM	2.70	0.06	2.19	1.06	0.00	0.00	0.00	0.00	6.01	100.00	1.29	25.20	1432	60	984	32	0	0	0	0	2508	296.46	12.86	2.65	10.35	20.63	13.10	32.35	1.13	22.43	18.83
6/30/2016 2:14:02 PM	2.66	0.38	2.41	0.54	0.00	0.00	0.00	0.00	5.98	100.00	1.35	25.15	1409	375	1086	16	0	0	0	0	2886	296.69	12.07	3.65	11.63	20.62	12.18	30.63	1.13	22.46	18.86
6/30/2016 2:14:05 PM	3.89	0.03	1.31	1.10	0.00	0.00	0.00	0.00	6.33	100.00	1.42	25.09	2059	29	591	33	0	0	0	0	2712	295.86	10.95	4.26	10.58	21.80	12.27	31.95	1.14	22.49	18.90
6/30/2016 2:14:08 PM	3.28	0.00	2.35	0.82	0.00	0.00	0.00	0.00	6.45	100.00	1.48	25.05	1739	0	1055	25	0	0	0	0	2819	298.78	12.75	3.62	9.82	21.78	12.29	35.45	1.15	22.53	18.89
6/30/2016 2:14:11 PM	1.52	0.06	3.31	1.25	0.00	0.00	0.00	0.00	6.14	100.00	1.53	25.07	804	60	1488	38	0	0	0	0	2389	295.36	16.29	3.37	11.01	22.38	14.31	34.61	1.15	22.56	18.93
6/30/2016 2:14:14 PM	3.25	0.00	2.46	0.94	0.00	0.00	0.00	0.00	6.65	100.00	1.58	25.05	1721	0	1105	28	0	0	0	0	2854	296.22	13.74	4.89	9.90	25.45	12.82	34.33	1.16	22.60	18.92
6/30/2016 2:14:16 PM	2.29	0.00	3.09	1.58	0.00	0.00	0.00	0.00	6.96	100.00	1.63	25.14	1215	0	1388	47	0	0	0	0	2651	294.42	17.13	4.54	11.36	25.45	15.87	38.27	1.16	22.63	18.97
6/30/2016 2:14:19 PM	3.07	0.00	2.28	1.56	0.00	0.00	0.00	0.00	6.92	100.00	1.69	25.08	1629	0	1027	47	0	0	0	0	2703	296.04	14.94	3.11	11.47	22.74	15.62	38.13	1.17	22.66	18.96
6/30/2016 2:14:22 PM	2.26	0.00	3.05	1.61	0.00	0.00	0.00	0.00	6.93	100.00	1.76	24.96	1200	0	1372	48	0	0	0	0	2621	293.81	17.03	4.11	11.20	24.40	16.13	38.83	1.17	22.71	18.98
6/30/2016 2:14:25 PM	3.73	0.00	2.75	1.47	0.00	0.00	0.00	0.00	7.96	100.00	1.85	24.95	1979	0	1239	44	0	0	0	0	3262	295.44	16.49	4.81	11.59	26.75	16.52	43.90	1.18	22.74	18.99
6/30/2016 2:14:28 PM	3.03	0.00	3.67	1.28	0.00	0.00	0.00	0.00	7.99	100.00	1.84	24.95	1608	0	1653	39	0	0	0	0	3300	293.75	18.52	4.52	11.77	28.82	16.50	44.50	1.18	22.78	19.02
6/30/2016 2:14:30 PM	2.58	0.00	3.63	1.46	0.00	0.00	0.00	0.00	7.67	100.00	1.91	24.88	1369	0	1634	44	0	0	0	0	3047	295.32	18.30	5.73	11.50	26.02	16.18	44.52	1.19	22.81	19.03
6/30/2016 2:14:33 PM	3.04	0.00	3.46	1.67	0.00	0.00	0.00	0.00	8.17	100.00	1.97	24.86	1613	0	1556	50	0	0	0	0	3219	292.67	19.17	5.00	13.71	29.22	17.26	44.97	1.19	22.84	19.01
6/30/2016 2:14:36 PM	3.49	0.00	3.30	1.73	0.00	0.00	0.00	0.00	8.52	100.00	2.05	24.84	1849	0	1486	52	0	0	0	0	3387	292.85	19.03	4.44	13.84	28.48	18.05	47.81	1.20	22.88	19.04
6/30/2016 2:14:39 PM	2.44	0.00	4.40	1.46	0.00	0.00	0.00	0.00	8.30	100.00	2.12	24.86	1293	0	1979	44	0	0	0	0	3315	294.89	20.84	5.90	11.58	30.04	17.73	47.79	1.21	22.91	19.08
6/30/2016 2:14:41 PM	3.54	0.00	4.23	1.55	0.00	0.00	0.00	0.00	9.32	100.00	2.20	24.86	1876	0	1904	47	0	0	0	0	3827	294.83	21.44	4.98	15.18	31.68	18.39	53.20	1.22	22.95	19.06
6/30/2016 2:14:44 PM	3.21	0.00	4.41	1.51	0.00	0.00	0.00	0.00	9.13	100.00	2.29	24.84	1702	0	1984	45	0	0	0	0	3731	293.61	21.71	4.24	14.97	31.33	18.41	52.41	1.22	22.98	19.08
6/30/2016 2:14:47 PM	2.43	0.00	5.29	1.40	0.00	0.00	0.00	0.00	9.11	100.00	2.36	24.81	1289	0	2378	42	0	0	0	0	3709	294.52	23.55	4.84	13.21	32.72	19.05	53.49	1.23	23.02	19.06
6/30/2016 2:14:50 PM	3.31	0.00	4.43	1.56	0.00	0.00	0.00	0.00	9.29	100.00	2.43	24.78	1752	0	1993	47	0	0	0	0	3792	293.91	22.12	3.29	15.24	31.94	19.19	53.09	1.24	23.05	19.11
6/30/2016 2:14:53 PM	3.67	0.00	3.94	1.93	0.00	0.00	0.00	0.00	9.54	100.00	2.48	24.79	1944	0	1775	58	0	0	0	0	3777	293.12	21.90	4.78	16.04	31.91	19.86	54.02	1.24	23.08	19.12
6/30/2016 2:14:55 PM	2.89	0.00	5.22	1.42	0.00	0.00	0.00	0.00	9.53	100.00	2.51	24.74	1531	0	2349	43	0	0	0	0	3923	294.24	23.95	3.83	14.80	34.30	19.54	54.87	1.25	23.12	19.12
6/30/2016 2:14:58 PM	3.28	0.00	4.60	1.38	0.00	0.00	0.00	0.00	9.26	100.00	2.51	24.73	1736	0	2071	41	0	0	0	0	3848	294.52	21.87	4.27	14.85	31.41	18.21	53.72	1.25	23.14	19.12
6/30/2016 2:15:01 PM	2.95	0.00	5.24	1.39	0.00	0.00	0.00	0.00	9.58	100.00	2.57	24.69	1561	0	2360	42	0	0	0	0	3963	292.77	23.79	3.94	14.30	33.23	19.62	56.29	1.25	23.17	19.14
6/30/2016 2:15:04 PM	2.84	0.00	5.50	1.58	0.00	0.00	0.00	0.00	9.91	100.00	2.62	24.69	1506	0	2473	47	0	0	0	0	4026	292.42	25.15	4.87	15.86	34.74	20.06	58.08	1.26	23.20	19.19
6/30/2016 2:15:07 PM	2.42	0.00	5.71	1.12	0.00	0.00	0.00	0.00	9.26	100.00	2.66	24.69	1285	0	2571	34	0	0	0	0	3890	293.20	24.06	3.87	14.03	32.97	18.41	55.06	1.26	23.23	19.16
6/30/2016 2:15:09 PM	3.08	0.00	5.36	1.28	0.00	0.00	0.00	0.00	9.72	100.00	2.71	24.68	1634	0	2410	39	0	0	0	0	4083	293.27	23.93	3.90	14.58	34.01	19.37	56.87	1.27	23.27	19.19
6/30/2016 2:15:12 PM	3.63	0.00	5.09	1.04	0.00	0.00	0.00	0.00	9.76	100.00	2.75	24.67	1923	0	2289	31	0	0	0	0	4244	293.26	22.80	2.57	14.20	34.28	18.99	56.12	1.27	23.30	19.23
6/30/2016 2:15:15 PM	3.90	0.00	4.88	1.32	0.00	0.00	0.00	0.00	10.10	100.00	2.77	24.65	2069	0	2197	39	0	0	0	0	4306	294.23	23.07	3.65	15.65	34.15	19.41	58.33	1.27	23.33	19.21
6/30/2016 2:15:18 PM	2.83	0.00	5.56	1.33	0.00	0.00	0.00	0.00	9.72	100.00	2.84	24.65	1501	0	2504	40	0	0	0	0	4044	294.30	24.48	5.31	15.32	34.38	18.78	57.07	1.28	23.36	19.23
6/30/2016 2:15:21 PM	3.39	0.00	4.23	1.77	0.00	0.00	0.00	0.00	9.39	100.00	2.87	24.65	1798	0	1904	53	0	0	0	0	3755	293.35	22.15	3.35	14.66	31.59	20.32	53.85	1.28	23.37	19.25
6/30/2016 2:15:23 PM	3.96	0.00	4.22	1.54	0.00	0.00	0.00	0.00	9.72	100.00	2.91	24.65	2100	0	1899	46	0	0	0	0	4045	291.92	21.79	4.51	15.72	33.39	18.99	54.68	1.28	23.41	19.27
6/30/2016 2:15:26 PM	3.15	0.00	4.96	1.52	0.00	0.00	0.00	0.00	9.63	100.00	2.95	24.64	1669	0	2231	46	0	0	0	0	3946	292.80	23.53	4.25	15.93	33.49	19.24	55.59	1.29	23.44	19.25
6/30/2016 2:15:29 PM	2.68	0.00	4.50	1.64	0.00	0.00	0.00	0.00	8.82	100.00	2.99	24.64	1421	0	2025	49	0	0	0	0	3495	293.18	22.12	3.55	14.63	30.39	18.97	51.14	1.29	23.46	19.26
6/30/2016 2:15:32 PM	2.92	0.00	4.51	1.35	0.00	0.00	0.00	0.00	8.78	100.00	3.07	24.61	1545	0	2031	41	0	0	0	0	3617	293.82	21.43	3.90	14.27	31.20	17.76	50.15	1.30	23.50	19.29
6/30/2016 2:15:34 PM	3.20	0.03	4.50	1.11	0.00	0.00	0.00	0.00	8.84	100.00	3.12	24.54	1695	30	2024	33	0	0	0	0	3782	293.36	20.82	3.27	14.74	30.78	17.05	50.48	1.31	23.52	19.29
6/30/2016 2:15:37 PM	3.27	0.00	4.08	1.30	0.00	0.00	0.00	0.00	8.64	100.00	3.22	24.53	1732	0	1834	39	0	0	0	0	3604	294.02	20.07	3.89	13.61	30.40	17.32	48.78	1.32	23.55	19.35
6/30/2016 2:15:40 PM	3.60	0.00	4.08	1.54	0.00	0.00	0.00	0.00	9.21	100.00	3.32	24.49	1908	0	1836	46	0	0	0	0	3790	292.29	21.11	4.73	14.30	32.70	18.63	51.29	1.33	23.57	19.32
6/30/2016 2:15:43 PM	3.80	0.00	4.43	1.36	0.00	0.00	0.00	0.00	9.60	100.00	3.41	24.43	2016	0	1995	41	0	0	0	0	4052	292.20	21.92	3.58	15.12	33.88	18.86	53.77	1.33	23.59	19.33
6/30/2016 2:15:46 PM	4.42	0.00	4.78	1.36	0.00	0.00	0.00	0.00	10.56	100.00	3.48	24.30	2341	0	2150	41	0	0	0	0	4532	291.86	23.53	3.68	15.72	37.71	20.40	58.61	1.34	23.63	19.34
6/30/2016 2:15:48 PM	3.90	0.00	5.54	1.37	0.00	0.00	0.00	0.00	10.81	100.00	3.57	24.27	2067	0	2493	41	0	0	0	0	4601	292.20	25.38	5.23	15.70	38.37	20.63	61.88	1.35	23.64	19.33
6/30/2016 2:15:51 PM	4.37	0.00	6.12	1.32	0.00	0.00	0.00	0.00	11.81	100.00	3.62	24.24	2318	0	2753	40	0	0	0	0	5111	290.92	27.76	3.40	17.39	42.87	22.54	66.72	1.35	23.67	19.39
6/30/2016 2:15:54 PM	4.06	0.00	6.48	1.20	0.00	0.00	0.00	0.00	11.74	100.00	3.70	24.21	2152	0	2918	36	0	0	0	0	5105	290.57	28.04	4.89	17.98	41.71	21.17	67.99	1.36	23.69	19.40
6/30/2016 2:15:57 PM	5.25	0.00	9.09	1.14	0.00	0.00	0.00	0.00	15.48	100.00	3.77	24.13	2783	0	4092	34	0	0	0	0	6909	288.80	37.01	6.16	22.21	54.88	26.35	91.10	1.37	23.72	19.42
6/30/2016 2:16:00 PM	4.86	0.00	9.98	1.09	0.00	0.00	0.00	0.00	15.92	100.00	3.84	24.10	2577	0	4489	33	0	0	0	0	7098	288.42	39.45	5.89	23.32	56.88	27.04	94.67	1.38	23.74	19.44
6/30/2016 2:16:02 PM	4.73	0.00	9.86	1.02	0.00	0.00	0.00	0.00	15.60	100.00	3.91	23.92	2505	0	4437	30	0	0	0	0	6973	288.75	38.80	6.08	22.06	56.77	26.68	92.24	1.38	23.76	19.42
6/30/2016 2:16:05 PM	5.64	0.00	10.18	1.27	0.00	0.00	0.00	0.00	17.09	100.00	3.99	23.65	2991	0	4583	38	0	0	0	0	7612	288.77	41.39	6.12	24.77	61.45	29.17	100.13	1.39	23.79	19.46
6/30/2016 2:16:08 PM	5.35	0.00	9.17	1.33	0.00	0.00	0.00	0.00	15.86	100.00	4.06	23.60	2835	0	4128	40	0	0	0	0	7003	288.10	38.16	5.97	23.11	57.03	27.59	92.30	1.40	23.81	19.44
6/30/2016 2:16:11 PM	5.31	0.00	8.37	1.38	0.00	0.00	0.00	0.00	15.07	100.00	4.11	23.54	2816	0	3769	41	0	0	0	0	6626	289.10	35.82	5.75	22.52	54.63	26.36	86.50	1.40	23.83	19.47
6/30/2016 2:16:14 PM	5.35	0.00	9.07	1.41	0.00	0.00	0.00	0.00	15.83	100.00	4.17	23.48	2834	0	4080	42	0	0	0	0	6957	289.27	38.15	5.74	23.20	57.12	27.89	91.77	1.41	23.84	19.48
6/30/2016 2:16:16 PM	5.30	0.00	8.65	1.39	0.00	0.00	0.00	0.00	15.33	100.00	4.24	23.28	2807	0	3891	42	0	0	0	0	6740	289.40	36.77	5.75	22.84	56.16	26.89	87.82	1.42	23.87	19.47
6/30/2016 2:16:19 PM	5.40	0.00	7.96	1.37	0.00	0.00	0.00	0.00	14.72	100.00	4.31	23.05	2861	0	3580	41	0	0	0	0	6483	289.22	34.54	5.61	21.13	53.89	26.19	83.70	1.42	23.88	19.49
6/30/2016 2:16:22 PM	5.62	0.00	7.40	1.18	0.00	0.00	0.00	0.00	14.20	100.00	4.38	22.86	2981	0	3331	35	0	0	0	0	6348	290.85	32.22	6.01	20.10	52.09	24.45	80.01	1.43	23.91	19.51
6/30/2016 2:16:25 PM	5.38	0.00	6.26	1.23	0.00	0.00	0.00	0.00	12.87	100.00	4.44	22.81	2849	0	2817	37	0	0	0	0	5703	291.62	28.63	5.28	19.12	47.19	22.50	71.33	1.44	23.93	19.51
6/30/2016 2:16:27 PM	5.39	0.00	5.84	1.08	0.00	0.00	0.00	0.00	12.31	100.00	4.52	22.88	2854	0	2628	32	0	0	0	0	5515	292.16	26.73	4.19	17.54	44.42	21.76	68.43	1.44	23.95	19.55
6/30/2016 2:16:30 PM	4.70	0.00	5.55	1.16	0.00	0.00	0.00	0.00	11.41	100.00	4.63	22.37	2489	0	2499	35	0	0	0	0	5023	291.40	25.61	4.59	16.96	41.87	20.58	63.27	1.45	23.95	19.54
6/30/2016 2:16:33 PM	4.84	0.00	4.59	0.85	0.00	0.00	0.00	0.00	10.28	100.00	4.72	20.83	2567	0	2064	25	0	0	0	0	4656	293.11	21.65	3.40	15.04	38.05	18.11	55.54	1.46	23.97	19.55
6/30/2016 2:16:36 PM	4.73	0.05	4.93	0.81	0.00	0.00	0.00	0.00	10.51	100.00	4.80	20.49	2504	48	2218	24	0	0	0	0	4795	293.58	22.65	3.90	15.52	39.78	18.51	56.39	1.47	23.99	19.56
6/30/2016 2:16:39 PM	4.52	0.06	4.41	0.80	0.00	0.00	0.00	0.00	9.80	100.00	4.86	19.74	2398	57	1986	24	0	0	0	0	4465	293.29	20.81	3.77	14.57	37.00	17.50	52.14	1.48	24.00	19.53
6/30/2016 2:16:41 PM	4.07	0.11	4.67	0.70	0.00	0.00	0.00	0.00	9.55	100.00	4.92	19.05	2158	113	2100	21	0	0	0	0	4392	293.26	21.03	3.36	14.38	36.33	17.45	51.06	1.48	24.01	19.58
6/30/2016 2:16:44 PM	4.51	0.11	4.12	0.77	0.00	0.00	0.00	0.00	9.52	100.00	4.98	18.94	2390	115	1856	23	0	0	0	0	4383	292.20	19.83	3.57	14.30	35.89	17.32	49.96	1.49	24.01	19.57
6/30/2016 2:16:47 PM	4.22	0.22	4.47	0.29	0.00	0.00	0.00	0.00	9.20	100.00	5.06	19.02	2237	223	2011	9	0	0	0	0	4479	293.41	19.30	2.98	13.82	35.33	16.22	48.07	1.50	24.02	19.63
6/30/2016 2:16:50 PM	4.89	0.23	3.75	0.65	0.00	0.00	0.00	0.00	9.52	100.00	5.11	19.34	2589	234	1687	19	0	0	0	0	4529	293.63	18.65	3.63	14.45	35.95	17.31	48.27	1.50	24.04	19.61
6/30/2016 2:16:53 PM	4.07	0.21	4.14	0.35	0.00	0.00	0.00	0.00	8.77	100.00	5.15	19.59	2157	214	1862	10	0	0	0	0	4243	293.59	18.30	3.07	13.19	33.87	15.72	45.39	1.50	24.04	19.64
6/30/2016 2:16:55 PM	4.00	0.24	4.27	0.32	0.00	0.00	0.00	0.00	8.83	100.00	5.20	19.78	2121	241	1921	10	0	0	0	0	4293	293.20	18.63	3.25	13.36	34.38	15.85	45.59	1.51	24.06	19.63
6/30/2016 2:16:58 PM	4.06	0.20	3.97	0.54	0.00	0.00	0.00	0.00	8.77	100.00	5.28	19.58	2151	196	1787	16	0	0	0	0	4151	293.53	18.42	3.49	13.10	34.34	16.20	44.82	1.52	24.06	19.63
6/30/2016 2:17:01 PM	3.92	0.16	3.51	0.52	0.00	0.00	0.00	0.00	8.11	100.00	5.35	17.38	2078	160	1581	16	0	0	0	0	3835	294.68	16.68	3.63	12.11	31.84	14.85	41.18	1.52	24.06	19.66
6/30/2016 2:17:04 PM	3.67	0.26	3.82	0.39	0.00	0.00	0.00	0.00	8.14	100.00	5.39	16.83	1947	257	1717	12	0	0	0	0	3933	293.75	17.19	3.33	12.42	32.17	15.21	41.22	1.53	24.06	19.64
6/30/2016 2:17:06 PM	3.59	0.35	3.88	0.32	0.00	0.00	0.00	0.02	8.13	100.00	5.45	17.43	1902	352	1744	9	0	0	0	0	4007	293.72	17.26	3.06	12.75	32.48	15.57	41.04	1.53	24.06	19.66
6/30/2016 2:17:09 PM	3.62	0.31	3.81	0.55	0.00	0.00	0.00	0.00	8.29	100.00	5.49	17.69	1916	312	1716	17	0	0	0	0	3961	293.97	17.73	3.41	13.04	32.47	16.22	41.78	1.54	24.05	19.68
6/30/2016 2:17:12 PM	3.52	0.35	3.90	0.62	0.00	0.00	0.00	0.00	8.40	100.00	5.55	17.16	1865	353	1756	19	0	0	0	0	3993	293.73	18.18	3.97	13.67	32.67	16.51	42.38	1.54	24.06	19.70
6/30/2016 2:17:15 PM	3.15	0.43	4.11	0.59	0.00	0.00	0.00	0.03	8.29	100.00	5.63	16.31	1671	432	1849	18	0	0	0	0	3970	295.37	18.69	3.85	13.85	33.17	16.91	41.98	1.55	24.05	19.72
6/30/2016 2:17:18 PM	2.79	0.42	4.34	0.70	0.00	0.00	0.00	0.00	8.25	100.00	5.71	15.68	1478	425	1954	21	0	0	0	0	3878	294.50	19.45	3.79	13.88	32.63	17.38	42.01	1.56	24.04	19.69
6/30/2016 2:17:20 PM	2.23	0.48	5.38	0.75	0.00	0.00	0.00	0.00	8.84	100.00	5.79	15.21	1180	484	2422	23	0	0	0	0	4109	295.11	22.64	4.56	15.32	35.52	18.73	46.14	1.57	24.05	19.70
6/30/2016 2:17:23 PM	2.65	0.39	4.99	0.86	0.00	0.00	0.00	0.01	8.88	100.00	5.89	14.94	1404	386	2245	26	0	0	0	0	4061	294.66	21.98	4.30	14.78	35.67	18.67	46.16	1.58	24.04	19.71
6/30/2016 2:17:26 PM	2.58	0.46	5.36	0.89	0.00	0.00	0.00	0.00	9.29	100.00	5.94	15.25	1366	461	2411	27	0	0	0	0	4264	294.04	23.28	4.69	15.87	36.98	19.60	48.34	1.58	24.01	19.71
6/30/2016 2:17:29 PM	1.72	0.58	6.55	1.12	0.00	0.00	0.00	0.00	9.97	100.00	6.00	15.46	912	575	2947	34	0	0	0	0	4468	294.66	27.43	5.30	17.82	40.13	22.17	53.01	1.59	24.01	19.71
6/30/2016 2:17:32 PM	1.71	0.55	6.73	1.12	0.00	0.00	0.00	0.00	10.11	100.00	6.02	15.42	907	548	3030	34	0	0	0	0	4518	293.87	27.98	5.26	17.93	40.68	22.29	54.22	1.59	23.99	19.76
6/30/2016 2:17:34 PM	1.53	0.58	6.88	1.13	0.00	0.00	0.00	0.00	10.13	100.00	6.08	15.83	810	579	3098	34	0	0	0	0	4521	294.19	28.33	5.86	18.49	40.44	22.17	54.69	1.60	23.97	19.70
6/30/2016 2:17:37 PM	1.63	0.49	6.58	1.48	0.00	0.00	0.00	0.00	10.19	100.00	6.15	15.43	866	494	2960	44	0	0	0	0	4365	293.67	28.56	5.66	18.17	40.83	23.21	54.78	1.60	23.96	19.71
6/30/2016 2:17:40 PM	1.35	0.61	7.24	1.13	0.00	0.00	0.00	0.00	10.34	100.00	6.22	15.31	716	608	3260	34	0	0	0	0	4619	292.78	29.44	5.58	18.86	41.43	22.91	56.11	1.61	23.94	19.73
6/30/2016 2:17:43 PM	1.38	0.53	7.07	1.48	0.00	0.00	0.00	0.00	10.46	100.00	6.28	15.04	733	530	3179	45	0	0	0	0	4487	294.75	29.98	6.14	18.95	42.06	23.71	56.74	1.62	23.94	19.72
6/30/2016 2:17:46 PM	1.76	0.50	6.72	1.38	0.00	0.00	0.00	0.00	10.36	100.00	6.34	14.53	933	501	3022	42	0	0	0	0	4497	293.76	28.73	5.63	18.53	41.06	23.05	56.07	1.62	23.91	19.70
6/30/2016 2:17:48 PM	1.49	0.67	7.04	1.25	0.00	0.00	0.00	0.00	10.46	100.00	6.41	14.65	792	674	3168	38	0	0	0	0	4671	293.76	29.30	6.01	19.56	41.36	23.43	56.23	1.63	23.89	19.74
6/30/2016 2:17:51 PM	1.16	0.51	7.01	1.53	0.00	0.00	0.00	0.00	10.21	100.00	6.50	14.87	616	511	3155	46	0	0	0	0	4327	293.99	29.75	5.93	18.60	41.01	23.53	55.71	1.64	23.86	19.73
6/30/2016 2:17:54 PM	1.28	0.53	6.70	1.38	0.00	0.00	0.00	0.00	9.88	100.00	6.56	14.82	676	531	3014	41	0	0	0	0	4263	293.30	28.38	5.41	17.85	39.88	22.84	53.31	1.64	23.85	19.72
6/30/2016 2:17:57 PM	1.08	0.58	7.08	1.29	0.00	0.00	0.00	0.00	10.03	100.00	6.63	14.74	573	582	3187	39	0	0	0	0	4380	293.22	29.21	5.78	18.47	40.50	22.90	54.49	1.65	23.80	19.74
6/30/2016 2:17:59 PM	1.36	0.56	6.21	1.30	0.00	0.00	0.00	0.00	9.43	100.00	6.70	14.32	721	556	2794	39	0	0	0	0	4110	293.51	26.52	5.48	17.64	37.10	21.64	50.87	1.66	23.79	19.71
6/30/2016 2:18:02 PM	1.28	0.51	6.41	1.38	0.00	0.00	0.00	0.00	9.58	100.00	6.78	13.90	680	508	2883	41	0	0	0	0	4112	292.95	27.33	5.56	17.67	37.97	21.99	52.07	1.66	23.76	19.73
6/30/2016 2:18:05 PM	0.99	0.62	7.28	1.34	0.00	0.00	0.00	0.00	10.23	100.00	6.85	14.13	527	618	3275	40	0	0	0	0	4460	293.35	30.01	5.56	18.88	41.20	23.70	55.59	1.67	23.73	19.76
6/30/2016 2:18:08 PM	0.75	0.57	7.71	1.41	0.00	0.00	0.00	0.00	10.44	100.00	6.89	13.99	398	572	3470	42	0	0	0	0	4482	293.76	31.39	6.20	19.29	42.36	23.89	57.58	1.68	23.71	19.71
6/30/2016 2:18:11 PM	0.92	0.43	7.53	1.74	0.00	0.00	0.00	0.00	10.62	100.00	6.97	14.24	486	429	3389	52	0	0	0	0	4356	292.76	31.88	6.17	19.21	42.57	24.53	59.26	1.68	23.66	19.67
6/30/2016 2:18:13 PM	0.40	0.40	7.83	1.78	0.00	0.00	0.00	0.00	10.42	100.00	7.01	14.37	215	404	3524	53	0	0	0	0	4196	293.01	32.63	6.07	18.71	42.73	24.66	58.54	1.69	23.64	19.70
6/30/2016 2:18:16 PM	0.66	0.63	7.21	1.52	0.00	0.00	0.00	0.00	10.01	100.00	7.06	14.48	348	633	3243	45	0	0	0	0	4270	293.15	30.08	6.04	19.12	40.10	23.85	54.74	1.69	23.61	19.69
6/30/2016 2:18:19 PM	1.07	0.61	6.42	1.31	0.00	0.00	0.00	0.00	9.42	100.00	7.14	14.38	569	613	2890	39	0	0	0	0	4112	293.60	27.06	5.78	18.02	37.22	21.88	50.85	1.70	23.57	19.72
6/30/2016 2:18:22 PM	1.17	0.61	6.15	1.17	0.00	0.00	0.00	0.00	9.09	100.00	7.20	14.15	620	607	2767	35	0	0	0	0	4028	293.59	25.85	5.22	17.06	36.44	21.23	48.47	1.71	23.54	19.70
6/30/2016 2:18:25 PM	1.24	0.49	5.60	1.28	0.00	0.00	0.00	0.00	8.61	100.00	7.28	14.00	655	494	2521	38	0	0	0	0	3708	293.20	24.37	5.15	15.91	34.58	20.32	45.89	1.71	23.51	19.69
6/30/2016 2:18:27 PM	1.17	0.67	6.19	0.90	0.00	0.00	0.00	0.00	8.93	100.00	7.35	13.54	621	671	2785	27	0	0	0	0	4104	292.76	25.14	4.99	16.97	35.68	20.42	47.50	1.72	23.48	19.67
6/30/2016 2:18:30 PM	1.28	0.71	5.53	1.32	0.00	0.00	0.00	0.00	8.85	100.00	7.41	13.14	677	715	2490	40	0	0	0	0	3922	292.59	24.52	5.42	17.34	34.83	21.58	45.91	1.73	23.43	19.66
6/30/2016 2:18:33 PM	1.34	0.50	4.88	1.66	0.00	0.00	0.00	0.00	8.39	100.00	7.48	13.32	712	502	2196	50	0	0	0	0	3459	293.32	23.36	5.45	15.94	33.09	20.99	43.84	1.73	23.38	19.65
6/30/2016 2:18:36 PM	1.29	0.55	5.15	1.38	0.00	0.00	0.00	0.00	8.38	100.00	7.56	13.32	684	553	2319	41	0	0	0	0	3598	292.49	23.36	4.97	15.80	33.37	20.59	43.77	1.74	23.36	19.64
6/30/2016 2:18:39 PM	1.22	0.72	5.04	1.40	0.00	0.00	0.00	0.00	8.38	100.00	7.63	13.39	646	716	2269	42	0	0	0	0	3673	292.94	23.14	5.46	16.79	32.84	21.08	42.98	1.75	23.32	19.63
6/30/2016 2:18:41 PM	1.55	0.64	3.66	1.52	0.00	0.00	0.00	0.05	7.37	100.00	7.70	13.35	822	642	1645	46	0	0	0	0	3155	293.25	19.34	4.84	14.90	29.37	19.62	36.90	1.75	23.28	19.61
6/30/2016 2:18:44 PM	1.49	0.50	3.70	1.60	0.00	0.00	0.00	0.02	7.30	100.00	7.72	13.25	790	502	1664	48	0	0	0	0	3004	292.18	19.49	4.76	14.18	28.79	19.25	36.98	1.76	23.23	19.64
6/30/2016 2:18:47 PM	1.60	0.69	3.83	1.72	0.00	0.00	0.00	0.01	7.83	100.00	7.82	13.44	848	686	1721	52	0	0	0	0	3307	292.59	20.53	5.23	15.91	30.17	21.00	38.78	1.77	23.19	19.62
6/30/2016 2:18:50 PM	1.62	1.51	4.26	3.18	0.00	0.00	0.00	0.01	10.58	100.00	7.89	12.85	858	1512	1919	95	0	0	0	0	4385	291.24	27.69	8.46	25.19	38.32	32.32	49.09	1.77	23.15	19.62
6/30/2016 2:18:52 PM	1.41	1.55	4.02	3.24	0.00	0.00	0.00	0.04	10.22	100.00	7.96	12.69	747	1554	1808	97	0	0	0	0	4206	290.72	27.06	8.23	24.95	37.32	32.34	47.20	1.78	23.10	19.61
6/30/2016 2:18:55 PM	1.49	1.74	3.86	4.01	0.00	0.00	0.00	0.00	11.09	100.00	8.02	13.00	788	1737	1738	120	0	0	0	0	4383	290.17	29.28	9.11	27.67	38.91	36.63	50.22	1.79	23.06	19.56
6/30/2016 2:18:58 PM	1.70	5.31	4.16	3.19	0.00	0.00	0.00	0.00	14.36	100.00	8.11	12.63	902	5306	1873	96	0	0	0	0	8177	290.23	31.08	12.62	49.49	42.23	52.16	50.37	1.80	23.02	19.58
6/30/2016 2:19:01 PM	1.13	30.52	0.00	8.98	0.00	0.00	0.00	0.00	40.63	98.18	8.19	11.80	597	30520	0	270	0	0	0	0	31386	275.64	57.28	44.46	211.87	74.76	209.29	58.13	1.80	22.97	19.54
6/30/2016 2:19:04 PM	0.14	21.34	0.00	10.44	0.00	0.00	0.00	0.02	31.92	99.12	8.28	11.29	76	21337	0	313	0	0	0	0	21726	278.27	52.28	34.22	154.38	66.09	168.15	57.83	1.81	22.94	19.56
6/30/2016 2:19:06 PM	0.72	29.49	0.00	9.99	0.00	0.00	0.00	0.00	40.20	97.42	8.35	10.81	380	29491	0	300	0	0	0	0	30171	273.50	59.08	43.20	205.69	76.91	209.61	59.97	1.82	22.88	19.56
6/30/2016 2:19:09 PM	1.76	35.10	0.00	9.35	0.00	0.00	0.00	0.00	46.21	97.86	8.40	11.33	933	35102	0	281	0	0	0	0	36315	274.73	64.29	48.55	242.93	83.34	235.55	64.60	1.82	22.82	19.52
6/30/2016 2:19:12 PM	0.12	40.31	0.00	10.52	0.00	0.00	0.00	0.00	50.95	96.93	8.52	11.12	66	40306	0	316	0	0	0	0	40687	272.13	69.36	55.66	273.48	90.47	270.18	63.16	1.83	22.78	19.47
6/30/2016 2:19:15 PM	0.00	63.39	0.00	12.46	0.00	0.00	0.00	0.00	75.85	92.84	8.60	10.38	0	63390	0	374	0	0	0	0	63764	260.64	97.18	84.33	406.50	123.51	422.28	71.64	1.84	22.71	19.50
6/30/2016 2:19:18 PM	0.00	90.00	0.00	13.46	0.00	0.00	0.00	0.00	103.46	87.88	8.71	10.63	0	89998	0	404	0	0	0	0	90402	246.72	123.81	112.86	560.80	155.24	589.21	80.22	1.85	22.68	19.50
6/30/2016 2:19:20 PM	0.00	116.72	0.00	14.72	0.00	0.00	0.00	0.00	131.44	83.25	8.79	10.62	0	116722	0	442	0	0	0	0	117164	233.69	154.54	146.75	727.29	193.76	742.14	90.32	1.86	22.61	19.45
6/30/2016 2:19:23 PM	0.00	129.65	0.00	15.92	0.00	0.00	0.00	0.00	145.57	81.19	8.88	10.65	0	129647	0	478	0	0	0	0	130125	227.90	168.69	159.50	811.15	214.64	817.55	101.37	1.87	22.56	19.44
6/30/2016 2:19:26 PM	0.00	132.63	0.00	19.66	0.00	0.00	0.00	0.00	152.28	79.72	8.96	10.33	0	132627	0	590	0	0	0	0	133216	223.78	182.58	168.23	829.65	233.46	860.00	116.00	1.88	22.52	19.44
6/30/2016 2:19:29 PM	0.00	141.44	0.00	24.88	0.00	0.00	0.00	0.00	166.31	77.95	9.02	9.95	0	141437	0	746	0	0	0	0	142183	218.81	206.30	183.44	894.75	266.24	932.43	143.06	1.88	22.46	19.42
6/30/2016 2:19:32 PM	0.00	135.44	0.00	24.85	0.00	0.00	0.00	0.00	160.29	77.35	9.10	10.04	0	135440	0	746	0	0	0	0	136186	217.14	200.48	178.89	859.19	258.19	897.33	142.23	1.89	22.42	19.39
6/30/2016 2:19:34 PM	0.00	131.69	0.00	25.32	0.00	0.00	0.00	0.00	157.01	80.29	9.16	10.48	0	131689	0	759	0	0	0	0	132449	225.39	199.06	176.26	843.57	257.50	870.15	145.34	1.90	22.36	19.37
6/30/2016 2:19:37 PM	0.00	134.72	0.00	28.57	0.00	0.00	0.00	0.00	163.29	75.88	9.23	10.89	0	134716	0	857	0	0	0	0	135574	213.00	207.48	180.09	861.59	277.41	911.25	159.36	1.90	22.31	19.37
6/30/2016 2:19:40 PM	0.00	126.47	0.00	26.55	0.00	0.00	0.00	0.00	153.02	77.22	9.31	10.78	0	126471	0	796	0	0	0	0	127268	216.75	192.23	167.42	816.24	262.99	844.49	151.64	1.91	22.25	19.37
6/30/2016 2:19:43 PM	0.00	109.94	0.00	22.79	0.00	0.00	0.00	0.23	132.73	79.16	9.36	10.46	0	109945	0	684	0	0	0	0	110628	222.22	163.20	142.57	709.31	236.55	733.32	133.23	1.92	22.20	19.34
6/30/2016 2:19:45 PM	0.00	90.72	0.00	24.47	0.00	0.00	0.00	0.08	115.20	77.05	9.44	10.55	0	90723	0	734	0	0	0	0	91457	216.29	151.05	123.56	576.40	217.63	656.06	124.93	1.92	22.16	19.32
6/30/2016 2:19:48 PM	0.00	103.07	0.00	21.03	0.00	0.00	0.00	0.42	124.10	79.36	9.48	10.61	0	103069	0	631	0	0	0	0	103700	222.77	152.62	134.81	662.29	225.91	688.37	123.52	1.93	22.10	19.31
6/30/2016 2:19:51 PM	0.00	105.51	0.00	19.78	0.00	0.00	0.00	0.71	125.28	78.25	9.57	10.67	0	105506	0	593	0	0	0	0	106100	219.66	152.43	138.14	683.33	229.62	685.88	125.19	1.94	22.03	19.29
6/30/2016 2:19:54 PM	0.00	85.71	0.00	17.69	0.00	0.00	0.00	0.54	103.40	81.35	9.65	10.19	0	85713	0	531	0	0	0	0	86243	228.38	126.87	108.10	549.96	192.86	576.66	106.51	1.95	21.99	19.27
6/30/2016 2:19:57 PM	0.00	85.29	0.00	16.41	0.00	0.00	0.00	0.82	101.71	82.58	9.73	9.86	0	85294	0	492	0	0	0	0	85786	231.81	122.13	108.97	545.17	194.15	567.98	103.02	1.95	21.93	19.25
6/30/2016 2:19:59 PM	0.00	74.03	0.00	14.91	0.00	0.00	0.00	0.89	88.94	85.81	9.78	9.69	0	74035	0	447	0	0	0	0	74482	240.89	108.83	94.53	472.52	175.23	499.25	93.09	1.96	21.89	19.23
6/30/2016 2:20:02 PM	0.00	77.13	0.00	14.76	0.00	0.00	0.00	0.89	91.89	84.49	9.88	9.61	0	77131	0	443	0	0	0	0	77574	237.18	110.38	97.19	490.67	179.12	516.54	93.22	1.97	21.81	19.21
6/30/2016 2:20:05 PM	0.00	77.57	0.00	14.60	0.00	0.00	0.00	0.94	92.17	85.88	9.98	9.88	0	77573	0	438	0	0	0	0	78011	241.09	110.64	98.76	494.49	179.93	516.29	93.37	1.98	21.76	19.19
6/30/2016 2:20:08 PM	0.00	62.40	0.00	11.43	0.00	0.00	0.00	0.87	73.83	88.72	10.11	9.71	0	62401	0	343	0	0	0	0	62744	249.07	88.75	78.32	395.45	146.69	416.61	73.36	1.99	21.71	19.19
6/30/2016 2:20:11 PM	0.00	65.56	0.00	12.93	0.00	0.00	0.00	0.78	78.49	88.22	10.22	9.16	0	65563	0	388	0	0	0	0	65951	247.66	95.23	84.69	413.88	155.39	445.52	78.24	2.00	21.65	19.16
6/30/2016 2:20:13 PM	0.00	66.39	0.00	11.42	0.00	0.00	0.00	0.81	77.81	88.70	10.29	9.10	0	66386	0	343	0	0	0	0	66729	249.01	91.44	81.99	419.27	150.84	439.44	73.63	2.01	21.60	19.11
6/30/2016 2:20:16 PM	0.00	63.69	0.00	10.68	0.00	0.00	0.00	0.73	74.37	89.53	10.36	9.19	0	63693	0	320	0	0	0	0	64013	251.35	87.80	80.06	402.29	142.91	419.06	68.09	2.01	21.54	19.11
6/30/2016 2:20:19 PM	0.00	57.47	0.00	9.93	0.00	0.00	0.00	0.60	67.40	90.32	10.47	8.97	0	57468	0	298	0	0	0	0	57766	253.55	79.23	71.52	361.47	128.96	382.49	61.58	2.03	21.47	19.11
6/30/2016 2:20:22 PM	0.00	60.16	0.00	9.90	0.00	0.00	0.00	0.72	70.06	90.87	10.55	8.97	0	60160	0	297	0	0	0	0	60457	255.12	82.61	74.30	379.32	135.13	395.71	63.69	2.03	21.42	19.06
6/30/2016 2:20:25 PM	0.00	61.15	0.00	9.50	0.00	0.00	0.00	0.69	70.65	90.42	10.62	9.04	0	61151	0	285	0	0	0	0	61436	253.84	82.34	76.30	387.36	133.84	395.70	62.88	2.04	21.36	19.05
6/30/2016 2:20:27 PM	0.00	58.58	0.00	9.73	0.00	0.00	0.00	0.67	68.31	90.03	10.69	9.25	0	58576	0	292	0	0	0	0	58868	252.73	80.64	75.34	370.41	131.16	384.09	61.97	2.05	21.32	19.02
6/30/2016 2:20:30 PM	0.00	57.42	0.00	9.50	0.00	0.00	0.00	0.66	66.93	89.69	10.80	9.10	0	57424	0	285	0	0	0	0	57709	251.78	79.37	71.96	362.29	128.60	377.61	60.29	2.06	21.25	19.01
6/30/2016 2:20:33 PM	0.00	59.58	0.00	9.11	0.00	0.00	0.00	0.82	68.69	89.74	10.88	8.73	0	59583	0	273	0	0	0	0	59856	251.93	79.72	72.91	377.86	132.77	384.68	62.97	2.07	21.18	18.97
6/30/2016 2:20:36 PM	0.00	56.40	0.00	9.26	0.00	0.00	0.00	0.75	65.66	91.21	11.01	8.76	0	56397	0	278	0	0	0	0	56675	256.07	77.41	70.50	356.30	128.02	370.15	60.58	2.08	21.13	18.98
6/30/2016 2:20:38 PM	0.00	54.88	0.00	10.28	0.00	0.00	0.00	0.79	65.16	90.59	11.14	8.78	0	54879	0	308	0	0	0	0	55187	254.32	78.65	69.69	346.51	130.91	369.74	64.69	2.09	21.07	18.96
6/30/2016 2:20:41 PM	0.00	58.34	0.00	9.56	0.00	0.00	0.00	0.90	67.91	90.74	11.24	8.52	0	58343	0	287	0	0	0	0	58630	254.75	80.40	72.85	370.45	134.74	380.76	65.10	2.10	21.02	18.95
6/30/2016 2:20:44 PM	0.00	54.21	0.00	10.19	0.00	0.00	0.00	0.86	64.40	90.89	11.37	8.46	0	54208	0	306	0	0	0	0	54514	255.16	77.97	68.52	342.26	131.25	365.79	64.95	2.11	20.95	18.91
6/30/2016 2:20:47 PM	0.00	58.15	0.00	9.82	0.00	0.00	0.00	0.95	67.97	89.74	11.48	8.43	0	58146	0	295	0	0	0	0	58441	251.92	81.28	72.87	370.13	136.45	380.60	67.09	2.12	20.90	18.90
6/30/2016 2:20:50 PM	0.00	61.26	0.00	10.30	0.00	0.00	0.00	0.94	71.56	89.61	11.55	8.52	0	61262	0	309	0	0	0	0	61571	251.57	84.51	75.67	388.04	142.42	402.91	69.37	2.13	20.83	18.86
