Date/Time	Green Algae	Bluegreen	Diatoms	Cryptophyta	#4	#5	#6	Yellow substances	Total conc.	Transmission	Depth	Temp. Sample	Green Algae	Bluegreen	Diatoms	Cryptophyta	#4	#5	#6	Yellow substances	Total cell count	Trans. 700 nm	LED 3 [525 nm]	LED 4 [570 nm]	LED 5 [610 nm]	LED 6 [370 nm]	LED 7 [590 nm]	LED 8 [470 nm]	Pressure	Temp. LEDs	Temp. Sensor
date	µg/l	µg/l	µg/l	µg/l	µg/l	µg/l	µg/l	µg/l	µg/l	%	m	°C	cells/ml	cells/ml	cells/ml	cells/ml	cells/ml	cells/ml	cells/ml	cells/ml	cells/ml	digits	digits	digits	digits	digits	digits	digits	bar	°C	°C
7/25/2016 4:07:58 PM	2.78	0.20	1.16	0.97	0.00	0.00	0.00	0.05	5.11	100.00	0.28	27.74	1473	201	521	29	0	0	0	0	2224	300.60	9.80	2.83	8.75	20.12	12.37	24.38	1.03	24.34	22.51
7/25/2016 4:08:01 PM	2.18	0.32	1.63	0.84	0.00	0.00	0.00	0.06	4.98	100.00	0.30	30.53	1158	322	735	25	0	0	0	0	2240	311.10	10.53	3.58	9.44	19.99	12.10	24.03	1.03	24.36	22.55
7/25/2016 4:08:04 PM	3.58	0.34	0.81	0.74	0.00	0.00	0.00	0.01	5.46	100.00	0.32	30.43	1895	337	365	22	0	0	0	0	2620	311.56	8.50	2.45	9.39	19.78	12.50	24.29	1.03	24.39	22.49
7/25/2016 4:08:07 PM	2.57	0.00	1.42	1.01	0.00	0.00	0.00	0.00	5.00	100.00	0.39	30.47	1362	0	638	30	0	0	0	0	2031	309.98	10.16	2.92	7.87	18.58	11.39	25.26	1.04	24.41	22.54
7/25/2016 4:08:10 PM	3.81	0.02	0.74	1.00	0.00	0.00	0.00	0.00	5.57	100.00	0.44	30.31	2018	24	334	30	0	0	0	0	2406	312.93	8.93	2.34	8.41	19.90	12.00	26.61	1.04	24.45	22.50
7/25/2016 4:08:12 PM	2.78	0.01	1.29	1.19	0.00	0.00	0.00	0.05	5.27	100.00	0.47	30.11	1474	14	579	36	0	0	0	0	2103	311.47	10.66	4.42	8.74	21.22	11.72	26.27	1.05	24.47	22.51
7/25/2016 4:08:15 PM	3.66	0.00	0.84	0.91	0.00	0.00	0.00	0.00	5.41	100.00	0.51	29.80	1938	0	380	27	0	0	0	0	2345	310.46	8.90	2.21	7.41	20.24	11.83	25.67	1.05	24.50	22.53
7/25/2016 4:08:18 PM	3.57	0.25	0.63	0.99	0.00	0.00	0.00	0.04	5.44	100.00	0.54	29.63	1891	248	285	30	0	0	0	0	2454	313.24	8.81	2.32	9.06	20.52	13.04	24.76	1.05	24.53	22.52
7/25/2016 4:08:21 PM	2.58	0.44	2.11	0.30	0.00	0.00	0.00	0.00	5.42	100.00	0.62	29.69	1366	439	948	9	0	0	0	0	2762	314.21	10.44	2.62	10.35	19.23	11.54	26.46	1.06	24.55	22.52
7/25/2016 4:08:24 PM	2.29	0.00	1.67	0.97	0.00	0.00	0.00	0.05	4.93	100.00	0.68	29.81	1212	0	752	29	0	0	0	0	1993	312.27	10.95	2.10	7.14	20.47	12.04	25.31	1.07	24.58	22.52
7/25/2016 4:08:26 PM	3.07	0.19	1.27	1.05	0.00	0.00	0.00	0.00	5.58	100.00	0.75	29.51	1626	193	571	31	0	0	0	0	2422	311.94	10.38	3.76	9.74	20.38	12.60	26.57	1.07	24.62	22.53
7/25/2016 4:08:29 PM	2.76	0.38	1.73	0.31	0.00	0.00	0.00	0.00	5.18	100.00	0.84	29.41	1463	382	778	9	0	0	0	0	2632	311.46	9.39	3.19	9.43	19.40	10.78	24.08	1.08	24.65	22.50
7/25/2016 4:08:32 PM	3.25	0.53	1.07	0.88	0.00	0.00	0.00	0.00	5.72	100.00	0.87	29.16	1720	526	481	26	0	0	0	0	2754	312.02	9.57	4.28	11.50	20.00	13.25	25.35	1.09	24.68	22.51
7/25/2016 4:08:35 PM	2.71	0.39	1.45	1.09	0.00	0.00	0.00	0.04	5.63	100.00	0.90	28.93	1434	390	650	33	0	0	0	0	2507	310.54	11.07	5.12	11.13	21.53	13.18	26.34	1.09	24.71	22.54
7/25/2016 4:08:37 PM	3.19	0.17	1.03	1.17	0.00	0.00	0.00	0.00	5.56	100.00	0.88	28.97	1693	174	462	35	0	0	0	0	2364	311.36	10.10	3.65	9.53	20.39	12.94	26.06	1.09	24.75	22.55
7/25/2016 4:08:40 PM	2.56	0.37	1.74	1.05	0.00	0.00	0.00	0.00	5.72	100.00	0.94	28.93	1356	375	781	31	0	0	0	0	2544	311.20	11.67	3.77	11.02	20.52	13.77	27.43	1.09	24.79	22.55
7/25/2016 4:08:43 PM	3.55	0.13	0.73	1.67	0.00	0.00	0.00	0.00	6.08	100.00	1.00	28.87	1880	127	330	50	0	0	0	0	2386	311.95	11.01	4.88	10.54	22.15	14.46	28.30	1.10	24.83	22.56
7/25/2016 4:08:46 PM	3.47	0.77	2.01	0.00	0.00	0.00	0.00	0.00	6.25	100.00	1.04	28.90	1837	769	906	0	0	0	0	0	3512	308.89	10.21	2.41	12.28	21.86	13.11	28.06	1.10	24.87	22.60
7/25/2016 4:08:49 PM	3.40	0.01	1.13	1.69	0.00	0.00	0.00	0.00	6.23	100.00	1.10	28.81	1803	5	509	51	0	0	0	0	2368	310.96	12.10	4.73	10.40	22.67	14.33	30.58	1.11	24.90	22.57
7/25/2016 4:08:51 PM	4.26	0.08	0.46	1.92	0.00	0.00	0.00	0.00	6.73	100.00	1.15	28.77	2259	77	209	58	0	0	0	0	2603	309.71	11.49	4.92	11.16	24.15	15.80	31.16	1.11	24.92	22.57
7/25/2016 4:08:54 PM	3.98	0.26	1.09	1.35	0.00	0.00	0.00	0.01	6.68	100.00	1.23	28.72	2108	261	493	41	0	0	0	0	2902	309.14	11.71	3.80	11.30	24.59	15.41	30.94	1.12	24.96	22.57
7/25/2016 4:08:57 PM	3.10	0.29	1.90	1.08	0.00	0.00	0.00	0.00	6.37	100.00	1.28	28.68	1645	293	853	32	0	0	0	0	2823	310.49	12.72	3.38	11.15	23.39	14.68	30.82	1.13	25.00	22.58
7/25/2016 4:09:00 PM	3.25	0.58	2.27	0.54	0.00	0.00	0.00	0.00	6.64	100.00	1.35	28.55	1723	579	1023	16	0	0	0	0	3342	310.15	12.48	3.95	12.61	24.26	14.15	31.05	1.13	25.04	22.60
7/25/2016 4:09:03 PM	3.21	0.44	1.76	1.22	0.00	0.00	0.00	0.00	6.63	100.00	1.40	28.52	1702	436	792	37	0	0	0	0	2967	310.01	12.96	4.15	12.33	24.16	15.77	30.98	1.14	25.07	22.59
7/25/2016 4:09:05 PM	3.71	0.25	1.35	1.52	0.00	0.00	0.00	0.00	6.84	100.00	1.44	28.43	1967	254	609	46	0	0	0	0	2876	310.24	12.81	4.13	11.99	24.45	16.02	32.56	1.14	25.11	22.59
7/25/2016 4:09:08 PM	3.99	0.08	0.71	2.07	0.00	0.00	0.00	0.00	6.86	100.00	1.50	28.28	2116	77	320	62	0	0	0	0	2575	309.93	12.62	4.40	11.44	24.46	16.90	32.46	1.15	25.14	22.65
7/25/2016 4:09:11 PM	3.57	0.31	1.37	1.54	0.00	0.00	0.00	0.00	6.79	100.00	1.58	28.29	1891	309	619	46	0	0	0	0	2865	309.35	12.84	4.09	12.34	23.85	16.23	32.36	1.16	25.18	22.62
7/25/2016 4:09:14 PM	3.58	0.03	0.90	2.21	0.00	0.00	0.00	0.04	6.71	100.00	1.66	28.22	1896	27	403	66	0	0	0	0	2393	310.51	13.45	5.21	11.31	25.61	16.81	32.51	1.16	25.21	22.63
7/25/2016 4:09:17 PM	3.54	0.23	1.65	1.77	0.00	0.00	0.00	0.00	7.19	100.00	1.73	28.10	1877	226	744	53	0	0	0	0	2900	309.02	14.45	4.22	12.73	25.51	17.30	35.25	1.17	25.25	22.64
7/25/2016 4:09:19 PM	4.06	0.28	1.68	1.60	0.00	0.00	0.00	0.00	7.61	100.00	1.79	28.05	2150	280	754	48	0	0	0	0	3233	309.30	14.38	4.50	13.30	27.10	17.27	36.70	1.17	25.28	22.63
7/25/2016 4:09:22 PM	3.89	0.16	1.56	1.93	0.00	0.00	0.00	0.00	7.54	100.00	1.85	27.99	2062	164	702	58	0	0	0	0	2986	309.58	14.85	4.41	13.04	26.57	17.82	37.17	1.18	25.32	22.68
7/25/2016 4:09:25 PM	3.69	0.47	2.29	1.28	0.00	0.00	0.00	0.00	7.73	100.00	1.91	27.94	1955	468	1032	39	0	0	0	0	3494	311.14	15.21	5.03	14.43	27.67	17.11	37.34	1.19	25.36	22.72
7/25/2016 4:09:28 PM	3.94	0.45	1.87	1.47	0.00	0.00	0.00	0.00	7.74	100.00	1.96	27.88	2090	447	842	44	0	0	0	0	3423	309.39	14.66	4.45	14.30	27.05	17.78	37.03	1.19	25.39	22.68
7/25/2016 4:09:30 PM	3.38	0.35	2.06	1.62	0.00	0.00	0.00	0.00	7.41	100.00	2.02	27.75	1791	354	928	49	0	0	0	0	3121	309.58	15.29	4.64	13.54	26.75	17.64	36.01	1.20	25.42	22.72
7/25/2016 4:09:33 PM	3.52	0.51	1.89	2.02	0.00	0.00	0.00	0.00	7.94	100.00	2.05	27.63	1865	510	851	61	0	0	0	0	3286	309.47	16.37	5.28	15.28	28.28	20.18	37.50	1.20	25.45	22.67
7/25/2016 4:09:36 PM	3.96	0.67	1.69	1.91	0.00	0.00	0.00	0.00	8.22	100.00	2.11	27.55	2099	668	758	57	0	0	0	0	3582	308.88	15.75	5.36	16.44	28.27	20.54	38.08	1.21	25.50	22.71
7/25/2016 4:09:39 PM	3.85	0.78	1.46	2.23	0.00	0.00	0.00	0.00	8.32	100.00	2.17	27.34	2040	779	655	67	0	0	0	0	3541	307.39	16.13	6.03	17.39	28.43	22.01	37.59	1.21	25.53	22.72
7/25/2016 4:09:42 PM	3.67	0.88	1.68	2.00	0.00	0.00	0.00	0.00	8.23	100.00	2.26	27.17	1947	881	756	60	0	0	0	0	3644	308.70	16.10	6.27	17.43	28.92	21.66	36.45	1.22	25.56	22.70
7/25/2016 4:09:44 PM	3.69	1.04	2.01	2.22	0.00	0.00	0.00	0.00	8.96	100.00	2.32	26.90	1956	1041	903	67	0	0	0	0	3966	307.49	18.05	6.22	19.45	30.76	24.19	40.10	1.23	25.59	22.72
7/25/2016 4:09:47 PM	3.45	0.97	1.86	2.26	0.00	0.00	0.00	0.01	8.55	100.00	2.35	26.83	1830	974	839	68	0	0	0	0	3710	308.95	17.54	6.37	18.49	30.12	23.53	37.94	1.23	25.62	22.74
7/25/2016 4:09:50 PM	3.89	1.24	1.85	1.89	0.00	0.00	0.00	0.00	8.87	100.00	2.43	26.87	2061	1245	834	57	0	0	0	0	4196	308.24	16.79	6.11	19.98	30.02	23.75	38.36	1.24	25.67	22.75
7/25/2016 4:09:53 PM	4.12	1.14	1.70	1.79	0.00	0.00	0.00	0.00	8.75	100.00	2.49	26.67	2182	1140	764	54	0	0	0	0	4140	309.14	16.09	5.53	18.94	29.89	23.03	37.76	1.24	25.68	22.77
7/25/2016 4:09:56 PM	4.40	1.23	1.81	1.85	0.00	0.00	0.00	0.00	9.30	100.00	2.60	26.43	2332	1229	816	56	0	0	0	0	4432	308.96	17.02	5.75	19.99	32.01	24.37	39.88	1.25	25.72	22.77
7/25/2016 4:09:58 PM	4.93	1.10	2.46	1.72	0.00	0.00	0.00	0.00	10.20	100.00	2.69	25.91	2613	1095	1105	51	0	0	0	0	4865	308.90	18.97	5.41	20.21	36.04	24.83	45.47	1.26	25.75	22.82
7/25/2016 4:10:01 PM	4.89	1.18	2.72	1.66	0.00	0.00	0.00	0.07	10.45	100.00	2.73	25.57	2590	1182	1225	50	0	0	0	0	5047	307.92	19.86	6.60	21.31	38.70	24.88	47.32	1.27	25.78	22.79
7/25/2016 4:10:04 PM	5.46	1.36	3.97	1.22	0.00	0.00	0.00	0.05	12.01	100.00	2.83	25.17	2892	1365	1786	37	0	0	0	0	6079	307.72	23.06	6.62	23.74	44.53	26.60	55.10	1.28	25.81	22.82
7/25/2016 4:10:07 PM	5.56	1.15	3.35	1.61	0.00	0.00	0.00	0.00	11.67	100.00	2.90	25.19	2948	1154	1509	48	0	0	0	0	5659	308.19	22.09	6.11	22.35	42.10	26.59	53.22	1.28	25.83	22.81
7/25/2016 4:10:10 PM	6.08	1.18	3.85	1.74	0.00	0.00	0.00	0.08	12.86	100.00	2.96	25.25	3224	1184	1733	52	0	0	0	0	6193	306.46	24.87	6.55	24.13	48.33	28.82	60.02	1.29	25.86	22.83
7/25/2016 4:10:12 PM	7.15	1.01	4.67	2.04	0.00	0.00	0.00	0.05	14.87	100.00	3.02	25.17	3791	1005	2103	61	0	0	0	0	6960	306.59	29.08	8.03	26.26	55.91	31.18	71.04	1.30	25.89	22.83
7/25/2016 4:10:15 PM	6.65	1.10	4.63	1.67	0.00	0.00	0.00	0.00	14.06	100.00	3.10	24.94	3525	1102	2083	50	0	0	0	0	6761	304.58	27.16	7.71	25.69	51.15	29.16	66.68	1.30	25.92	22.82
7/25/2016 4:10:18 PM	6.14	1.13	5.01	1.78	0.00	0.00	0.00	0.00	14.06	100.00	3.16	24.39	3255	1127	2253	54	0	0	0	0	6688	304.14	28.40	7.71	26.10	51.17	29.87	67.47	1.31	25.94	22.85
7/25/2016 4:10:21 PM	6.63	1.13	4.70	1.99	0.00	0.00	0.00	0.00	14.46	100.00	3.26	24.24	3516	1133	2114	60	0	0	0	0	6823	304.89	28.51	7.78	26.59	52.44	31.02	68.70	1.32	25.96	22.87
7/25/2016 4:10:23 PM	6.81	0.89	4.99	2.34	0.00	0.00	0.00	0.00	15.02	100.00	3.32	23.74	3607	890	2246	70	0	0	0	0	6813	304.67	30.53	8.17	26.44	55.25	31.87	72.89	1.33	25.99	22.88
7/25/2016 4:10:26 PM	6.49	0.80	4.91	2.57	0.00	0.00	0.00	0.00	14.77	100.00	3.37	23.85	3440	801	2208	77	0	0	0	0	6526	304.41	30.62	8.48	26.20	53.96	31.70	72.46	1.33	26.00	22.88
7/25/2016 4:10:29 PM	6.12	0.86	5.09	2.46	0.00	0.00	0.00	0.00	14.53	100.00	3.46	24.12	3246	855	2289	74	0	0	0	0	6464	306.43	30.63	8.59	26.11	53.39	31.33	71.22	1.34	26.02	22.86
7/25/2016 4:10:32 PM	6.12	0.79	5.27	2.49	0.00	0.00	0.00	0.00	14.68	100.00	3.53	23.73	3245	794	2370	75	0	0	0	0	6484	305.74	31.27	8.64	26.08	54.17	31.42	72.51	1.35	26.04	22.90
7/25/2016 4:10:35 PM	6.07	0.72	5.09	2.67	0.00	0.00	0.00	0.00	14.54	100.00	3.60	23.75	3218	716	2290	80	0	0	0	0	6304	305.98	31.14	9.03	25.73	53.83	31.29	71.95	1.35	26.07	22.91
7/25/2016 4:10:37 PM	5.16	0.76	4.73	2.78	0.00	0.00	0.00	0.00	13.42	100.00	3.68	22.99	2732	755	2127	84	0	0	0	0	5698	305.46	29.76	8.58	24.37	50.02	30.77	65.75	1.36	26.09	22.91
7/25/2016 4:10:40 PM	4.52	0.89	4.67	2.54	0.00	0.00	0.00	0.00	12.63	100.00	3.74	22.13	2395	892	2103	76	0	0	0	0	5466	306.46	28.42	8.66	23.94	47.13	29.50	61.24	1.37	26.09	22.90
7/25/2016 4:10:43 PM	5.11	0.93	4.59	2.60	0.00	0.00	0.00	0.01	13.24	100.00	3.81	22.27	2709	933	2067	78	0	0	0	0	5787	306.14	28.88	9.03	24.93	49.45	30.40	63.84	1.37	26.10	22.96
7/25/2016 4:10:46 PM	3.69	0.90	4.26	2.93	0.00	0.00	0.00	0.10	11.78	100.00	3.92	22.40	1954	899	1917	88	0	0	0	0	4858	306.49	28.03	9.05	23.48	45.84	29.66	57.86	1.38	26.11	22.95
7/25/2016 4:10:49 PM	3.39	0.82	3.69	3.23	0.00	0.00	0.00	0.15	11.12	100.00	3.97	21.79	1796	820	1660	97	0	0	0	0	4373	307.03	26.97	9.45	22.68	44.32	29.16	55.03	1.39	26.14	22.97
7/25/2016 4:10:51 PM	3.59	0.81	3.89	2.93	0.00	0.00	0.00	0.11	11.21	100.00	4.03	22.05	1905	807	1749	88	0	0	0	0	4549	307.10	26.62	9.18	22.40	44.00	28.26	55.25	1.39	26.15	22.95
7/25/2016 4:10:54 PM	2.04	0.96	3.64	3.36	0.00	0.00	0.00	0.25	10.00	100.00	4.13	22.04	1081	959	1638	101	0	0	0	0	3779	306.45	26.65	10.13	22.56	42.28	28.69	50.40	1.40	26.16	22.95
7/25/2016 4:10:57 PM	1.48	0.89	3.26	3.53	0.00	0.00	0.00	0.26	9.16	100.00	4.17	21.56	786	887	1469	106	0	0	0	0	3247	307.41	25.52	9.90	21.31	39.42	27.91	46.55	1.41	26.17	22.99
7/25/2016 4:11:00 PM	2.10	0.91	3.49	3.11	0.00	0.00	0.00	0.18	9.60	100.00	4.25	21.81	1111	905	1569	93	0	0	0	0	3678	307.42	25.09	9.38	21.35	39.40	27.23	47.78	1.42	26.18	22.97
7/25/2016 4:11:03 PM	1.56	0.89	3.02	3.48	0.00	0.00	0.00	0.28	8.94	100.00	4.31	21.79	825	885	1357	104	0	0	0	0	3173	307.34	24.67	9.69	20.92	38.80	27.45	45.31	1.42	26.18	22.97
7/25/2016 4:11:05 PM	0.93	1.01	3.20	3.48	0.00	0.00	0.00	0.28	8.62	100.00	4.38	21.72	495	1007	1440	105	0	0	0	0	3046	307.35	24.90	10.01	21.33	37.64	27.57	43.68	1.43	26.18	22.98
7/25/2016 4:11:08 PM	0.78	0.88	3.15	3.68	0.00	0.00	0.00	0.28	8.50	100.00	4.45	21.66	415	883	1416	111	0	0	0	0	2824	307.77	25.17	9.91	20.70	37.33	27.65	43.63	1.44	26.18	22.98
7/25/2016 4:11:11 PM	0.00	0.98	2.73	3.82	0.00	0.00	0.00	0.32	7.53	100.00	4.54	21.38	0	984	1228	115	0	0	0	0	2326	306.90	23.93	10.55	20.44	34.31	26.90	38.65	1.45	26.20	22.97
7/25/2016 4:11:14 PM	0.16	0.93	2.99	3.52	0.00	0.00	0.00	0.32	7.61	100.00	4.64	21.19	85	930	1348	106	0	0	0	0	2468	307.96	23.83	9.65	19.77	34.97	26.27	39.54	1.45	26.21	22.97
7/25/2016 4:11:16 PM	0.44	0.81	2.90	3.24	0.00	0.00	0.00	0.26	7.39	100.00	4.74	20.83	231	813	1305	97	0	0	0	0	2446	306.88	22.47	9.08	18.51	32.88	24.58	38.11	1.46	26.20	23.02
7/25/2016 4:11:19 PM	0.74	0.86	2.55	3.29	0.00	0.00	0.00	0.27	7.43	100.00	4.79	20.60	390	859	1147	99	0	0	0	0	2495	306.03	21.76	9.11	18.75	32.79	24.79	37.64	1.47	26.21	23.00
7/25/2016 4:11:22 PM	0.84	0.91	3.00	3.15	0.00	0.00	0.00	0.21	7.90	100.00	4.85	20.70	445	913	1351	94	0	0	0	0	2803	305.36	22.73	8.92	19.39	33.42	25.36	39.56	1.47	26.21	23.01
7/25/2016 4:11:25 PM	1.15	0.97	3.33	3.20	0.00	0.00	0.00	0.13	8.64	100.00	4.85	20.91	608	969	1496	96	0	0	0	0	3169	303.51	24.03	9.46	20.71	34.63	26.55	42.52	1.48	26.19	22.99
7/25/2016 4:11:28 PM	1.23	0.79	3.29	3.63	0.00	0.00	0.00	0.17	8.94	100.00	4.91	20.81	654	788	1479	109	0	0	0	0	3030	304.02	25.38	9.52	20.51	36.81	27.71	45.14	1.48	26.20	22.99
7/25/2016 4:11:30 PM	1.26	0.95	3.99	3.71	0.00	0.00	0.00	0.11	9.91	100.00	4.97	19.66	666	952	1795	111	0	0	0	0	3524	302.26	27.87	10.57	22.85	39.04	29.70	49.31	1.49	26.19	23.00
7/25/2016 4:11:33 PM	1.61	1.01	4.11	4.01	0.00	0.00	0.00	0.07	10.74	100.00	5.02	19.20	854	1010	1850	120	0	0	0	0	3835	298.80	29.50	10.89	24.37	41.04	32.00	52.76	1.49	26.18	23.01
7/25/2016 4:11:36 PM	1.89	0.95	4.16	4.05	0.00	0.00	0.00	0.03	11.05	100.00	5.10	19.26	1002	955	1871	121	0	0	0	0	3949	298.39	29.82	10.98	24.48	41.41	32.20	54.10	1.50	26.17	22.97
7/25/2016 4:11:39 PM	2.29	1.26	4.48	3.90	0.00	0.00	0.00	0.00	11.93	100.00	5.15	19.01	1215	1262	2014	117	0	0	0	0	4609	298.22	30.86	11.21	27.02	43.29	34.06	57.10	1.51	26.18	23.03
7/25/2016 4:11:42 PM	2.54	1.35	4.50	4.13	0.00	0.00	0.00	0.00	12.52	100.00	5.20	19.19	1348	1351	2023	124	0	0	0	0	4845	296.82	31.95	11.79	28.64	44.77	35.70	59.88	1.51	26.16	23.01
7/25/2016 4:11:44 PM	2.33	1.47	4.13	4.49	0.00	0.00	0.00	0.00	12.41	100.00	5.29	19.27	1232	1466	1857	135	0	0	0	0	4689	296.12	31.90	12.28	29.37	43.96	37.09	58.32	1.52	26.15	23.01
7/25/2016 4:11:47 PM	2.62	1.65	3.50	4.24	0.00	0.00	0.00	0.00	12.02	100.00	5.34	18.95	1390	1653	1576	127	0	0	0	0	4747	295.40	29.42	11.35	29.40	41.20	36.57	54.91	1.52	26.13	22.97
7/25/2016 4:11:50 PM	3.04	1.91	3.12	4.43	0.00	0.00	0.00	0.00	12.51	100.00	5.39	18.86	1612	1914	1405	133	0	0	0	0	5064	294.34	29.37	11.72	31.57	41.58	38.63	55.84	1.53	26.11	22.97
7/25/2016 4:11:53 PM	2.91	2.20	3.05	4.39	0.00	0.00	0.00	0.00	12.55	100.00	5.46	18.65	1543	2203	1373	132	0	0	0	0	5251	293.66	29.13	11.87	33.12	40.79	39.65	54.82	1.54	26.12	22.98
7/25/2016 4:11:56 PM	2.92	2.32	2.72	4.30	0.00	0.00	0.00	0.00	12.26	100.00	5.48	18.27	1546	2324	1223	129	0	0	0	0	5222	293.42	27.93	11.41	32.97	39.52	39.69	52.14	1.54	26.08	23.02
7/25/2016 4:11:58 PM	3.16	2.24	2.73	4.31	0.00	0.00	0.00	0.00	12.44	100.00	5.49	18.24	1675	2245	1227	129	0	0	0	0	5275	291.91	28.09	11.74	32.83	40.51	39.43	53.19	1.54	26.07	22.94
7/25/2016 4:12:01 PM	3.01	2.55	2.54	4.08	0.00	0.00	0.00	0.00	12.17	100.00	5.53	18.23	1593	2546	1143	122	0	0	0	0	5404	291.79	26.93	11.41	33.60	38.99	39.77	50.11	1.54	26.04	22.96
7/25/2016 4:12:04 PM	2.83	2.80	2.08	4.19	0.00	0.00	0.00	0.00	11.89	100.00	5.57	17.90	1498	2796	937	126	0	0	0	0	5357	291.82	25.92	11.13	34.48	36.89	40.90	47.20	1.55	26.03	23.01
7/25/2016 4:12:07 PM	2.98	2.90	2.14	4.05	0.00	0.00	0.00	0.00	12.07	100.00	5.64	17.79	1579	2903	963	121	0	0	0	0	5567	292.31	25.82	11.27	35.24	37.08	40.94	47.76	1.55	26.02	22.97
7/25/2016 4:12:09 PM	3.02	3.01	1.95	4.26	0.00	0.00	0.00	0.00	12.24	100.00	5.74	17.56	1599	3008	879	128	0	0	0	0	5614	291.44	26.07	11.57	36.16	37.30	42.23	47.88	1.56	25.99	22.96
7/25/2016 4:12:12 PM	2.93	3.43	2.02	7.49	0.00	0.00	0.00	0.00	15.86	100.00	5.82	17.28	1551	3429	909	225	0	0	0	0	6113	291.32	37.34	16.00	46.71	47.42	58.36	65.27	1.57	25.98	22.96
7/25/2016 4:12:15 PM	2.31	4.14	3.57	10.85	0.00	0.00	0.00	0.00	20.87	100.00	5.91	17.11	1222	4142	1607	326	0	0	0	0	7296	290.00	53.80	22.47	61.07	63.57	77.86	89.80	1.58	25.96	22.93
7/25/2016 4:12:18 PM	2.37	3.77	3.11	10.07	0.00	0.00	0.00	0.00	19.33	100.00	5.96	17.30	1258	3768	1402	302	0	0	0	0	6730	289.92	49.39	20.84	56.20	58.96	71.94	83.03	1.58	25.92	22.99
7/25/2016 4:12:21 PM	2.30	3.60	2.31	12.27	0.00	0.00	0.00	0.00	20.48	100.00	6.07	16.99	1219	3601	1041	368	0	0	0	0	6229	289.62	53.86	22.59	59.19	61.42	79.45	89.54	1.59	25.90	22.96
7/25/2016 4:12:23 PM	2.05	4.39	2.41	14.71	0.00	0.00	0.00	0.00	23.57	100.00	6.11	16.79	1087	4394	1086	441	0	0	0	0	7008	289.14	62.76	27.37	70.63	68.65	93.39	102.89	1.60	25.88	22.92
7/25/2016 4:12:26 PM	0.46	5.32	2.63	20.16	0.00	0.00	0.00	0.00	28.57	100.00	6.20	16.91	244	5318	1183	605	0	0	0	0	7350	288.49	81.26	36.64	88.26	83.06	119.73	125.27	1.61	25.85	22.90
7/25/2016 4:12:29 PM	0.00	5.20	2.10	24.37	0.00	0.00	0.00	0.00	31.67	100.00	6.27	16.65	0	5198	944	731	0	0	0	0	6873	289.24	93.10	42.01	96.89	91.14	135.44	142.64	1.61	25.82	22.93
7/25/2016 4:12:32 PM	0.00	5.31	2.07	24.10	0.00	0.00	0.00	0.00	31.48	100.00	6.32	16.59	0	5314	933	723	0	0	0	0	6970	289.91	92.37	41.50	96.84	90.34	134.96	141.01	1.62	25.79	22.91
7/25/2016 4:12:35 PM	0.14	5.70	2.66	25.27	0.00	0.00	0.00	0.00	33.77	100.00	6.38	16.32	72	5696	1198	758	0	0	0	0	7724	289.00	98.20	45.22	103.88	96.80	142.12	152.27	1.63	25.77	22.95
7/25/2016 4:12:37 PM	0.89	6.62	9.61	26.75	0.00	0.00	0.00	0.00	43.86	100.00	6.45	15.97	472	6616	4323	802	0	0	0	0	12214	283.27	127.37	50.20	124.11	134.71	165.07	207.19	1.63	25.72	22.90
7/25/2016 4:12:40 PM	0.00	6.53	11.65	26.22	0.00	0.00	0.00	0.00	44.40	100.00	6.53	15.52	0	6533	5241	787	0	0	0	0	12560	282.98	132.04	50.23	124.02	139.45	164.49	212.21	1.64	25.70	22.85
7/25/2016 4:12:43 PM	0.38	4.43	7.52	21.17	0.00	0.00	0.00	0.00	33.50	100.00	6.61	14.70	201	4434	3384	635	0	0	0	0	8654	286.09	99.74	37.80	91.96	105.29	127.22	160.75	1.65	25.65	22.87
7/25/2016 4:12:46 PM	0.44	3.94	5.99	17.20	0.00	0.00	0.00	0.00	27.56	100.00	6.67	14.54	231	3937	2694	516	0	0	0	0	7379	288.25	81.26	32.18	76.42	88.08	105.43	128.88	1.65	25.62	22.86
7/25/2016 4:12:49 PM	1.51	4.06	5.29	16.78	0.00	0.00	0.00	0.00	27.63	100.00	6.76	14.50	802	4056	2379	503	0	0	0	0	7740	288.59	78.42	31.90	76.61	87.15	104.08	127.56	1.66	25.59	22.83
7/25/2016 4:12:51 PM	0.60	2.95	3.81	13.29	0.00	0.00	0.00	0.00	20.66	100.00	6.83	14.84	320	2952	1716	399	0	0	0	0	5387	290.62	60.40	24.76	57.27	66.69	80.71	94.63	1.67	25.55	22.92
7/25/2016 4:12:54 PM	1.53	3.36	3.84	12.82	0.00	0.00	0.00	0.00	21.55	100.00	6.88	15.11	812	3357	1730	385	0	0	0	0	6284	290.39	59.97	25.25	60.06	68.83	81.54	96.88	1.67	25.50	22.83
7/25/2016 4:12:57 PM	1.28	3.55	4.23	13.15	0.00	0.00	0.00	0.00	22.21	100.00	6.97	14.69	677	3548	1903	395	0	0	0	0	6523	290.59	62.40	26.35	62.11	71.78	84.30	99.26	1.68	25.46	22.85
7/25/2016 4:13:00 PM	1.23	2.82	2.48	9.01	0.00	0.00	0.00	0.00	15.53	100.00	7.04	14.16	651	2818	1114	270	0	0	0	0	4854	291.36	42.11	19.03	44.88	49.86	60.06	66.43	1.69	25.43	22.80
7/25/2016 4:13:02 PM	0.99	2.32	2.12	9.18	0.00	0.00	0.00	0.00	14.62	100.00	7.13	14.31	527	2324	952	275	0	0	0	0	4079	292.42	40.88	17.91	41.24	47.23	57.72	64.01	1.70	25.41	22.81
7/25/2016 4:13:05 PM	1.01	2.30	2.00	8.81	0.00	0.00	0.00	0.00	14.12	100.00	7.22	14.28	533	2302	901	264	0	0	0	0	4001	292.42	39.28	17.01	39.94	45.59	56.04	61.40	1.71	25.37	22.78
7/25/2016 4:13:08 PM	1.31	2.47	1.77	8.47	0.00	0.00	0.00	0.00	14.02	100.00	7.30	14.25	693	2470	797	254	0	0	0	0	4214	293.96	37.72	17.31	40.42	44.70	55.06	59.66	1.72	25.32	22.86
7/25/2016 4:13:11 PM	1.24	2.48	1.75	8.55	0.00	0.00	0.00	0.00	14.02	100.00	7.36	14.27	655	2478	787	257	0	0	0	0	4177	292.71	37.90	17.43	40.48	44.84	55.39	59.48	1.72	25.27	22.73
7/25/2016 4:13:14 PM	1.15	2.22	1.63	8.21	0.00	0.00	0.00	0.00	13.21	100.00	7.40	14.63	608	2224	735	246	0	0	0	0	3814	292.65	36.04	16.34	37.81	42.28	52.38	56.72	1.73	25.24	22.75
7/25/2016 4:13:16 PM	1.12	2.46	1.80	8.70	0.00	0.00	0.00	0.00	14.08	100.00	7.45	14.99	592	2464	810	261	0	0	0	0	4128	292.40	38.43	17.83	40.77	45.07	55.76	60.06	1.73	25.19	22.76
7/25/2016 4:13:19 PM	1.32	2.52	1.74	9.14	0.00	0.00	0.00	0.00	14.73	100.00	7.49	15.09	702	2522	784	274	0	0	0	0	4283	292.62	39.86	19.12	42.66	46.79	57.72	63.16	1.73	25.14	22.76
7/25/2016 4:13:22 PM	1.44	2.75	1.76	8.69	0.00	0.00	0.00	0.00	14.65	100.00	7.56	15.14	764	2750	794	261	0	0	0	0	4569	292.49	38.69	19.07	43.32	46.00	56.93	61.62	1.74	25.10	22.75
7/25/2016 4:13:25 PM	1.74	2.30	1.09	9.23	0.00	0.00	0.00	0.00	14.36	100.00	7.64	15.14	921	2303	489	277	0	0	0	0	3990	292.37	38.13	18.01	40.83	45.11	56.76	61.53	1.75	25.07	22.74
7/25/2016 4:13:28 PM	1.44	2.46	1.47	8.89	0.00	0.00	0.00	0.00	14.26	100.00	7.71	14.88	763	2458	663	267	0	0	0	0	4151	292.29	38.23	17.67	41.15	44.94	56.51	60.82	1.76	25.01	22.66
7/25/2016 4:13:30 PM	1.43	2.75	1.79	8.68	0.00	0.00	0.00	0.00	14.65	100.00	7.78	14.76	760	2746	806	260	0	0	0	0	4572	292.96	38.76	18.41	43.16	45.84	57.20	61.83	1.76	24.98	22.66
7/25/2016 4:13:33 PM	1.44	2.73	1.59	9.08	0.00	0.00	0.00	0.00	14.84	100.00	7.82	14.62	765	2728	715	272	0	0	0	0	4481	290.18	39.45	19.07	43.72	46.51	58.49	62.55	1.77	24.93	22.63
7/25/2016 4:13:36 PM	1.56	2.75	1.56	9.05	0.00	0.00	0.00	0.00	14.92	100.00	7.89	14.63	825	2747	704	271	0	0	0	0	4546	291.83	39.34	19.15	43.94	46.56	58.44	62.85	1.77	24.91	22.66
7/25/2016 4:13:39 PM	1.57	2.41	1.42	8.78	0.00	0.00	0.00	0.00	14.18	100.00	7.98	14.32	833	2407	640	263	0	0	0	0	4144	291.92	37.72	17.49	40.71	44.59	55.78	60.63	1.78	24.84	22.61
7/25/2016 4:13:42 PM	1.42	2.39	1.49	8.61	0.00	0.00	0.00	0.00	13.91	100.00	8.03	13.88	751	2387	671	258	0	0	0	0	4067	291.80	37.28	17.43	39.96	44.30	54.89	59.08	1.79	24.81	22.68
7/25/2016 4:13:44 PM	1.41	2.44	1.54	8.56	0.00	0.00	0.00	0.00	13.96	100.00	8.04	13.93	749	2442	695	257	0	0	0	0	4143	291.56	37.30	17.13	40.35	43.92	55.08	59.50	1.79	24.76	22.58
7/25/2016 4:13:47 PM	1.34	2.60	1.65	8.85	0.00	0.00	0.00	0.00	14.44	100.00	8.14	14.13	711	2599	744	265	0	0	0	0	4320	290.98	38.70	18.17	42.19	45.46	57.03	61.26	1.80	24.71	22.61
7/25/2016 4:13:50 PM	1.24	2.40	1.45	8.95	0.00	0.00	0.00	0.00	14.03	100.00	8.19	13.86	658	2396	651	268	0	0	0	0	3972	291.83	38.10	17.91	40.61	44.48	56.05	59.81	1.80	24.65	22.56
7/25/2016 4:13:53 PM	1.54	2.60	1.44	9.08	0.00	0.00	0.00	0.00	14.66	100.00	8.27	13.82	818	2599	647	272	0	0	0	0	4336	291.73	38.89	18.75	42.84	45.81	57.72	62.19	1.81	24.61	22.50
7/25/2016 4:13:55 PM	1.36	2.31	1.33	8.81	0.00	0.00	0.00	0.00	13.81	100.00	8.37	13.78	722	2313	598	264	0	0	0	0	3896	291.94	37.29	17.45	39.70	43.78	55.06	58.96	1.82	24.56	22.50
7/25/2016 4:13:58 PM	1.18	2.39	1.50	8.48	0.00	0.00	0.00	0.00	13.55	100.00	8.45	13.80	625	2391	675	254	0	0	0	0	3945	291.43	36.69	17.13	39.37	43.10	54.15	57.35	1.83	24.51	22.49
7/25/2016 4:14:01 PM	1.34	2.38	1.43	8.60	0.00	0.00	0.00	0.00	13.75	100.00	8.54	14.06	708	2384	642	258	0	0	0	0	3991	291.26	36.98	17.23	39.68	43.68	54.72	58.26	1.84	24.45	22.43
7/25/2016 4:14:04 PM	1.26	2.44	1.56	8.49	0.00	0.00	0.00	0.00	13.75	100.00	8.61	14.07	667	2438	704	255	0	0	0	0	4064	291.15	37.04	17.35	39.94	43.71	54.55	58.23	1.84	24.41	22.43
7/25/2016 4:14:07 PM	1.33	2.43	1.52	8.73	0.00	0.00	0.00	0.00	14.01	100.00	8.66	13.76	705	2428	685	262	0	0	0	0	4080	291.37	37.74	17.71	40.50	44.50	55.51	59.55	1.85	24.36	22.49
7/25/2016 4:14:09 PM	1.42	2.43	1.44	9.13	0.00	0.00	0.00	0.00	14.41	100.00	8.74	13.66	752	2432	646	274	0	0	0	0	4104	291.08	38.86	18.12	41.42	45.69	57.26	61.50	1.86	24.33	22.43
7/25/2016 4:14:12 PM	1.25	2.50	1.62	8.89	0.00	0.00	0.00	0.00	14.27	100.00	8.80	13.80	663	2496	731	267	0	0	0	0	4157	290.94	38.63	18.05	41.36	45.36	56.65	60.65	1.86	24.27	22.39
7/25/2016 4:14:15 PM	1.53	2.41	1.36	8.93	0.00	0.00	0.00	0.00	14.22	100.00	8.93	13.84	810	2409	611	268	0	0	0	0	4098	290.02	37.98	18.02	40.91	44.99	56.15	60.53	1.88	24.22	22.41
7/25/2016 4:14:18 PM	1.34	2.47	1.42	8.71	0.00	0.00	0.00	0.00	13.95	100.00	9.04	13.68	710	2474	638	261	0	0	0	0	4084	290.51	37.41	17.99	40.58	44.41	55.45	58.65	1.89	24.18	22.36
7/25/2016 4:14:21 PM	1.48	2.50	1.47	8.91	0.00	0.00	0.00	0.00	14.36	100.00	9.16	13.68	786	2496	661	267	0	0	0	0	4211	291.09	38.36	18.15	41.48	45.53	56.70	60.85	1.90	24.12	22.40
7/25/2016 4:14:23 PM	1.47	2.47	1.42	8.87	0.00	0.00	0.00	0.00	14.22	100.00	9.27	13.65	779	2467	640	266	0	0	0	0	4152	291.38	38.01	17.92	41.08	45.05	56.30	60.28	1.91	24.05	22.27
7/25/2016 4:14:26 PM	1.42	2.50	1.44	8.89	0.00	0.00	0.00	0.00	14.25	100.00	9.37	13.72	751	2497	648	267	0	0	0	0	4163	290.66	38.17	17.85	41.23	45.14	56.64	60.24	1.92	24.02	22.27
7/25/2016 4:14:29 PM	1.63	2.36	1.22	9.32	0.00	0.00	0.00	0.00	14.53	100.00	9.47	13.72	862	2362	549	279	0	0	0	0	4053	290.52	38.89	17.90	41.28	45.89	57.78	62.14	1.93	23.96	22.21
7/25/2016 4:14:32 PM	1.83	2.81	1.45	9.08	0.00	0.00	0.00	0.00	15.18	100.00	9.57	13.71	972	2814	654	272	0	0	0	0	4712	291.00	39.34	19.11	44.66	46.94	59.09	63.83	1.94	23.92	22.30
7/25/2016 4:14:35 PM	1.61	2.43	1.35	9.16	0.00	0.00	0.00	0.00	14.55	100.00	9.65	13.73	855	2429	606	275	0	0	0	0	4165	291.01	38.79	18.21	41.77	45.67	57.36	62.33	1.95	23.87	22.26
7/25/2016 4:14:37 PM	1.42	2.56	1.63	8.49	0.00	0.00	0.00	0.00	14.10	100.00	9.73	13.64	752	2560	734	255	0	0	0	0	4300	290.82	37.47	17.55	41.10	44.44	55.40	59.60	1.95	23.82	22.25
7/25/2016 4:14:40 PM	1.60	2.67	1.53	8.76	0.00	0.00	0.00	0.00	14.56	100.00	9.80	13.75	849	2672	688	263	0	0	0	0	4471	289.81	38.28	18.38	42.58	45.79	57.04	61.15	1.96	23.77	22.17
7/25/2016 4:14:43 PM	1.81	2.40	1.12	9.26	0.00	0.00	0.00	0.00	14.59	100.00	9.87	13.78	957	2401	505	278	0	0	0	0	4140	289.79	38.53	18.24	41.52	46.08	57.59	61.96	1.97	23.73	22.14
7/25/2016 4:14:46 PM	1.54	2.35	1.35	8.78	0.00	0.00	0.00	0.00	14.01	100.00	9.94	13.87	814	2345	606	263	0	0	0	0	4028	290.84	37.44	17.09	39.94	44.38	55.54	59.73	1.97	23.67	22.16
7/25/2016 4:14:48 PM	1.84	2.56	1.28	8.92	0.00	0.00	0.00	0.00	14.59	100.00	10.01	14.03	973	2562	574	267	0	0	0	0	4376	290.72	38.05	18.29	42.10	45.88	57.07	61.39	1.98	23.62	22.16
