Date/Time	Green Algae	Bluegreen	Diatoms	Cryptophyta	#4	#5	#6	Yellow substances	Total conc.	Transmission	Depth	Temp. Sample	Green Algae	Bluegreen	Diatoms	Cryptophyta	#4	#5	#6	Yellow substances	Total cell count	Trans. 700 nm	LED 3 [525 nm]	LED 4 [570 nm]	LED 5 [610 nm]	LED 6 [370 nm]	LED 7 [590 nm]	LED 8 [470 nm]	Pressure	Temp. LEDs	Temp. Sensor
date	µg/l	µg/l	µg/l	µg/l	µg/l	µg/l	µg/l	µg/l	µg/l	%	m	°C	cells/ml	cells/ml	cells/ml	cells/ml	cells/ml	cells/ml	cells/ml	cells/ml	cells/ml	digits	digits	digits	digits	digits	digits	digits	bar	°C	°C
10/17/2016 9:25:36 AM	2.52	0.99	0.00	0.00	0.00	0.00	0.00	0.06	3.51	97.83	0.17	18.20	1336	992	0	0	0	0	0	0	2328	274.67	2.60	1.72	9.10	12.16	11.03	11.62	1.02	19.77	19.03
10/17/2016 9:25:39 AM	2.77	1.27	1.84	0.60	0.00	0.00	0.00	0.10	6.48	100.00	0.49	18.39	1468	1271	829	18	0	0	0	0	3585	284.98	11.99	4.11	15.73	24.47	17.32	27.42	1.05	19.81	18.98
10/17/2016 9:25:42 AM	3.23	0.32	1.27	1.49	0.00	0.00	0.00	0.19	6.31	100.00	0.68	18.40	1712	317	570	45	0	0	0	0	2643	305.31	12.77	4.42	11.61	27.18	15.70	31.08	1.07	19.82	18.99
10/17/2016 9:25:45 AM	2.83	0.62	1.25	2.08	0.00	0.00	0.00	0.17	6.78	100.00	0.99	18.40	1498	622	564	62	0	0	0	0	2747	308.03	14.62	5.40	14.39	27.72	19.40	32.02	1.10	19.83	18.97
10/17/2016 9:25:47 AM	3.48	0.67	1.93	1.60	0.00	0.00	0.00	0.04	7.68	100.00	1.30	18.40	1845	669	869	48	0	0	0	0	3431	307.09	15.41	5.00	15.13	28.70	19.34	35.47	1.13	19.85	18.95
10/17/2016 9:25:50 AM	3.36	0.74	1.37	1.96	0.00	0.00	0.00	0.18	7.42	100.00	1.67	18.41	1779	736	616	59	0	0	0	0	3190	319.95	15.20	5.23	15.50	30.16	20.43	34.68	1.16	19.86	18.97
10/17/2016 9:25:53 AM	3.76	0.59	1.35	2.19	0.00	0.00	0.00	0.14	7.89	100.00	1.96	18.40	1995	587	607	66	0	0	0	0	3254	321.25	15.98	4.92	15.32	31.13	21.32	37.08	1.19	19.87	18.99
10/17/2016 9:25:56 AM	3.39	0.63	1.09	2.92	0.00	0.00	0.00	0.18	8.04	100.00	2.27	18.40	1798	635	492	88	0	0	0	0	3013	323.52	17.47	5.88	16.59	32.06	23.94	37.90	1.22	19.89	18.97
10/17/2016 9:25:59 AM	3.49	0.68	2.20	1.52	0.00	0.00	0.00	0.09	7.89	100.00	2.54	18.39	1848	676	989	46	0	0	0	0	3559	322.19	16.19	5.07	15.42	30.65	19.48	37.19	1.25	19.92	18.95
10/17/2016 9:26:01 AM	3.67	0.95	2.39	1.15	0.00	0.00	0.00	0.13	8.16	100.00	2.88	18.36	1946	948	1073	35	0	0	0	0	4002	324.22	16.09	5.38	16.90	32.25	19.62	37.82	1.28	19.92	18.97
10/17/2016 9:26:04 AM	3.84	0.62	2.03	1.58	0.00	0.00	0.00	0.14	8.07	100.00	3.18	18.24	2035	625	911	48	0	0	0	0	3618	326.29	16.25	4.83	15.32	32.51	19.79	38.55	1.31	19.94	18.94
10/17/2016 9:26:07 AM	3.91	0.40	1.66	2.05	0.00	0.00	0.00	0.17	8.02	100.00	3.51	18.10	2072	399	748	62	0	0	0	0	3280	325.84	16.53	5.13	14.57	32.95	20.14	39.18	1.34	19.94	18.95
10/17/2016 9:26:10 AM	3.25	0.35	2.06	1.70	0.00	0.00	0.00	0.22	7.37	100.00	3.77	18.04	1724	354	929	51	0	0	0	0	3058	326.67	16.29	4.50	13.28	32.23	18.41	37.36	1.37	19.98	18.95
10/17/2016 9:26:13 AM	3.58	0.51	1.80	1.69	0.00	0.00	0.00	0.22	7.59	100.00	4.03	18.01	1896	513	812	51	0	0	0	0	3272	326.41	15.80	5.17	14.45	32.54	18.88	37.33	1.39	19.98	18.97
10/17/2016 9:26:15 AM	3.29	0.44	1.89	1.53	0.00	0.00	0.00	0.24	7.15	100.00	4.26	17.96	1746	441	848	46	0	0	0	0	3081	325.05	15.33	4.53	13.33	31.75	17.81	35.92	1.42	19.98	18.96
10/17/2016 9:26:18 AM	3.46	0.38	1.57	1.78	0.00	0.00	0.00	0.25	7.19	100.00	4.48	17.94	1833	384	707	53	0	0	0	0	2976	326.76	15.21	4.68	13.27	31.84	18.28	36.03	1.44	20.01	18.92
10/17/2016 9:26:21 AM	3.03	0.48	1.65	1.66	0.00	0.00	0.00	0.27	6.82	100.00	4.68	17.92	1603	483	744	50	0	0	0	0	2880	326.87	14.92	4.79	13.34	30.95	17.87	34.27	1.46	20.02	18.91
10/17/2016 9:26:24 AM	2.78	0.47	1.74	1.61	0.00	0.00	0.00	0.29	6.60	100.00	4.88	17.89	1476	472	783	48	0	0	0	0	2779	325.71	14.85	4.78	13.03	30.55	17.40	33.55	1.48	20.03	18.95
10/17/2016 9:26:27 AM	2.75	0.33	1.27	1.89	0.00	0.00	0.00	0.31	6.25	100.00	5.10	17.89	1457	333	573	57	0	0	0	0	2421	326.33	14.21	4.61	12.06	29.71	17.28	32.20	1.50	20.04	18.93
10/17/2016 9:26:29 AM	2.43	0.56	1.71	1.47	0.00	0.00	0.00	0.31	6.16	100.00	5.34	17.86	1286	560	767	44	0	0	0	0	2657	326.12	14.17	4.53	12.81	29.27	16.90	31.28	1.52	20.06	18.89
10/17/2016 9:26:32 AM	2.58	0.36	1.61	1.35	0.00	0.00	0.00	0.28	5.90	100.00	5.52	17.87	1366	359	726	40	0	0	0	0	2492	326.59	13.30	4.04	11.26	28.15	15.35	30.49	1.54	20.06	18.94
10/17/2016 9:26:35 AM	2.60	0.44	1.82	1.22	0.00	0.00	0.00	0.26	6.07	100.00	5.70	17.84	1376	437	818	37	0	0	0	0	2667	326.77	13.57	4.21	11.81	28.40	15.43	31.02	1.56	20.08	18.88
10/17/2016 9:26:38 AM	2.46	0.41	1.42	1.43	0.00	0.00	0.00	0.30	5.73	100.00	5.96	17.81	1306	410	640	43	0	0	0	0	2399	326.31	12.98	4.12	11.39	27.69	15.58	29.44	1.58	20.09	18.88
10/17/2016 9:26:40 AM	2.64	0.54	1.43	1.29	0.00	0.00	0.00	0.30	5.91	100.00	6.16	17.80	1399	543	644	39	0	0	0	0	2625	326.70	12.79	4.30	12.18	27.96	15.78	29.59	1.60	20.10	18.89
10/17/2016 9:26:43 AM	2.30	0.38	1.35	1.30	0.00	0.00	0.00	0.32	5.33	100.00	6.41	17.79	1220	377	610	39	0	0	0	0	2246	326.32	12.23	3.84	10.61	26.81	14.58	27.84	1.63	20.11	18.87
10/17/2016 9:26:46 AM	2.28	0.53	1.49	1.12	0.00	0.00	0.00	0.31	5.42	100.00	6.66	17.78	1209	529	671	34	0	0	0	0	2443	326.55	12.15	3.92	11.35	26.64	14.71	27.58	1.65	20.13	18.88
10/17/2016 9:26:49 AM	2.11	0.54	1.20	1.23	0.00	0.00	0.00	0.33	5.09	100.00	6.85	17.78	1121	542	540	37	0	0	0	0	2239	326.33	11.50	4.09	11.17	25.51	14.57	25.79	1.67	20.12	18.88
10/17/2016 9:26:52 AM	2.15	0.38	1.21	0.97	0.00	0.00	0.00	0.33	4.72	100.00	7.09	17.78	1141	381	546	29	0	0	0	0	2097	326.35	10.59	3.36	9.54	24.74	12.79	24.76	1.69	20.14	18.88
10/17/2016 9:26:54 AM	1.97	0.42	1.13	0.87	0.00	0.00	0.00	0.35	4.39	100.00	7.30	17.76	1046	419	508	26	0	0	0	0	1999	325.93	9.92	3.07	9.19	23.76	12.29	23.08	1.71	20.15	18.89
10/17/2016 9:26:57 AM	1.80	0.40	1.11	0.73	0.00	0.00	0.00	0.36	4.04	100.00	7.51	17.74	954	404	499	22	0	0	0	0	1879	325.95	9.29	2.81	8.56	22.88	11.42	21.62	1.74	20.15	18.86
10/17/2016 9:27:00 AM	1.67	0.37	0.88	0.89	0.00	0.00	0.00	0.38	3.81	100.00	7.79	17.70	885	371	395	27	0	0	0	0	1677	325.00	8.98	3.07	8.33	22.35	11.34	20.62	1.76	20.17	18.86
10/17/2016 9:27:03 AM	1.69	0.42	0.99	0.64	0.00	0.00	0.00	0.38	3.74	100.00	8.04	17.67	897	424	444	19	0	0	0	0	1784	324.45	8.58	2.63	8.19	22.08	10.84	20.12	1.79	20.17	18.86
10/17/2016 9:27:06 AM	1.45	0.43	0.90	0.67	0.00	0.00	0.00	0.40	3.44	100.00	8.32	17.61	767	428	405	20	0	0	0	0	1620	324.02	8.24	2.62	7.90	21.28	10.57	18.77	1.81	20.19	18.86
10/17/2016 9:27:08 AM	1.44	0.43	0.81	0.60	0.00	0.00	0.00	0.40	3.29	100.00	8.63	17.55	764	433	366	18	0	0	0	0	1580	323.14	7.75	2.39	7.61	20.74	10.22	17.91	1.85	20.20	18.84
10/17/2016 9:27:11 AM	1.19	0.39	0.65	0.62	0.00	0.00	0.00	0.44	2.85	100.00	8.89	17.50	629	390	294	19	0	0	0	0	1332	322.45	7.18	2.44	6.97	20.07	9.50	16.31	1.87	20.21	18.85
10/17/2016 9:27:14 AM	0.96	0.38	0.59	0.64	0.00	0.00	0.00	0.46	2.57	100.00	9.16	17.40	511	378	263	19	0	0	0	0	1172	321.16	6.91	2.32	6.58	19.46	9.24	15.18	1.90	20.21	18.82
10/17/2016 9:27:17 AM	0.99	0.38	0.65	0.68	0.00	0.00	0.00	0.48	2.71	100.00	9.38	17.24	525	384	292	20	0	0	0	0	1221	320.78	7.33	2.46	6.86	20.35	9.56	16.05	1.92	20.22	18.84
10/17/2016 9:27:20 AM	0.19	0.67	1.12	1.90	0.00	0.00	0.00	0.59	3.88	100.00	9.62	17.02	101	668	505	57	0	0	0	0	1331	317.75	12.96	5.51	11.63	26.80	15.77	22.71	1.94	20.23	18.78
10/17/2016 9:27:22 AM	0.00	0.50	0.99	4.07	0.00	0.00	0.00	0.79	5.57	100.00	9.81	16.46	0	504	447	122	0	0	0	0	1073	317.78	23.01	9.56	15.80	37.50	22.71	32.18	1.96	20.24	18.81
10/17/2016 9:27:25 AM	0.00	0.45	0.69	4.00	0.00	0.00	0.00	0.95	5.14	100.00	10.04	15.71	0	449	309	120	0	0	0	0	878	320.65	22.67	9.39	14.98	39.36	21.66	31.25	1.98	20.23	18.86
10/17/2016 9:27:28 AM	0.00	0.58	0.86	3.66	0.00	0.00	0.00	1.03	5.10	100.00	10.30	15.27	0	579	386	110	0	0	0	0	1075	320.97	21.97	8.97	15.23	41.04	21.43	31.79	2.01	20.24	18.82
10/17/2016 9:27:31 AM	0.00	0.61	1.11	3.23	0.00	0.00	0.00	1.08	4.95	100.00	10.54	15.02	0	610	500	97	0	0	0	0	1207	320.58	20.72	8.22	14.70	41.75	20.54	32.17	2.03	20.25	18.82
10/17/2016 9:27:33 AM	0.00	0.76	1.57	2.58	0.00	0.00	0.00	1.16	4.92	100.00	10.83	14.47	0	764	707	78	0	0	0	0	1549	321.15	19.10	7.32	14.70	43.43	19.83	33.35	2.06	20.26	18.82
10/17/2016 9:27:36 AM	0.00	0.83	1.66	2.47	0.00	0.00	0.00	1.21	4.96	100.00	11.12	14.27	0	827	748	74	0	0	0	0	1648	321.74	18.68	7.13	14.92	44.59	20.04	34.15	2.09	20.25	18.83
10/17/2016 9:27:39 AM	0.05	0.78	1.62	2.43	0.00	0.00	0.00	1.23	4.89	100.00	11.39	14.15	29	782	728	73	0	0	0	0	1612	319.77	18.46	6.94	14.54	44.79	19.72	34.13	2.12	20.25	18.82
10/17/2016 9:27:42 AM	0.24	0.76	1.46	2.54	0.00	0.00	0.00	1.24	5.01	100.00	11.68	13.95	126	763	658	76	0	0	0	0	1623	315.61	18.46	7.10	14.68	45.25	20.04	34.63	2.14	20.25	18.85
10/17/2016 9:27:45 AM	0.41	0.82	1.60	2.37	0.00	0.00	0.00	1.18	5.20	100.00	11.93	13.80	215	822	720	71	0	0	0	0	1828	311.52	18.29	7.23	15.07	44.56	19.81	34.76	2.17	20.25	18.80
10/17/2016 9:27:47 AM	0.01	0.80	1.67	2.48	0.00	0.00	0.00	1.19	4.96	100.00	12.17	13.75	6	798	752	74	0	0	0	0	1630	301.27	18.58	7.35	14.85	44.03	19.80	34.04	2.19	20.25	18.82
10/17/2016 9:27:50 AM	0.00	0.87	1.65	2.46	0.00	0.00	0.00	1.17	4.98	100.00	12.33	13.70	0	871	742	74	0	0	0	0	1687	292.51	19.20	6.99	15.10	43.73	20.14	33.26	2.21	20.24	18.78
