Date/Time	Green Algae	Bluegreen	Diatoms	Cryptophyta	#4	#5	#6	Yellow substances	Total conc.	Transmission	Depth	Temp. Sample	Green Algae	Bluegreen	Diatoms	Cryptophyta	#4	#5	#6	Yellow substances	Total cell count	Trans. 700 nm	LED 3 [525 nm]	LED 4 [570 nm]	LED 5 [610 nm]	LED 6 [370 nm]	LED 7 [590 nm]	LED 8 [470 nm]	Pressure	Temp. LEDs	Temp. Sensor
date	µg/l	µg/l	µg/l	µg/l	µg/l	µg/l	µg/l	µg/l	µg/l	%	m	°C	cells/ml	cells/ml	cells/ml	cells/ml	cells/ml	cells/ml	cells/ml	cells/ml	cells/ml	digits	digits	digits	digits	digits	digits	digits	bar	°C	°C
6/28/2016 8:06:53 AM	5.41	0.14	3.27	2.32	0.00	0.00	0.00	0.00	11.14	100.00	0.42	22.59	2867	138	1471	70	0	0	0	0	4546	298.63	22.92	6.13	17.94	40.82	23.55	56.42	1.04	20.48	17.24
6/28/2016 8:06:56 AM	5.65	0.21	3.38	2.06	0.00	0.00	0.00	0.00	11.30	100.00	0.57	23.11	2996	214	1519	62	0	0	0	0	4791	297.79	22.56	5.63	18.60	40.22	23.16	57.73	1.06	20.51	17.27
6/28/2016 8:06:58 AM	6.82	0.07	2.52	2.43	0.00	0.00	0.00	0.00	11.83	100.00	0.70	23.13	3615	67	1133	73	0	0	0	0	4887	297.94	21.68	6.50	18.77	41.72	23.60	59.45	1.07	20.54	17.28
6/28/2016 8:07:01 AM	6.43	0.11	3.00	2.30	0.00	0.00	0.00	0.00	11.84	100.00	0.77	23.13	3408	107	1350	69	0	0	0	0	4934	299.87	22.52	6.65	19.22	41.63	23.36	60.38	1.08	20.58	17.27
6/28/2016 8:07:04 AM	6.36	0.03	2.81	2.77	0.00	0.00	0.00	0.00	11.98	100.00	0.88	23.09	3372	34	1265	83	0	0	0	0	4754	298.72	23.40	6.82	19.29	42.31	24.88	61.06	1.09	20.62	17.30
6/28/2016 8:07:07 AM	5.92	0.08	3.35	2.50	0.00	0.00	0.00	0.00	11.86	100.00	1.00	23.01	3139	81	1509	75	0	0	0	0	4804	298.87	24.09	5.77	18.83	42.62	24.88	60.80	1.10	20.66	17.29
6/28/2016 8:07:10 AM	6.03	0.09	3.40	2.53	0.00	0.00	0.00	0.00	12.04	100.00	1.06	23.04	3193	86	1531	76	0	0	0	0	4886	299.32	24.42	6.32	19.13	43.63	25.03	61.46	1.10	20.70	17.32
6/28/2016 8:07:12 AM	6.63	0.02	2.82	2.70	0.00	0.00	0.00	0.00	12.17	100.00	1.13	23.03	3513	21	1270	81	0	0	0	0	4885	297.73	23.44	6.06	19.18	42.92	25.19	62.05	1.11	20.73	17.33
6/28/2016 8:07:15 AM	6.38	0.00	3.28	2.49	0.00	0.00	0.00	0.00	12.15	100.00	1.25	22.97	3382	3	1475	75	0	0	0	0	4935	298.74	23.99	6.64	19.05	43.66	24.26	62.41	1.12	20.78	17.35
6/28/2016 8:07:18 AM	6.18	0.00	3.55	2.46	0.00	0.00	0.00	0.00	12.19	100.00	1.33	22.97	3274	0	1600	74	0	0	0	0	4948	298.37	24.56	6.59	18.86	43.49	24.43	63.56	1.13	20.82	17.37
6/28/2016 8:07:21 AM	6.07	0.04	3.57	2.41	0.00	0.00	0.00	0.00	12.09	100.00	1.38	22.89	3219	39	1608	72	0	0	0	0	4938	298.60	24.53	6.48	19.06	43.81	24.36	62.34	1.14	20.86	17.36
6/28/2016 8:07:23 AM	6.40	0.00	3.35	2.57	0.00	0.00	0.00	0.00	12.31	100.00	1.51	22.86	3389	0	1507	77	0	0	0	0	4973	298.36	24.32	7.09	18.61	43.39	24.85	64.19	1.15	20.89	17.37
6/28/2016 8:07:26 AM	6.12	0.06	3.54	2.52	0.00	0.00	0.00	0.00	12.24	100.00	1.62	23.00	3241	60	1595	76	0	0	0	0	4971	299.35	24.84	6.56	19.51	44.03	24.95	63.08	1.16	20.92	17.39
6/28/2016 8:07:29 AM	6.11	0.00	3.45	2.46	0.00	0.00	0.00	0.00	12.01	100.00	1.72	22.98	3236	0	1553	74	0	0	0	0	4863	298.89	24.13	6.67	18.20	42.82	24.32	62.62	1.17	20.94	17.41
6/28/2016 8:07:32 AM	6.24	0.06	3.27	2.50	0.00	0.00	0.00	0.00	12.07	100.00	1.83	22.88	3307	60	1471	75	0	0	0	0	4913	298.90	23.95	6.15	19.29	42.78	24.66	62.15	1.18	21.00	17.41
6/28/2016 8:07:35 AM	5.97	0.15	3.16	2.08	0.00	0.00	0.00	0.00	11.35	100.00	1.92	22.86	3162	148	1423	62	0	0	0	0	4796	298.95	22.16	5.61	18.00	41.05	23.04	57.37	1.19	21.02	17.44
6/28/2016 8:07:37 AM	5.83	0.04	3.37	2.32	0.00	0.00	0.00	0.00	11.56	100.00	2.01	22.80	3091	41	1515	69	0	0	0	0	4717	298.94	23.35	5.88	18.29	41.48	23.51	59.72	1.20	21.06	17.44
6/28/2016 8:07:40 AM	5.60	0.16	3.07	1.90	0.00	0.00	0.00	0.00	10.73	100.00	2.11	22.75	2970	157	1383	57	0	0	0	0	4567	299.48	21.02	5.58	17.01	39.27	21.71	53.92	1.21	21.08	17.46
6/28/2016 8:07:43 AM	5.38	0.32	2.90	1.46	0.00	0.00	0.00	0.00	10.06	100.00	2.19	22.75	2850	321	1305	44	0	0	0	0	4520	298.67	19.04	4.78	16.30	36.81	20.41	49.40	1.21	21.12	17.49
6/28/2016 8:07:46 AM	5.48	0.50	2.55	1.26	0.00	0.00	0.00	0.00	9.79	100.00	2.26	22.74	2906	498	1148	38	0	0	0	0	4590	298.40	17.48	5.04	16.49	35.77	19.92	46.32	1.22	21.16	17.50
6/28/2016 8:07:49 AM	5.35	0.63	2.71	0.78	0.00	0.00	0.00	0.00	9.47	100.00	2.36	22.68	2835	625	1221	23	0	0	0	0	4705	297.35	16.45	4.47	16.22	34.60	18.70	44.30	1.23	21.19	17.52
6/28/2016 8:07:51 AM	4.51	0.60	1.84	1.06	0.00	0.00	0.00	0.12	8.02	100.00	2.50	22.52	2392	604	827	32	0	0	0	0	3855	296.05	14.30	4.01	14.41	31.59	17.91	37.54	1.25	21.23	17.53
6/28/2016 8:07:54 AM	4.18	0.68	1.82	0.85	0.00	0.00	0.00	0.14	7.54	100.00	2.61	22.36	2216	684	820	25	0	0	0	0	3745	294.08	13.42	3.88	14.10	30.28	16.97	35.14	1.26	21.26	17.53
6/28/2016 8:07:57 AM	4.37	0.71	1.93	0.66	0.00	0.00	0.00	0.09	7.67	100.00	2.70	22.32	2314	712	870	20	0	0	0	0	3916	293.93	13.15	3.68	14.15	29.68	16.63	35.19	1.26	21.29	17.53
6/28/2016 8:08:00 AM	3.80	0.65	1.82	0.83	0.00	0.00	0.00	0.15	7.10	100.00	2.78	22.33	2017	649	818	25	0	0	0	0	3508	293.33	13.06	3.72	13.40	29.03	16.31	33.42	1.27	21.32	17.56
6/28/2016 8:08:03 AM	4.28	0.78	1.84	0.60	0.00	0.00	0.00	0.13	7.50	100.00	2.87	22.34	2266	776	829	18	0	0	0	0	3888	293.11	12.82	3.40	14.15	29.77	16.67	34.38	1.28	21.35	17.55
6/28/2016 8:08:05 AM	3.87	0.67	1.70	0.79	0.00	0.00	0.00	0.17	7.04	100.00	2.95	22.33	2052	674	765	24	0	0	0	0	3515	292.02	12.69	3.77	13.43	29.19	16.13	33.05	1.29	21.38	17.56
6/28/2016 8:08:08 AM	4.05	0.66	1.60	0.67	0.00	0.00	0.00	0.12	6.99	100.00	3.05	22.14	2148	662	719	20	0	0	0	0	3549	291.42	11.93	3.31	13.03	27.79	15.69	32.13	1.30	21.40	17.57
6/28/2016 8:08:11 AM	3.69	0.62	1.71	0.92	0.00	0.00	0.00	0.14	6.95	100.00	3.17	21.99	1957	616	772	28	0	0	0	0	3372	289.46	12.88	3.66	13.11	28.23	16.29	32.64	1.31	21.43	17.58
6/28/2016 8:08:14 AM	3.91	0.70	1.84	0.87	0.00	0.00	0.00	0.10	7.32	100.00	3.28	21.81	2073	700	829	26	0	0	0	0	3629	288.65	13.24	3.81	13.93	28.62	16.88	33.76	1.32	21.47	17.62
