Date/Time	Green Algae	Bluegreen	Diatoms	Cryptophyta	#4	#5	#6	Yellow substances	Total conc.	Transmission	Depth	Temp. Sample	Green Algae	Bluegreen	Diatoms	Cryptophyta	#4	#5	#6	Yellow substances	Total cell count	Trans. 700 nm	LED 3 [525 nm]	LED 4 [570 nm]	LED 5 [610 nm]	LED 6 [370 nm]	LED 7 [590 nm]	LED 8 [470 nm]	Pressure	Temp. LEDs	Temp. Sensor
date	µg/l	µg/l	µg/l	µg/l	µg/l	µg/l	µg/l	µg/l	µg/l	%	m	°C	cells/ml	cells/ml	cells/ml	cells/ml	cells/ml	cells/ml	cells/ml	cells/ml	cells/ml	digits	digits	digits	digits	digits	digits	digits	bar	°C	°C
5/28/2016 12:17:06 AM	1.07	0.00	1.86	0.48	0.00	0.00	0.00	0.15	3.41	100.00	0.63	23.05	570	0	836	14	0	0	0	0	1420	314.91	9.24	2.04	5.35	17.44	8.49	19.45	1.06	20.82	16.76
5/28/2016 12:17:08 AM	0.94	0.00	2.20	0.13	0.00	0.00	0.00	0.14	3.27	100.00	0.86	22.98	497	0	990	4	0	0	0	0	1492	315.19	9.03	1.94	4.65	17.14	7.32	19.17	1.08	20.81	16.78
5/28/2016 12:17:11 AM	0.94	0.00	2.32	0.08	0.00	0.00	0.00	0.14	3.34	100.00	1.10	22.76	498	0	1043	2	0	0	0	0	1543	315.36	9.23	2.05	4.70	17.46	7.23	19.63	1.11	20.87	16.77
5/28/2016 12:17:14 AM	0.92	0.00	2.24	0.17	0.00	0.00	0.00	0.15	3.33	100.00	1.43	22.52	489	0	1008	5	0	0	0	0	1502	315.38	9.30	1.99	4.93	17.53	7.47	19.55	1.14	20.87	16.83
5/28/2016 12:17:17 AM	0.86	0.00	2.28	0.10	0.00	0.00	0.00	0.17	3.24	100.00	1.76	22.17	455	0	1026	3	0	0	0	0	1484	314.84	9.23	1.92	4.62	17.69	7.27	19.41	1.17	20.90	16.77
5/28/2016 12:17:20 AM	0.82	0.06	2.10	0.30	0.00	0.00	0.00	0.19	3.27	100.00	2.17	21.08	432	60	945	9	0	0	0	0	1447	314.90	9.40	2.19	5.63	17.99	7.92	19.23	1.21	20.90	16.87
5/28/2016 12:17:22 AM	0.65	0.00	2.11	0.33	0.00	0.00	0.00	0.21	3.10	100.00	2.45	20.54	347	0	951	10	0	0	0	0	1307	314.72	9.42	2.22	4.88	18.03	7.69	19.03	1.24	20.94	16.84
5/28/2016 12:17:25 AM	0.56	0.00	2.03	0.43	0.00	0.00	0.00	0.23	3.01	100.00	2.78	20.26	295	0	914	13	0	0	0	0	1221	315.33	9.47	2.30	4.94	18.07	7.89	18.76	1.27	20.96	16.85
5/28/2016 12:17:28 AM	0.52	0.00	1.99	0.54	0.00	0.00	0.00	0.23	3.05	100.00	3.07	20.11	275	0	896	16	0	0	0	0	1188	315.06	9.71	2.43	5.11	18.20	8.29	18.95	1.30	20.96	16.93
5/28/2016 12:17:31 AM	0.39	0.00	2.05	0.50	0.00	0.00	0.00	0.26	2.94	100.00	3.41	20.02	209	0	920	15	0	0	0	0	1144	314.75	9.73	2.41	5.08	18.42	8.00	18.71	1.33	20.98	16.88
5/28/2016 12:17:33 AM	0.29	0.00	1.99	0.62	0.00	0.00	0.00	0.27	2.90	100.00	3.77	19.80	156	0	895	18	0	0	0	0	1069	314.52	9.89	2.57	5.19	18.51	8.29	18.63	1.37	21.00	16.88
5/28/2016 12:17:36 AM	0.30	0.00	2.00	0.62	0.00	0.00	0.00	0.27	2.92	100.00	4.04	19.72	159	0	901	19	0	0	0	0	1079	314.59	9.97	2.58	5.22	18.70	8.34	18.80	1.40	21.03	16.89
5/28/2016 12:17:39 AM	0.00	0.12	2.10	0.90	0.00	0.00	0.00	0.30	3.13	100.00	4.34	19.45	0	124	947	27	0	0	0	0	1098	313.50	11.27	3.17	6.65	19.74	9.93	19.67	1.43	21.05	16.88
5/28/2016 12:17:42 AM	0.00	0.06	2.37	0.86	0.00	0.00	0.00	0.29	3.29	100.00	4.65	19.27	0	61	1064	26	0	0	0	0	1152	313.16	11.97	3.31	6.58	20.51	9.76	20.95	1.46	21.06	16.93
5/28/2016 12:17:45 AM	0.00	0.01	2.36	0.91	0.00	0.00	0.00	0.30	3.27	100.00	4.97	19.07	0	5	1060	27	0	0	0	0	1093	312.85	12.04	3.28	6.32	20.81	9.67	21.25	1.49	21.08	16.96
5/28/2016 12:17:47 AM	0.00	0.07	2.17	1.18	0.00	0.00	0.00	0.32	3.42	100.00	5.29	18.85	0	67	977	36	0	0	0	0	1079	312.58	12.73	3.72	7.12	21.49	10.83	21.57	1.52	21.10	16.98
5/28/2016 12:17:50 AM	0.00	0.06	2.41	1.15	0.00	0.00	0.00	0.32	3.62	100.00	5.57	18.68	0	63	1085	34	0	0	0	0	1182	312.12	13.48	3.88	7.38	22.46	10.93	22.79	1.55	21.11	16.96
5/28/2016 12:17:53 AM	0.00	0.00	2.15	1.43	0.00	0.00	0.00	0.34	3.57	100.00	5.88	18.48	0	0	966	43	0	0	0	0	1009	311.33	13.96	4.06	7.27	22.60	11.37	22.53	1.58	21.15	16.96
5/28/2016 12:17:56 AM	0.00	0.04	2.02	1.74	0.00	0.00	0.00	0.35	3.80	100.00	6.10	18.33	0	35	911	52	0	0	0	0	998	310.85	15.00	4.60	8.09	23.36	12.56	23.21	1.60	21.14	17.02
5/28/2016 12:17:59 AM	0.00	0.09	1.94	1.90	0.00	0.00	0.00	0.35	3.93	100.00	6.35	18.24	0	86	872	57	0	0	0	0	1015	310.44	15.68	5.08	8.77	23.75	13.22	23.38	1.62	21.16	16.98
5/28/2016 12:18:01 AM	0.00	0.09	1.81	2.15	0.00	0.00	0.00	0.36	4.04	100.00	6.61	17.93	0	85	814	64	0	0	0	0	964	310.44	16.54	5.39	9.16	24.33	13.97	23.68	1.65	21.17	17.05
5/28/2016 12:18:04 AM	0.00	0.00	1.59	2.66	0.00	0.00	0.00	0.36	4.25	100.00	6.84	17.34	0	0	714	80	0	0	0	0	794	309.63	18.31	6.41	9.58	25.00	14.96	24.35	1.67	21.18	17.03
5/28/2016 12:18:07 AM	0.00	0.01	1.14	3.41	0.00	0.00	0.00	0.37	4.56	100.00	7.14	16.51	0	5	515	102	0	0	0	0	623	309.13	20.19	7.42	10.91	26.00	17.29	25.10	1.70	21.19	17.06
5/28/2016 12:18:10 AM	0.00	0.00	1.25	3.29	0.00	0.00	0.00	0.36	4.54	100.00	7.44	16.23	0	0	563	99	0	0	0	0	662	308.24	20.92	7.69	10.22	25.83	16.79	24.67	1.73	21.20	17.06
5/28/2016 12:18:13 AM	0.00	0.00	0.78	3.98	0.00	0.00	0.00	0.37	4.77	100.00	7.78	15.69	0	0	352	120	0	0	0	0	471	307.83	22.75	8.68	11.56	26.42	18.59	24.71	1.76	21.20	17.07
5/28/2016 12:18:15 AM	0.00	0.00	0.76	4.03	0.00	0.00	0.00	0.35	4.79	100.00	8.08	15.17	0	0	342	121	0	0	0	0	463	308.38	23.49	9.20	11.41	26.21	18.49	24.32	1.79	21.21	17.07
5/28/2016 12:18:18 AM	0.00	0.00	0.74	4.06	0.00	0.00	0.00	0.34	4.80	100.00	8.39	14.81	0	0	332	122	0	0	0	0	454	308.50	24.45	9.67	10.94	26.07	18.40	23.81	1.82	21.21	17.13
5/28/2016 12:18:21 AM	0.00	0.00	0.00	4.78	0.00	0.00	0.00	0.35	4.78	100.00	8.70	14.22	0	0	0	143	0	0	0	0	143	308.47	25.75	10.76	11.41	25.30	19.55	22.82	1.85	21.22	17.08
5/28/2016 12:18:24 AM	0.00	0.00	0.00	4.73	0.00	0.00	0.00	0.33	4.73	100.00	8.97	13.41	0	0	0	142	0	0	0	0	142	308.82	25.95	10.74	10.88	24.56	19.29	22.28	1.88	21.22	17.11
5/28/2016 12:18:26 AM	0.00	0.00	0.58	3.85	0.00	0.00	0.00	0.28	4.43	100.00	9.27	12.74	0	0	262	115	0	0	0	0	378	310.13	23.18	9.51	9.66	23.18	17.27	21.15	1.91	21.21	17.12
5/28/2016 12:18:29 AM	0.00	0.00	0.64	3.39	0.00	0.00	0.00	0.29	4.03	100.00	9.52	12.23	0	0	288	102	0	0	0	0	390	310.73	20.30	8.17	9.17	21.99	15.83	20.10	1.93	21.20	17.13
5/28/2016 12:18:32 AM	0.00	0.00	0.79	3.10	0.00	0.00	0.00	0.29	3.89	100.00	9.78	11.97	0	0	356	93	0	0	0	0	449	310.53	19.25	7.54	8.69	21.53	15.03	19.83	1.96	21.20	17.12
5/28/2016 12:18:35 AM	0.00	0.00	0.79	2.88	0.00	0.00	0.00	0.30	3.66	100.00	10.01	11.56	0	0	354	86	0	0	0	0	440	310.26	17.84	6.93	8.10	21.05	14.41	19.28	1.98	21.18	17.14
5/28/2016 12:18:38 AM	0.00	0.00	0.87	2.29	0.00	0.00	0.00	0.32	3.16	100.00	10.33	11.03	0	0	391	69	0	0	0	0	460	308.57	14.92	5.77	7.05	19.71	12.38	17.73	2.01	21.18	17.15
5/28/2016 12:18:40 AM	0.00	0.00	0.96	2.09	0.00	0.00	0.00	0.33	3.05	100.00	10.59	10.82	0	0	432	63	0	0	0	0	494	307.91	14.05	5.24	6.81	19.51	11.81	17.56	2.04	21.17	17.11
5/28/2016 12:18:43 AM	0.00	0.00	0.88	1.82	0.00	0.00	0.00	0.37	2.70	100.00	10.83	10.77	0	0	397	55	0	0	0	0	452	307.23	12.31	4.51	6.30	19.13	10.77	16.52	2.06	21.14	17.14
5/28/2016 12:18:46 AM	0.00	0.00	0.78	1.86	0.00	0.00	0.00	0.39	2.64	100.00	11.13	10.55	0	0	350	56	0	0	0	0	406	307.23	12.05	4.52	6.56	19.16	10.74	16.29	2.09	21.13	17.14
5/28/2016 12:18:49 AM	0.00	0.00	0.88	1.80	0.00	0.00	0.00	0.38	2.68	100.00	11.43	10.50	0	0	397	54	0	0	0	0	451	306.38	12.08	4.42	6.27	19.23	10.77	16.62	2.12	21.11	17.13
5/28/2016 12:18:52 AM	0.00	0.00	0.73	1.71	0.00	0.00	0.00	0.38	2.45	100.00	11.74	10.35	0	0	330	51	0	0	0	0	382	307.27	11.44	4.26	5.70	18.36	10.21	15.29	2.15	21.10	17.20
5/28/2016 12:18:54 AM	0.00	0.00	0.79	1.67	0.00	0.00	0.00	0.39	2.46	100.00	12.09	10.30	0	0	357	50	0	0	0	0	407	305.51	11.26	4.08	5.79	18.67	10.16	15.62	2.18	21.08	17.16
5/28/2016 12:18:57 AM	0.00	0.00	0.85	1.67	0.00	0.00	0.00	0.40	2.52	100.00	12.40	10.44	0	0	384	50	0	0	0	0	434	304.27	11.32	4.03	6.10	19.13	10.26	16.15	2.21	21.06	17.16
5/28/2016 12:19:00 AM	0.00	0.00	0.82	1.52	0.00	0.00	0.00	0.40	2.35	100.00	12.71	10.22	0	0	371	46	0	0	0	0	417	303.48	10.73	3.83	5.47	18.40	9.66	15.23	2.25	21.03	17.19
5/28/2016 12:19:03 AM	0.00	0.01	0.76	1.48	0.00	0.00	0.00	0.41	2.26	100.00	13.07	10.08	0	7	344	45	0	0	0	0	396	303.51	10.38	3.61	5.58	18.24	9.45	14.77	2.28	21.01	17.16
5/28/2016 12:19:05 AM	0.00	0.02	0.72	1.35	0.00	0.00	0.00	0.41	2.10	100.00	13.32	9.96	0	24	322	41	0	0	0	0	387	304.15	9.66	3.43	5.32	17.66	8.94	13.95	2.31	20.98	17.18
5/28/2016 12:19:08 AM	0.00	0.02	0.75	1.33	0.00	0.00	0.00	0.42	2.10	100.00	13.61	10.02	0	22	338	40	0	0	0	0	400	304.25	9.58	3.33	5.27	17.82	8.94	14.15	2.33	20.94	17.16
5/28/2016 12:19:11 AM	0.00	0.03	0.74	1.31	0.00	0.00	0.00	0.42	2.08	100.00	13.92	10.05	0	26	335	39	0	0	0	0	400	304.00	9.57	3.30	5.24	17.78	8.85	13.99	2.36	20.92	17.16
5/28/2016 12:19:14 AM	0.00	0.07	0.82	1.19	0.00	0.00	0.00	0.42	2.07	100.00	14.16	9.99	0	67	369	36	0	0	0	0	471	305.30	9.31	3.26	5.33	17.70	8.66	13.91	2.39	20.90	17.15
5/28/2016 12:19:17 AM	0.00	0.04	0.85	1.27	0.00	0.00	0.00	0.41	2.16	100.00	14.19	10.02	0	43	381	38	0	0	0	0	462	304.18	9.62	3.38	5.41	18.03	8.91	14.47	2.39	20.85	17.19
5/28/2016 12:19:19 AM	0.00	0.07	0.81	1.23	0.00	0.00	0.00	0.41	2.10	100.00	14.34	10.05	0	66	363	37	0	0	0	0	466	304.85	9.48	3.25	5.38	17.61	8.81	13.88	2.41	20.82	17.16
5/28/2016 12:19:22 AM	0.00	0.07	0.84	1.18	0.00	0.00	0.00	0.41	2.09	100.00	14.64	10.06	0	67	378	35	0	0	0	0	480	304.48	9.30	3.18	5.32	17.57	8.71	13.94	2.43	20.79	17.16
5/28/2016 12:19:25 AM	0.00	0.07	0.73	1.19	0.00	0.00	0.00	0.42	1.99	100.00	14.93	9.96	0	71	328	36	0	0	0	0	435	305.67	8.98	3.16	5.22	17.36	8.59	13.41	2.46	20.76	17.15
5/28/2016 12:19:28 AM	0.00	0.08	0.64	1.04	0.00	0.00	0.00	0.41	1.76	100.00	15.23	9.88	0	77	289	31	0	0	0	0	398	307.28	8.13	2.80	4.74	16.35	7.92	12.11	2.49	20.72	17.15
5/28/2016 12:19:31 AM	0.00	0.07	0.60	0.98	0.00	0.00	0.00	0.42	1.64	100.00	15.58	9.78	0	65	268	29	0	0	0	0	363	308.66	7.60	2.63	4.44	16.01	7.59	11.68	2.53	20.67	17.15
5/28/2016 12:19:33 AM	0.00	0.09	0.64	0.92	0.00	0.00	0.00	0.42	1.65	100.00	15.82	9.74	0	87	289	28	0	0	0	0	404	309.01	7.45	2.67	4.53	16.01	7.51	11.75	2.55	20.62	17.13
5/28/2016 12:19:36 AM	0.00	0.06	0.54	0.94	0.00	0.00	0.00	0.42	1.54	100.00	16.10	9.80	0	59	243	28	0	0	0	0	331	309.35	7.21	2.45	4.20	15.63	7.37	11.20	2.58	20.59	17.14
5/28/2016 12:19:39 AM	0.00	0.09	0.63	0.91	0.00	0.00	0.00	0.42	1.63	100.00	16.38	9.67	0	88	283	27	0	0	0	0	398	309.10	7.50	2.57	4.48	16.03	7.50	11.61	2.61	20.54	17.10
5/28/2016 12:19:42 AM	0.00	0.07	0.54	0.89	0.00	0.00	0.00	0.42	1.50	100.00	16.69	9.70	0	72	242	27	0	0	0	0	341	308.35	7.12	2.47	4.20	15.60	7.21	11.00	2.64	20.51	17.10
5/28/2016 12:19:45 AM	0.00	0.07	0.60	0.91	0.00	0.00	0.00	0.42	1.59	100.00	16.97	9.73	0	73	272	27	0	0	0	0	372	308.62	7.33	2.50	4.33	15.81	7.41	11.45	2.66	20.46	17.10
5/28/2016 12:19:47 AM	0.00	0.08	0.64	0.88	0.00	0.00	0.00	0.43	1.59	100.00	17.25	9.68	0	76	288	26	0	0	0	0	390	308.46	7.29	2.47	4.32	16.13	7.36	11.67	2.69	20.41	17.09
5/28/2016 12:19:50 AM	0.00	0.08	0.62	0.87	0.00	0.00	0.00	0.43	1.57	100.00	17.51	9.66	0	82	278	26	0	0	0	0	387	308.63	7.22	2.40	4.31	16.08	7.38	11.54	2.72	20.37	17.08
5/28/2016 12:19:53 AM	0.00	0.06	0.55	0.85	0.00	0.00	0.00	0.43	1.46	100.00	17.84	9.69	0	58	247	26	0	0	0	0	331	308.65	6.89	2.31	4.00	15.56	7.05	10.95	2.75	20.32	17.07
5/28/2016 12:19:56 AM	0.00	0.08	0.60	0.80	0.00	0.00	0.00	0.42	1.47	100.00	18.17	9.63	0	84	268	24	0	0	0	0	376	309.69	6.84	2.26	4.09	15.46	7.03	10.91	2.78	20.28	17.07
5/28/2016 12:19:58 AM	0.00	0.08	0.52	0.76	0.00	0.00	0.00	0.43	1.36	100.00	18.41	9.62	0	82	234	23	0	0	0	0	339	311.47	6.41	2.21	3.90	15.18	6.73	10.39	2.80	20.23	17.05
5/28/2016 12:20:01 AM	0.00	0.11	0.46	0.73	0.00	0.00	0.00	0.43	1.30	100.00	18.60	9.61	0	109	208	22	0	0	0	0	339	311.54	6.14	2.16	3.92	14.83	6.67	9.89	2.82	20.17	17.03
5/28/2016 12:20:04 AM	0.00	0.10	0.47	0.71	0.00	0.00	0.00	0.43	1.28	100.00	18.77	9.63	0	98	213	21	0	0	0	0	333	312.03	6.12	2.03	3.79	14.74	6.61	9.83	2.84	20.14	17.02
5/28/2016 12:20:07 AM	0.00	0.11	0.46	0.73	0.00	0.00	0.00	0.43	1.29	100.00	18.95	9.61	0	107	207	22	0	0	0	0	337	312.57	6.12	2.13	3.89	14.74	6.67	9.84	2.86	20.08	17.00
5/28/2016 12:20:10 AM	0.00	0.09	0.44	0.75	0.00	0.00	0.00	0.43	1.29	100.00	19.18	9.58	0	95	198	23	0	0	0	0	316	311.91	6.15	2.14	3.84	14.77	6.69	9.87	2.88	20.03	16.98
5/28/2016 12:20:12 AM	0.00	0.11	0.49	0.77	0.00	0.00	0.00	0.44	1.36	100.00	19.46	9.51	0	110	218	23	0	0	0	0	351	310.87	6.36	2.26	4.06	15.25	6.88	10.32	2.91	19.98	16.98
5/28/2016 12:20:15 AM	0.00	0.10	0.51	0.80	0.00	0.00	0.00	0.44	1.41	100.00	19.71	9.51	0	95	229	24	0	0	0	0	348	310.13	6.54	2.22	4.05	15.41	7.02	10.61	2.93	19.94	16.98
5/28/2016 12:20:18 AM	0.00	0.11	0.44	0.73	0.00	0.00	0.00	0.44	1.28	100.00	19.90	9.56	0	106	200	22	0	0	0	0	328	311.12	6.20	2.13	3.89	15.01	6.67	9.88	2.95	19.89	16.95
5/28/2016 12:20:21 AM	0.00	0.10	0.43	0.71	0.00	0.00	0.00	0.43	1.23	100.00	20.13	9.59	0	101	192	21	0	0	0	0	314	311.10	5.97	2.06	3.75	14.69	6.52	9.60	2.97	19.83	16.93
5/28/2016 12:20:24 AM	0.00	0.10	0.38	0.80	0.00	0.00	0.00	0.43	1.29	100.00	20.42	9.49	0	104	172	24	0	0	0	0	301	311.82	6.12	2.16	3.93	14.75	6.90	9.82	3.00	19.80	16.92
5/28/2016 12:20:26 AM	0.00	0.12	0.45	0.89	0.00	0.00	0.00	0.44	1.46	100.00	20.70	9.42	0	118	202	27	0	0	0	0	347	310.31	6.53	2.33	4.32	15.57	7.51	10.85	3.03	19.73	16.90
5/28/2016 12:20:29 AM	0.00	0.15	0.70	0.88	0.00	0.00	0.00	0.44	1.72	100.00	20.89	9.45	0	149	315	26	0	0	0	0	490	309.09	7.29	2.49	4.83	16.56	7.95	12.26	3.05	19.69	16.90
5/28/2016 12:20:32 AM	0.00	0.13	0.79	0.87	0.00	0.00	0.00	0.44	1.79	100.00	21.17	9.41	0	127	355	26	0	0	0	0	508	306.71	7.60	2.38	4.78	17.00	8.04	12.80	3.07	19.63	16.87
5/28/2016 12:20:35 AM	0.00	0.16	0.81	0.91	0.00	0.00	0.00	0.45	1.87	100.00	21.39	9.37	0	160	362	27	0	0	0	0	550	305.98	7.86	2.56	5.12	17.54	8.33	13.20	3.10	19.58	16.88
5/28/2016 12:20:38 AM	0.00	0.15	1.00	0.91	0.00	0.00	0.00	0.45	2.06	100.00	21.67	9.29	0	146	448	27	0	0	0	0	621	303.82	8.42	2.64	5.31	18.35	8.59	14.42	3.12	19.54	16.85
5/28/2016 12:20:40 AM	0.00	0.18	1.14	0.86	0.00	0.00	0.00	0.45	2.19	100.00	21.93	9.24	0	180	513	26	0	0	0	0	720	301.73	8.77	2.65	5.62	18.95	8.80	15.10	3.15	19.48	16.83
5/28/2016 12:20:43 AM	0.00	0.22	1.43	0.94	0.00	0.00	0.00	0.47	2.59	100.00	22.19	9.18	0	218	644	28	0	0	0	0	891	297.53	10.06	2.92	6.45	20.91	9.80	17.42	3.17	19.42	16.81
5/28/2016 12:20:46 AM	0.00	0.33	2.11	0.81	0.00	0.00	0.00	0.50	3.24	100.00	22.38	9.15	0	331	948	24	0	0	0	0	1303	286.50	12.04	3.20	7.82	24.24	10.85	21.15	3.19	19.37	16.80
