Date/Time	Green Algae	Bluegreen	Diatoms	Cryptophyta	#4	#5	#6	Yellow substances	Total conc.	Transmission	Depth	Temp. Sample	Green Algae	Bluegreen	Diatoms	Cryptophyta	#4	#5	#6	Yellow substances	Total cell count	Trans. 700 nm	LED 3 [525 nm]	LED 4 [570 nm]	LED 5 [610 nm]	LED 6 [370 nm]	LED 7 [590 nm]	LED 8 [470 nm]	Pressure	Temp. LEDs	Temp. Sensor
date	µg/l	µg/l	µg/l	µg/l	µg/l	µg/l	µg/l	µg/l	µg/l	%	m	°C	cells/ml	cells/ml	cells/ml	cells/ml	cells/ml	cells/ml	cells/ml	cells/ml	cells/ml	digits	digits	digits	digits	digits	digits	digits	bar	°C	°C
7/27/2016 5:38:31 PM	3.61	0.34	2.41	1.35	0.00	0.00	0.00	0.00	7.72	100.00	0.28	27.00	1915	342	1086	41	0	0	0	0	3384	291.71	15.72	3.96	13.59	27.86	17.42	38.13	1.03	25.32	24.23
7/27/2016 5:38:33 PM	3.46	0.46	2.21	1.28	0.00	0.00	0.00	0.00	7.41	100.00	0.37	27.07	1833	460	995	38	0	0	0	0	3326	292.47	14.76	4.05	13.84	26.10	17.07	36.01	1.04	25.35	24.23
7/27/2016 5:38:36 PM	3.78	0.37	2.02	1.51	0.00	0.00	0.00	0.00	7.67	100.00	0.42	27.06	2002	365	909	45	0	0	0	0	3322	292.03	15.06	4.62	13.90	27.29	17.49	37.25	1.04	25.37	24.22
7/27/2016 5:38:39 PM	3.86	0.34	1.96	1.59	0.00	0.00	0.00	0.00	7.75	100.00	0.47	26.95	2047	336	883	48	0	0	0	0	3314	293.50	15.13	4.71	14.10	27.12	17.57	38.03	1.05	25.39	24.25
7/27/2016 5:38:42 PM	4.14	0.28	1.70	1.71	0.00	0.00	0.00	0.00	7.82	100.00	0.61	26.86	2193	275	763	51	0	0	0	0	3283	293.55	14.82	4.79	13.92	27.31	17.66	38.19	1.06	25.43	24.23
7/27/2016 5:38:44 PM	4.03	0.42	1.93	1.53	0.00	0.00	0.00	0.00	7.92	100.00	0.67	26.83	2137	424	869	46	0	0	0	0	3476	293.05	15.03	4.18	14.68	26.99	18.11	38.67	1.07	25.45	24.24
7/27/2016 5:38:47 PM	3.96	0.30	2.01	1.74	0.00	0.00	0.00	0.00	8.01	100.00	0.74	26.83	2101	295	904	52	0	0	0	0	3352	292.15	15.85	4.70	14.29	28.18	18.32	39.48	1.07	25.47	24.25
7/27/2016 5:38:50 PM	3.74	0.32	1.90	1.91	0.00	0.00	0.00	0.00	7.86	100.00	0.82	26.75	1984	317	854	57	0	0	0	0	3212	292.00	15.93	4.95	14.25	27.94	18.79	38.31	1.08	25.49	24.25
7/27/2016 5:38:53 PM	4.14	0.32	1.62	1.86	0.00	0.00	0.00	0.00	7.95	100.00	0.87	26.68	2194	322	730	56	0	0	0	0	3302	292.31	15.15	4.45	14.37	27.32	18.71	38.68	1.09	25.52	24.21
7/27/2016 5:38:56 PM	3.68	0.21	1.95	1.85	0.00	0.00	0.00	0.00	7.69	100.00	0.91	26.65	1951	214	877	55	0	0	0	0	3098	292.16	15.73	4.33	13.52	27.13	18.13	38.37	1.09	25.54	24.26
7/27/2016 5:38:58 PM	4.02	0.24	1.74	1.93	0.00	0.00	0.00	0.00	7.93	100.00	0.96	26.64	2131	235	784	58	0	0	0	0	3209	292.13	15.59	4.72	13.99	27.78	18.51	39.00	1.09	25.56	24.28
7/27/2016 5:39:01 PM	3.81	0.18	1.73	2.05	0.00	0.00	0.00	0.00	7.77	100.00	1.06	26.62	2021	179	779	61	0	0	0	0	3040	291.89	15.74	4.71	13.61	27.40	18.53	38.52	1.10	25.58	24.27
7/27/2016 5:39:04 PM	3.82	0.32	2.03	1.66	0.00	0.00	0.00	0.00	7.84	100.00	1.11	26.66	2027	323	911	50	0	0	0	0	3311	292.63	15.56	4.22	14.15	27.20	18.14	38.80	1.11	25.61	24.28
7/27/2016 5:39:07 PM	3.72	0.31	1.80	1.96	0.00	0.00	0.00	0.00	7.79	100.00	1.26	26.65	1972	312	811	59	0	0	0	0	3154	292.58	15.71	5.26	14.33	27.46	18.61	37.97	1.12	25.64	24.26
7/27/2016 5:39:10 PM	3.96	0.44	1.96	1.61	0.00	0.00	0.00	0.00	7.97	100.00	1.32	26.68	2100	440	880	48	0	0	0	0	3468	292.33	15.37	4.77	14.81	27.79	18.38	38.41	1.13	25.65	24.29
7/27/2016 5:39:12 PM	3.85	0.35	1.91	2.02	0.00	0.00	0.00	0.00	8.12	100.00	1.41	26.59	2040	345	859	61	0	0	0	0	3306	291.49	16.43	4.98	14.89	28.48	19.59	39.66	1.14	25.68	24.29
7/27/2016 5:39:15 PM	4.17	0.42	1.81	1.85	0.00	0.00	0.00	0.00	8.25	100.00	1.47	26.53	2210	423	813	56	0	0	0	0	3501	292.62	15.78	5.35	15.51	28.34	19.10	39.91	1.14	25.70	24.28
7/27/2016 5:39:18 PM	4.06	0.39	1.82	1.87	0.00	0.00	0.00	0.00	8.13	100.00	1.57	26.51	2151	392	817	56	0	0	0	0	3416	291.62	15.82	4.81	14.95	28.31	19.27	39.30	1.15	25.71	24.30
7/27/2016 5:39:21 PM	4.05	0.35	1.67	2.06	0.00	0.00	0.00	0.00	8.14	100.00	1.65	26.50	2149	355	750	62	0	0	0	0	3316	291.98	15.92	5.33	15.07	28.25	19.48	39.35	1.16	25.75	24.27
7/27/2016 5:39:24 PM	4.00	0.30	1.62	2.18	0.00	0.00	0.00	0.00	8.10	100.00	1.73	26.45	2120	295	728	65	0	0	0	0	3209	292.04	16.09	5.27	14.72	28.37	19.67	39.25	1.17	25.77	24.31
7/27/2016 5:39:26 PM	3.98	0.55	1.94	1.90	0.00	0.00	0.00	0.00	8.36	100.00	1.83	26.42	2110	550	871	57	0	0	0	0	3587	291.84	16.42	5.20	16.06	29.09	20.30	39.70	1.18	25.78	24.32
7/27/2016 5:39:29 PM	3.88	0.34	1.78	2.29	0.00	0.00	0.00	0.00	8.29	100.00	1.91	26.39	2059	336	800	69	0	0	0	0	3264	292.13	16.93	5.53	15.31	29.15	20.48	40.21	1.19	25.80	24.33
7/27/2016 5:39:32 PM	4.04	0.57	2.11	1.95	0.00	0.00	0.00	0.00	8.66	100.00	1.99	26.33	2140	567	949	58	0	0	0	0	3714	292.03	17.22	5.63	16.63	30.38	20.83	41.23	1.20	25.82	24.33
7/27/2016 5:39:35 PM	4.10	0.53	1.90	2.16	0.00	0.00	0.00	0.00	8.70	100.00	2.09	26.27	2175	534	856	65	0	0	0	0	3630	291.58	17.28	5.77	16.58	30.58	21.38	41.11	1.20	25.83	24.34
7/27/2016 5:39:37 PM	4.06	0.53	2.09	2.18	0.00	0.00	0.00	0.00	8.87	100.00	2.16	26.20	2153	531	942	65	0	0	0	0	3691	291.74	17.92	5.90	16.97	31.08	21.63	42.43	1.21	25.87	24.32
7/27/2016 5:39:40 PM	3.94	0.55	2.16	2.26	0.00	0.00	0.00	0.00	8.92	100.00	2.22	26.18	2090	550	973	68	0	0	0	0	3680	291.98	18.35	5.99	17.21	31.28	22.08	42.72	1.22	25.89	24.30
7/27/2016 5:39:43 PM	3.86	0.61	2.39	2.29	0.00	0.00	0.00	0.00	9.15	100.00	2.33	26.12	2046	606	1077	69	0	0	0	0	3799	291.99	19.21	6.27	17.85	32.34	22.76	43.81	1.23	25.91	24.35
7/27/2016 5:39:46 PM	4.14	0.60	2.11	2.42	0.00	0.00	0.00	0.00	9.27	100.00	2.36	26.08	2195	600	948	73	0	0	0	0	3815	291.78	18.92	6.29	18.00	32.47	23.21	43.99	1.23	25.92	24.34
7/27/2016 5:39:49 PM	4.01	0.69	2.37	2.23	0.00	0.00	0.00	0.00	9.30	100.00	2.45	26.05	2123	694	1065	67	0	0	0	0	3949	291.98	19.10	6.37	18.49	32.46	23.00	44.17	1.24	25.94	24.40
7/27/2016 5:39:51 PM	3.92	0.51	2.16	2.36	0.00	0.00	0.00	0.00	8.95	100.00	2.54	26.02	2077	515	972	71	0	0	0	0	3634	291.81	18.62	6.09	17.17	31.51	22.29	43.03	1.25	25.96	24.34
7/27/2016 5:39:54 PM	3.61	0.59	2.21	2.29	0.00	0.00	0.00	0.00	8.69	100.00	2.66	26.02	1913	590	993	69	0	0	0	0	3564	291.20	18.39	6.16	17.13	30.77	22.11	41.38	1.26	25.98	24.37
7/27/2016 5:39:57 PM	3.81	0.53	1.99	2.35	0.00	0.00	0.00	0.00	8.68	100.00	2.75	25.98	2019	527	895	71	0	0	0	0	3511	291.82	18.00	6.06	16.76	30.69	22.00	41.22	1.27	26.00	24.35
7/27/2016 5:40:00 PM	3.74	0.65	2.07	2.13	0.00	0.00	0.00	0.00	8.59	100.00	2.85	25.91	1982	654	931	64	0	0	0	0	3631	291.53	17.61	5.95	16.98	30.48	21.80	40.10	1.28	26.01	24.37
7/27/2016 5:40:03 PM	3.80	0.62	2.18	2.17	0.00	0.00	0.00	0.00	8.78	100.00	2.96	25.80	2012	622	983	65	0	0	0	0	3683	291.29	18.13	6.15	17.18	31.23	21.97	41.34	1.29	26.03	24.37
7/27/2016 5:40:05 PM	3.61	0.66	2.08	2.15	0.00	0.00	0.00	0.00	8.50	100.00	3.05	25.78	1914	660	936	65	0	0	0	0	3575	291.61	17.64	5.98	16.92	30.26	21.83	39.65	1.30	26.05	24.38
7/27/2016 5:40:08 PM	3.47	0.71	2.14	2.09	0.00	0.00	0.00	0.00	8.41	100.00	3.19	25.73	1841	712	962	63	0	0	0	0	3578	291.14	17.57	6.06	17.03	29.97	21.72	39.02	1.31	26.06	24.36
7/27/2016 5:40:11 PM	3.52	0.72	2.18	2.09	0.00	0.00	0.00	0.00	8.52	100.00	3.30	25.68	1868	722	983	63	0	0	0	0	3636	290.94	17.75	6.12	17.23	30.33	21.87	39.54	1.32	26.07	24.39
7/27/2016 5:40:14 PM	3.56	0.71	2.16	2.00	0.00	0.00	0.00	0.00	8.44	100.00	3.44	25.61	1889	712	972	60	0	0	0	0	3634	290.85	17.43	5.95	16.89	30.24	21.52	39.00	1.34	26.10	24.35
7/27/2016 5:40:17 PM	3.62	0.74	2.15	2.12	0.00	0.00	0.00	0.00	8.63	100.00	3.59	25.43	1920	736	965	64	0	0	0	0	3685	290.95	17.87	6.09	17.32	30.88	22.26	39.74	1.35	26.11	24.38
7/27/2016 5:40:19 PM	3.40	0.76	2.05	2.12	0.00	0.00	0.00	0.01	8.32	100.00	3.78	25.16	1801	756	920	64	0	0	0	0	3541	288.72	17.45	5.80	16.92	30.10	22.12	38.11	1.37	26.12	24.38
7/27/2016 5:40:22 PM	3.36	0.90	2.19	2.06	0.00	0.00	0.00	0.04	8.50	100.00	3.91	25.07	1779	899	985	62	0	0	0	0	3724	287.65	17.91	6.13	17.92	31.17	22.72	38.80	1.38	26.13	24.38
7/27/2016 5:40:25 PM	3.30	0.88	1.96	2.14	0.00	0.00	0.00	0.06	8.27	100.00	4.01	24.98	1748	875	882	64	0	0	0	0	3569	287.57	17.42	6.22	17.62	30.72	22.48	37.78	1.39	26.15	24.38
7/27/2016 5:40:28 PM	3.32	0.84	2.10	2.20	0.00	0.00	0.00	0.04	8.46	100.00	4.14	25.00	1762	840	945	66	0	0	0	0	3613	289.36	18.00	6.36	17.76	31.13	22.75	38.84	1.41	26.17	24.34
7/27/2016 5:40:30 PM	3.34	0.82	1.85	2.31	0.00	0.00	0.00	0.05	8.31	100.00	4.25	24.94	1772	817	832	69	0	0	0	0	3490	290.27	17.56	6.18	17.47	30.60	22.84	38.00	1.42	26.18	24.35
7/27/2016 5:40:33 PM	2.75	0.86	2.08	2.23	0.00	0.00	0.00	0.09	7.92	100.00	4.41	24.69	1460	861	936	67	0	0	0	0	3324	290.35	17.74	6.67	17.44	30.25	22.18	36.79	1.43	26.19	24.37
7/27/2016 5:40:36 PM	2.92	0.97	2.16	2.12	0.00	0.00	0.00	0.07	8.17	100.00	4.50	24.40	1548	966	973	64	0	0	0	0	3551	290.62	17.84	6.48	18.08	30.52	22.70	37.32	1.44	26.20	24.38
7/27/2016 5:40:39 PM	2.75	0.88	1.95	2.32	0.00	0.00	0.00	0.09	7.90	100.00	4.62	24.38	1456	876	880	70	0	0	0	0	3282	290.33	17.69	6.47	17.48	30.09	22.65	36.51	1.45	26.22	24.38
7/27/2016 5:40:42 PM	2.48	0.93	1.86	2.34	0.00	0.00	0.00	0.13	7.61	100.00	4.68	24.21	1312	934	839	70	0	0	0	0	3155	290.40	17.39	6.51	17.48	29.56	22.58	35.12	1.46	26.22	24.41
7/27/2016 5:40:44 PM	2.39	0.91	1.87	2.47	0.00	0.00	0.00	0.13	7.64	100.00	4.79	24.15	1265	909	841	74	0	0	0	0	3089	290.60	17.76	6.69	17.55	29.68	22.93	35.43	1.47	26.24	24.40
7/27/2016 5:40:47 PM	2.41	1.01	1.95	2.38	0.00	0.00	0.00	0.15	7.75	100.00	4.85	24.27	1275	1013	880	71	0	0	0	0	3238	289.79	17.91	6.74	18.15	30.41	23.23	35.79	1.48	26.24	24.37
7/27/2016 5:40:50 PM	2.65	0.99	1.95	2.50	0.00	0.00	0.00	0.11	8.09	100.00	4.90	24.33	1405	985	877	75	0	0	0	0	3343	290.22	18.36	7.07	18.56	30.93	23.77	37.17	1.48	26.25	24.37
7/27/2016 5:40:53 PM	2.11	1.02	1.94	2.60	0.00	0.00	0.00	0.16	7.67	100.00	5.02	24.17	1119	1020	873	78	0	0	0	0	3090	290.07	18.43	7.08	18.40	30.41	23.84	35.64	1.49	26.26	24.38
7/27/2016 5:40:56 PM	2.39	0.98	2.04	2.59	0.00	0.00	0.00	0.16	8.00	100.00	5.10	24.03	1266	981	917	78	0	0	0	0	3241	289.69	18.90	7.01	18.53	31.74	24.10	37.41	1.50	26.27	24.38
7/27/2016 5:40:58 PM	2.05	1.03	1.91	2.84	0.00	0.00	0.00	0.18	7.82	100.00	5.22	23.85	1085	1027	861	85	0	0	0	0	3058	289.57	19.14	7.48	18.91	31.28	24.75	36.55	1.51	26.28	24.42
7/27/2016 5:41:01 PM	2.27	1.11	2.04	2.74	0.00	0.00	0.00	0.17	8.16	100.00	5.30	23.65	1202	1107	917	82	0	0	0	0	3308	289.33	19.48	7.38	19.57	32.30	25.29	37.81	1.52	26.28	24.40
7/27/2016 5:41:04 PM	1.91	1.06	1.95	3.11	0.00	0.00	0.00	0.19	8.03	100.00	5.40	23.45	1012	1063	879	93	0	0	0	0	3047	288.69	20.14	7.88	19.67	32.15	26.04	37.64	1.53	26.28	24.41
7/27/2016 5:41:07 PM	1.99	1.13	2.04	2.82	0.00	0.00	0.00	0.18	7.97	100.00	5.51	23.10	1055	1130	916	85	0	0	0	0	3185	288.35	19.56	7.50	19.60	31.75	25.41	37.00	1.54	26.30	24.45
7/27/2016 5:41:09 PM	1.69	1.07	1.80	3.01	0.00	0.00	0.00	0.20	7.58	100.00	5.64	23.00	893	1073	811	90	0	0	0	0	2867	288.73	19.22	7.66	19.07	30.73	25.23	35.40	1.55	26.31	24.42
7/27/2016 5:41:12 PM	1.99	1.14	1.94	2.92	0.00	0.00	0.00	0.21	7.99	100.00	5.73	23.12	1054	1135	873	88	0	0	0	0	3150	289.03	19.67	7.70	19.78	32.23	25.72	37.18	1.56	26.32	24.43
7/27/2016 5:41:15 PM	1.70	1.08	1.86	3.13	0.00	0.00	0.00	0.24	7.76	100.00	5.82	23.25	898	1077	836	94	0	0	0	0	2905	286.12	19.91	7.95	19.51	32.17	25.85	36.70	1.57	26.31	24.42
7/27/2016 5:41:18 PM	1.78	1.09	1.80	3.14	0.00	0.00	0.00	0.21	7.80	100.00	5.89	23.25	942	1086	809	94	0	0	0	0	2931	287.81	19.76	7.85	19.55	31.73	25.97	36.54	1.58	26.31	24.40
7/27/2016 5:41:21 PM	1.58	1.12	1.76	3.43	0.00	0.00	0.00	0.23	7.88	100.00	6.00	23.15	839	1118	790	103	0	0	0	0	2850	289.11	20.50	8.30	20.16	32.28	27.06	37.02	1.59	26.32	24.41
7/27/2016 5:41:23 PM	1.50	1.11	1.81	3.56	0.00	0.00	0.00	0.22	7.98	100.00	6.09	23.05	795	1114	815	107	0	0	0	0	2832	289.01	21.00	8.55	20.44	32.32	27.55	37.48	1.60	26.32	24.39
7/27/2016 5:41:26 PM	1.40	1.16	1.84	3.75	0.00	0.00	0.00	0.22	8.14	100.00	6.17	22.91	742	1158	827	112	0	0	0	0	2840	288.86	21.68	9.08	21.17	32.82	28.41	38.18	1.60	26.31	24.37
7/27/2016 5:41:29 PM	1.40	1.28	1.88	4.01	0.00	0.00	0.00	0.21	8.57	100.00	6.28	22.52	741	1277	846	120	0	0	0	0	2985	287.69	22.76	9.80	22.64	33.80	30.11	39.66	1.62	26.32	24.45
7/27/2016 5:41:32 PM	0.98	1.36	1.86	4.33	0.00	0.00	0.00	0.22	8.53	100.00	6.33	21.74	520	1363	835	130	0	0	0	0	2848	287.57	23.57	10.17	23.41	33.84	31.51	39.43	1.62	26.32	24.36
7/27/2016 5:41:35 PM	0.92	1.39	1.89	4.56	0.00	0.00	0.00	0.23	8.76	100.00	6.39	21.76	488	1394	851	137	0	0	0	0	2870	288.11	24.46	10.63	24.15	34.84	32.59	40.64	1.63	26.32	24.43
7/27/2016 5:41:37 PM	0.36	1.34	1.90	5.27	0.00	0.00	0.00	0.28	8.87	100.00	6.46	21.46	191	1338	854	158	0	0	0	0	2541	287.94	26.47	12.27	25.13	36.23	34.38	42.17	1.63	26.32	24.45
7/27/2016 5:41:40 PM	0.02	1.27	1.99	5.70	0.00	0.00	0.00	0.30	8.99	100.00	6.53	20.74	13	1275	895	171	0	0	0	0	2354	288.85	28.02	12.45	25.39	37.43	35.91	43.64	1.64	26.31	24.42
7/27/2016 5:41:43 PM	0.04	1.27	1.90	6.02	0.00	0.00	0.00	0.30	9.23	100.00	6.60	19.66	21	1273	854	181	0	0	0	0	2329	288.76	28.79	12.81	25.99	38.06	37.17	44.70	1.65	26.31	24.43
7/27/2016 5:41:46 PM	1.25	2.52	2.70	6.78	0.00	0.00	0.00	0.05	13.24	100.00	6.70	18.65	662	2518	1215	203	0	0	0	0	4598	284.62	35.32	15.69	37.93	44.68	49.38	56.70	1.66	26.29	24.39
7/27/2016 5:41:49 PM	1.59	2.66	2.57	7.46	0.00	0.00	0.00	0.00	14.28	99.68	6.77	18.07	841	2665	1156	224	0	0	0	0	4885	279.85	37.37	16.42	40.75	45.98	53.31	60.83	1.66	26.29	24.40
7/27/2016 5:41:51 PM	1.77	2.86	2.60	8.01	0.00	0.00	0.00	0.00	15.24	99.93	6.83	18.43	938	2863	1169	240	0	0	0	0	5209	280.56	39.62	17.45	43.59	48.69	56.92	64.79	1.67	26.27	24.40
7/27/2016 5:41:54 PM	1.63	2.83	2.55	8.19	0.00	0.00	0.00	0.00	15.20	99.92	6.91	18.02	862	2833	1146	246	0	0	0	0	5087	280.54	39.93	17.63	43.58	48.59	57.32	64.71	1.68	26.27	24.44
7/27/2016 5:41:57 PM	1.47	3.44	2.24	11.34	0.00	0.00	0.00	0.00	18.49	100.00	7.00	16.95	779	3445	1007	340	0	0	0	0	5571	281.79	49.82	23.46	54.67	57.70	72.86	78.50	1.69	26.26	24.36
7/27/2016 5:42:00 PM	1.06	3.16	2.47	10.59	0.00	0.00	0.00	0.00	17.28	100.00	7.06	16.31	564	3159	1112	318	0	0	0	0	5153	282.58	47.57	21.42	50.60	54.76	68.51	73.94	1.69	26.24	24.36
7/27/2016 5:42:02 PM	1.28	2.89	1.90	11.49	0.00	0.00	0.00	0.00	17.57	100.00	7.13	15.37	680	2892	855	345	0	0	0	0	4771	281.96	48.61	21.66	50.51	55.15	70.54	76.33	1.70	26.22	24.39
7/27/2016 5:42:05 PM	1.56	2.92	1.30	12.98	0.00	0.00	0.00	0.00	18.75	100.00	7.22	14.96	826	2915	587	389	0	0	0	0	4717	283.69	51.81	23.93	53.78	58.36	76.19	81.56	1.71	26.21	24.38
7/27/2016 5:42:08 PM	1.03	3.04	1.74	12.61	0.00	0.00	0.00	0.00	18.42	100.00	7.31	15.33	547	3039	785	378	0	0	0	0	4749	283.69	51.74	23.82	53.73	57.55	75.29	79.94	1.72	26.19	24.35
7/27/2016 5:42:11 PM	1.31	3.30	1.68	13.80	0.00	0.00	0.00	0.00	20.08	100.00	7.36	15.16	693	3302	756	414	0	0	0	0	5165	284.18	55.89	26.88	58.77	62.56	81.38	86.91	1.72	26.16	24.35
7/27/2016 5:42:14 PM	1.17	3.10	1.61	13.33	0.00	0.00	0.00	0.00	19.21	100.00	7.47	14.94	618	3097	724	400	0	0	0	0	4839	283.23	53.88	25.16	55.79	60.10	78.55	83.29	1.73	26.14	24.33
7/27/2016 5:42:16 PM	0.95	3.02	1.66	12.99	0.00	0.00	0.00	0.00	18.62	100.00	7.53	14.78	505	3021	747	390	0	0	0	0	4663	283.19	52.68	24.30	54.26	58.28	76.65	80.91	1.74	26.11	24.36
7/27/2016 5:42:19 PM	0.97	3.09	1.67	13.51	0.00	0.00	0.00	0.00	19.25	100.00	7.60	15.20	516	3090	751	405	0	0	0	0	4762	284.23	54.51	25.22	56.11	59.96	79.18	83.94	1.74	26.10	24.35
7/27/2016 5:42:22 PM	1.34	3.05	1.58	13.60	0.00	0.00	0.00	0.00	19.56	100.00	7.68	15.38	710	3048	709	408	0	0	0	0	4876	284.79	54.74	25.49	56.26	61.35	79.55	85.22	1.75	26.06	24.33
7/27/2016 5:42:25 PM	1.19	3.00	1.49	14.05	0.00	0.00	0.00	0.00	19.74	100.00	7.77	15.39	631	3005	671	422	0	0	0	0	4729	284.05	55.84	26.10	56.77	62.00	80.97	86.29	1.76	26.03	24.35
7/27/2016 5:42:28 PM	1.24	3.49	1.88	13.73	0.00	0.00	0.00	0.00	20.35	100.00	7.81	16.22	657	3491	847	412	0	0	0	0	5407	284.08	56.45	26.93	60.12	62.89	82.33	87.84	1.77	26.01	24.29
7/27/2016 5:42:30 PM	1.17	3.54	1.84	13.82	0.00	0.00	0.00	0.00	20.37	100.00	7.91	15.66	622	3540	827	415	0	0	0	0	5404	283.58	56.58	27.50	60.58	62.99	82.63	87.62	1.78	25.98	24.34
7/27/2016 5:42:33 PM	1.30	3.09	1.39	13.71	0.00	0.00	0.00	0.00	19.49	100.00	7.99	14.80	689	3089	626	411	0	0	0	0	4815	284.37	54.47	25.78	56.70	60.44	79.74	84.80	1.78	25.96	24.30
7/27/2016 5:42:36 PM	1.42	3.31	1.64	14.42	0.00	0.00	0.00	0.00	20.79	100.00	8.09	14.92	751	3310	738	433	0	0	0	0	5232	285.07	57.91	27.47	60.45	64.37	84.22	90.70	1.79	25.93	24.30
7/27/2016 5:42:39 PM	1.26	3.03	1.29	13.90	0.00	0.00	0.00	0.00	19.48	100.00	8.19	14.36	670	3028	581	417	0	0	0	0	4696	284.07	54.73	25.78	56.43	60.67	80.19	84.78	1.80	25.89	24.30
7/27/2016 5:42:42 PM	1.13	3.18	1.73	13.58	0.00	0.00	0.00	0.00	19.62	100.00	8.27	14.91	598	3184	779	407	0	0	0	0	4969	284.87	55.14	25.63	57.08	61.34	80.17	85.20	1.81	25.86	24.27
7/27/2016 5:42:44 PM	1.38	3.11	1.35	13.65	0.00	0.00	0.00	0.00	19.48	100.00	8.39	14.54	732	3105	606	410	0	0	0	0	4853	283.95	54.19	25.95	56.73	60.44	79.47	84.53	1.82	25.82	24.23
7/27/2016 5:42:47 PM	1.22	3.23	1.64	13.66	0.00	0.00	0.00	0.00	19.76	100.00	8.51	14.02	647	3234	740	410	0	0	0	0	5030	285.33	55.26	26.18	57.60	61.89	80.62	85.34	1.83	25.78	24.24
7/27/2016 5:42:50 PM	1.14	3.14	1.66	13.89	0.00	0.00	0.00	0.00	19.84	100.00	8.59	13.95	606	3142	747	417	0	0	0	0	4912	284.48	55.97	25.65	57.28	62.23	81.44	86.28	1.84	25.75	24.21
7/27/2016 5:42:53 PM	1.19	3.14	1.58	13.97	0.00	0.00	0.00	0.00	19.88	100.00	8.71	14.14	631	3143	710	419	0	0	0	0	4903	283.29	55.95	26.15	57.63	62.11	81.44	86.53	1.85	25.69	24.17
7/27/2016 5:42:55 PM	1.37	3.32	1.66	14.10	0.00	0.00	0.00	0.00	20.45	100.00	8.82	13.96	724	3321	746	423	0	0	0	0	5214	284.24	56.91	27.14	59.62	63.60	82.91	88.66	1.86	25.67	24.12
7/27/2016 5:42:58 PM	1.36	3.18	1.50	13.86	0.00	0.00	0.00	0.00	19.90	100.00	8.92	14.22	721	3180	676	416	0	0	0	0	4993	284.28	55.48	26.31	57.83	61.96	81.06	86.39	1.87	25.62	24.14
7/27/2016 5:43:01 PM	1.28	3.24	1.54	13.55	0.00	0.00	0.00	0.00	19.61	100.00	8.96	14.19	681	3237	691	406	0	0	0	0	5015	284.69	54.60	25.70	57.19	61.23	80.20	84.41	1.88	25.59	24.08
7/27/2016 5:43:04 PM	1.53	3.38	1.59	14.20	0.00	0.00	0.00	0.00	20.69	100.00	9.00	14.08	812	3376	716	426	0	0	0	0	5330	284.32	57.18	27.38	60.32	64.22	83.65	89.55	1.88	25.54	24.10
7/27/2016 5:43:07 PM	1.40	3.24	1.41	14.24	0.00	0.00	0.00	0.00	20.30	100.00	9.05	14.33	744	3240	635	427	0	0	0	0	5046	284.72	56.57	26.50	58.94	62.96	83.12	88.06	1.89	25.49	24.15
7/27/2016 5:43:09 PM	0.99	3.28	1.93	14.04	0.00	0.00	0.00	0.00	20.23	100.00	9.13	14.21	523	3284	867	421	0	0	0	0	5095	283.20	57.27	26.75	59.09	63.19	82.60	88.26	1.89	25.43	24.08
7/27/2016 5:43:12 PM	1.21	3.29	1.88	13.76	0.00	0.00	0.00	0.00	20.16	100.00	9.22	13.94	644	3293	848	413	0	0	0	0	5197	284.21	56.45	26.33	58.52	63.27	81.79	87.37	1.90	25.39	24.11
7/27/2016 5:43:15 PM	1.34	3.58	1.87	13.73	0.00	0.00	0.00	0.00	20.52	100.00	9.29	14.26	713	3579	839	412	0	0	0	0	5543	283.34	56.53	27.71	60.93	63.48	82.56	88.12	1.91	25.35	24.07
7/27/2016 5:43:18 PM	1.28	3.75	2.07	13.96	0.00	0.00	0.00	0.00	21.05	100.00	9.41	14.27	677	3752	930	419	0	0	0	0	5778	283.26	58.04	28.08	62.78	64.86	84.72	90.41	1.92	25.32	24.03
7/27/2016 5:43:21 PM	1.19	3.60	1.89	14.39	0.00	0.00	0.00	0.00	21.08	100.00	9.48	13.92	630	3602	853	432	0	0	0	0	5516	284.34	58.80	27.91	62.21	65.37	85.82	90.88	1.93	25.27	23.97
7/27/2016 5:43:23 PM	1.43	3.13	1.27	15.01	0.00	0.00	0.00	0.00	20.83	100.00	9.58	13.98	756	3132	570	450	0	0	0	0	4909	283.64	58.52	27.95	60.04	64.86	85.34	91.11	1.94	25.22	23.96
7/27/2016 5:43:26 PM	1.05	3.04	1.57	14.00	0.00	0.00	0.00	0.00	19.66	100.00	9.66	14.06	557	3039	705	420	0	0	0	0	4722	283.75	55.88	25.82	56.66	61.91	81.08	85.71	1.95	25.16	23.93
7/27/2016 5:43:29 PM	1.28	3.36	1.57	14.15	0.00	0.00	0.00	0.00	20.35	100.00	9.72	14.32	678	3359	705	424	0	0	0	0	5166	283.28	56.76	27.08	59.63	63.28	83.18	87.81	1.95	25.11	24.01
7/27/2016 5:43:32 PM	1.46	3.12	1.23	15.08	0.00	0.00	0.00	0.00	20.89	100.00	9.80	14.51	773	3121	553	452	0	0	0	0	4899	282.61	58.66	28.08	60.13	65.08	85.56	91.36	1.96	25.07	23.94
7/27/2016 5:43:35 PM	1.58	3.33	1.53	14.03	0.00	0.00	0.00	0.00	20.46	100.00	9.88	14.53	836	3331	686	421	0	0	0	0	5274	282.23	56.42	26.41	59.41	63.36	82.98	88.53	1.97	25.00	23.86
7/27/2016 5:43:37 PM	1.33	3.30	1.44	14.59	0.00	0.00	0.00	0.00	20.66	100.00	9.93	14.76	706	3297	646	438	0	0	0	0	5086	284.39	57.80	27.63	60.14	64.38	84.62	89.44	1.97	24.97	23.89
7/27/2016 5:43:40 PM	1.19	3.07	1.57	14.02	0.00	0.00	0.00	0.00	19.85	100.00	9.99	14.83	632	3066	709	421	0	0	0	0	4827	283.50	56.07	25.85	57.14	62.22	81.42	86.72	1.98	24.91	23.92
7/27/2016 5:43:43 PM	1.40	3.45	1.72	14.70	0.00	0.00	0.00	0.00	21.27	100.00	10.05	14.91	741	3450	774	441	0	0	0	0	5407	283.01	59.24	28.39	62.05	66.15	86.15	92.28	1.98	24.87	23.88
