Date/Time	Green Algae	Bluegreen	Diatoms	Cryptophyta	#4	#5	#6	Yellow substances	Total conc.	Transmission	Depth	Temp. Sample	Green Algae	Bluegreen	Diatoms	Cryptophyta	#4	#5	#6	Yellow substances	Total cell count	Trans. 700 nm	LED 3 [525 nm]	LED 4 [570 nm]	LED 5 [610 nm]	LED 6 [370 nm]	LED 7 [590 nm]	LED 8 [470 nm]	Pressure	Temp. LEDs	Temp. Sensor
date	µg/l	µg/l	µg/l	µg/l	µg/l	µg/l	µg/l	µg/l	µg/l	%	m	°C	cells/ml	cells/ml	cells/ml	cells/ml	cells/ml	cells/ml	cells/ml	cells/ml	cells/ml	digits	digits	digits	digits	digits	digits	digits	bar	°C	°C
7/28/2016 12:06:14 PM	4.72	0.71	0.45	0.58	0.00	0.00	0.00	0.08	6.45	100.00	0.23	29.74	2501	705	202	17	0	0	0	0	3426	290.31	8.37	1.31	11.68	23.84	15.29	27.23	1.02	22.83	19.61
7/28/2016 12:06:17 PM	4.70	0.82	0.00	1.43	0.00	0.00	0.00	0.02	6.95	95.88	0.33	29.43	2493	817	0	43	0	0	0	0	3353	269.19	6.18	2.05	10.41	23.80	23.30	28.11	1.03	22.88	19.66
7/28/2016 12:06:19 PM	2.49	0.00	2.35	1.21	0.00	0.00	0.00	0.00	6.05	100.00	0.39	29.32	1320	0	1058	36	0	0	0	0	2414	289.80	13.22	5.67	9.24	19.97	12.66	34.41	1.04	22.94	19.66
7/28/2016 12:06:22 PM	3.53	0.00	0.95	0.92	0.00	0.00	0.00	0.00	5.40	89.46	0.47	29.60	1873	0	425	28	0	0	0	0	2326	251.15	9.05	2.06	7.74	19.19	11.74	26.53	1.05	22.98	19.67
7/28/2016 12:06:25 PM	1.13	1.29	3.53	0.19	0.00	0.00	0.00	0.16	6.15	99.95	0.53	29.86	601	1293	1590	6	0	0	0	0	3490	280.63	15.26	2.45	14.98	26.12	17.43	28.82	1.05	23.04	19.69
7/28/2016 12:06:28 PM	4.60	0.20	0.94	0.56	0.00	0.00	0.00	0.00	6.31	100.00	0.60	29.79	2440	202	425	17	0	0	0	0	3084	281.03	8.52	3.54	11.10	19.96	10.85	31.07	1.06	23.07	19.71
7/28/2016 12:06:31 PM	4.05	0.02	0.00	2.97	0.00	0.00	0.00	0.00	7.04	100.00	0.68	29.55	2144	24	0	89	0	0	0	0	2257	293.13	12.15	5.90	11.52	24.50	20.37	32.90	1.07	23.12	19.69
7/28/2016 12:06:33 PM	5.80	1.32	0.75	0.00	0.00	0.00	0.00	0.00	7.87	100.00	0.73	29.50	3073	1320	338	0	0	0	0	0	4732	289.70	8.18	2.09	17.83	22.35	15.98	33.13	1.07	23.17	19.73
7/28/2016 12:06:36 PM	3.27	1.08	2.92	0.48	0.00	0.00	0.00	0.00	7.75	100.00	0.80	29.62	1734	1084	1314	14	0	0	0	0	4147	295.69	14.98	2.98	16.32	26.94	18.37	35.42	1.08	23.23	19.73
7/28/2016 12:06:39 PM	3.50	1.07	2.37	0.00	0.00	0.00	0.00	0.14	6.94	100.00	0.86	29.60	1857	1068	1064	0	0	0	0	0	3990	289.42	12.33	2.12	14.60	27.94	15.57	31.22	1.08	23.27	19.77
7/28/2016 12:06:42 PM	4.82	0.00	0.00	1.90	0.00	0.00	0.00	0.00	6.71	100.00	0.91	29.64	2554	0	0	57	0	0	0	0	2611	285.30	9.81	3.86	10.05	22.47	15.92	31.80	1.09	23.30	19.82
7/28/2016 12:06:45 PM	3.03	0.26	2.63	0.86	0.00	0.00	0.00	0.00	6.77	100.00	1.03	29.61	1604	259	1182	26	0	0	0	0	3072	295.43	14.15	2.25	11.87	23.46	14.68	35.41	1.10	23.37	19.79
7/28/2016 12:06:47 PM	2.48	0.00	1.37	2.23	0.00	0.00	0.00	0.00	6.08	100.00	1.24	29.64	1314	0	617	67	0	0	0	0	1998	293.53	13.88	3.67	9.97	20.61	17.02	32.01	1.12	23.41	19.78
7/28/2016 12:06:50 PM	4.33	0.34	1.97	0.39	0.00	0.00	0.00	0.00	7.02	100.00	1.36	29.68	2292	335	885	12	0	0	0	0	3525	296.68	11.76	0.84	10.73	25.53	14.40	33.40	1.13	23.46	19.86
7/28/2016 12:06:53 PM	5.08	0.56	0.00	1.72	0.00	0.00	0.00	0.00	7.36	100.00	1.47	29.67	2692	563	0	52	0	0	0	0	3306	295.50	9.91	1.33	12.26	24.58	20.63	31.32	1.14	23.52	19.83
7/28/2016 12:06:56 PM	4.47	1.16	1.76	0.12	0.00	0.00	0.00	0.00	7.52	100.00	1.54	29.54	2370	1165	790	4	0	0	0	0	4328	286.20	11.00	3.12	15.63	25.75	16.55	31.32	1.15	23.55	19.86
7/28/2016 12:06:59 PM	6.05	0.00	0.00	1.14	0.00	0.00	0.00	0.00	7.20	100.00	1.60	29.29	3209	0	0	34	0	0	0	0	3243	291.12	8.55	3.44	9.06	24.68	13.89	33.37	1.16	23.60	19.87
7/28/2016 12:07:01 PM	2.56	0.88	2.85	0.00	0.00	0.00	0.00	0.00	6.29	100.00	1.66	29.25	1355	882	1282	0	0	0	0	0	3519	296.16	12.02	1.32	13.70	18.61	14.53	32.02	1.16	23.66	19.90
7/28/2016 12:07:04 PM	4.92	0.62	1.98	0.00	0.00	0.00	0.00	0.00	7.52	100.00	1.70	29.39	2607	622	890	0	0	0	0	0	4119	291.19	10.89	3.32	13.38	25.71	13.40	35.04	1.17	23.71	19.88
7/28/2016 12:07:07 PM	1.73	0.50	1.45	1.90	0.00	0.00	0.00	0.24	5.58	100.00	1.76	29.32	917	504	651	57	0	0	0	0	2128	290.87	13.73	7.41	13.14	25.48	15.76	28.08	1.17	23.75	19.91
7/28/2016 12:07:10 PM	3.87	0.92	1.29	1.13	0.00	0.00	0.00	0.05	7.21	100.00	1.82	29.24	2053	915	579	34	0	0	0	0	3581	298.80	12.40	2.80	14.60	25.97	18.96	31.00	1.18	23.79	19.93
7/28/2016 12:07:12 PM	3.52	0.82	2.81	0.25	0.00	0.00	0.00	0.00	7.40	100.00	1.92	29.30	1866	820	1264	8	0	0	0	0	3958	294.61	13.83	1.69	14.06	26.10	16.47	34.72	1.19	23.84	19.94
7/28/2016 12:07:15 PM	4.86	0.00	0.39	2.03	0.00	0.00	0.00	0.00	7.28	100.00	1.97	29.34	2574	0	177	61	0	0	0	0	2812	296.31	11.82	4.58	11.52	24.46	16.47	35.28	1.19	23.90	20.00
7/28/2016 12:07:18 PM	5.01	0.58	1.11	0.73	0.00	0.00	0.00	0.00	7.43	100.00	2.01	29.38	2658	582	498	22	0	0	0	0	3760	293.61	10.74	2.36	13.00	25.52	15.99	33.09	1.20	23.95	19.98
7/28/2016 12:07:21 PM	3.35	0.47	2.35	1.01	0.00	0.00	0.00	0.00	7.19	100.00	2.05	29.39	1776	472	1058	30	0	0	0	0	3337	294.98	14.38	2.57	12.91	25.68	16.80	34.86	1.20	23.98	20.01
7/28/2016 12:07:24 PM	4.16	0.23	1.47	1.33	0.00	0.00	0.00	0.00	7.18	100.00	2.09	29.32	2202	229	663	40	0	0	0	0	3134	298.74	12.73	3.76	12.52	24.48	15.49	35.32	1.21	24.03	20.02
7/28/2016 12:07:26 PM	4.41	0.46	1.42	1.36	0.00	0.00	0.00	0.00	7.64	100.00	2.10	29.32	2336	460	637	41	0	0	0	0	3474	294.60	13.24	3.55	13.58	26.75	17.63	35.37	1.21	24.09	20.04
7/28/2016 12:07:29 PM	3.38	0.73	2.64	0.51	0.00	0.00	0.00	0.00	7.26	100.00	2.13	29.23	1791	730	1188	15	0	0	0	0	3724	298.16	13.93	2.13	13.77	25.66	16.55	34.31	1.21	24.13	20.03
7/28/2016 12:07:32 PM	3.76	0.49	2.05	1.04	0.00	0.00	0.00	0.00	7.34	100.00	2.21	29.09	1993	491	924	31	0	0	0	0	3439	295.78	13.83	2.62	13.07	26.05	17.01	34.89	1.22	24.19	20.08
7/28/2016 12:07:35 PM	3.62	0.46	1.98	1.49	0.00	0.00	0.00	0.00	7.55	100.00	2.27	29.23	1918	463	892	45	0	0	0	0	3317	295.14	14.80	3.21	14.30	25.27	18.16	37.19	1.22	24.23	20.09
7/28/2016 12:07:38 PM	4.66	0.52	1.73	0.83	0.00	0.00	0.00	0.00	7.74	100.00	2.31	29.30	2472	516	778	25	0	0	0	0	3791	294.09	12.72	2.36	13.54	26.48	16.59	36.41	1.23	24.27	20.11
7/28/2016 12:07:40 PM	4.48	0.98	2.35	0.00	0.00	0.00	0.00	0.00	7.81	100.00	2.35	29.23	2377	978	1056	0	0	0	0	0	4412	296.77	12.25	2.62	15.23	26.61	16.03	35.18	1.23	24.33	20.15
7/28/2016 12:07:43 PM	4.99	0.28	0.91	1.92	0.00	0.00	0.00	0.00	8.10	100.00	2.40	29.14	2646	279	409	58	0	0	0	0	3392	296.21	13.55	4.65	14.37	27.05	18.33	38.61	1.24	24.37	20.15
7/28/2016 12:07:46 PM	3.05	0.75	3.47	0.31	0.00	0.00	0.00	0.00	7.59	100.00	2.43	29.14	1617	754	1562	9	0	0	0	0	3942	293.57	15.83	2.49	14.01	28.42	16.75	36.26	1.24	24.42	20.18
7/28/2016 12:07:49 PM	4.05	0.44	2.17	1.04	0.00	0.00	0.00	0.00	7.71	100.00	2.50	28.99	2147	441	977	31	0	0	0	0	3597	294.81	14.13	3.83	14.36	25.80	16.20	38.30	1.24	24.47	20.21
7/28/2016 12:07:52 PM	3.56	0.72	2.72	0.92	0.00	0.00	0.00	0.00	7.93	100.00	2.55	29.04	1886	724	1224	28	0	0	0	0	3862	296.14	15.64	3.89	15.31	28.23	18.04	37.59	1.25	24.51	20.24
7/28/2016 12:07:54 PM	4.70	0.47	2.15	0.85	0.00	0.00	0.00	0.00	8.17	100.00	2.60	29.05	2491	467	969	25	0	0	0	0	3952	296.17	14.05	2.99	14.32	27.87	16.69	39.73	1.25	24.56	20.24
7/28/2016 12:07:57 PM	4.73	0.00	1.66	2.10	0.00	0.00	0.00	0.00	8.49	100.00	2.66	28.97	2506	2	748	63	0	0	0	0	3319	295.98	16.20	3.96	13.60	29.46	18.95	43.01	1.26	24.61	20.24
7/28/2016 12:08:00 PM	5.63	0.58	1.88	1.82	0.00	0.00	0.00	0.00	9.91	100.00	2.72	28.96	2983	580	847	55	0	0	0	0	4465	294.78	17.20	5.33	18.22	33.43	21.66	47.21	1.27	24.65	20.28
7/28/2016 12:08:03 PM	5.19	0.73	2.63	1.78	0.00	0.00	0.00	0.00	10.32	100.00	2.78	28.88	2748	732	1183	53	0	0	0	0	4716	293.44	19.25	5.92	19.82	34.95	22.71	49.78	1.27	24.70	20.29
7/28/2016 12:08:05 PM	5.19	0.42	2.53	2.46	0.00	0.00	0.00	0.00	10.60	100.00	2.84	28.74	2750	423	1139	74	0	0	0	0	4385	295.06	20.85	7.25	19.58	36.44	23.45	52.59	1.28	24.73	20.33
7/28/2016 12:08:08 PM	5.19	0.79	3.49	1.63	0.00	0.00	0.00	0.00	11.11	100.00	2.90	28.44	2749	795	1571	49	0	0	0	0	5164	292.35	21.68	4.13	21.03	36.91	24.54	55.44	1.28	24.78	20.33
7/28/2016 12:08:11 PM	5.35	1.16	3.65	1.72	0.00	0.00	0.00	0.00	11.88	100.00	2.93	28.29	2833	1163	1643	52	0	0	0	0	5692	293.00	23.04	5.63	23.80	40.11	27.07	56.83	1.29	24.83	20.38
7/28/2016 12:08:14 PM	5.83	0.66	2.74	2.59	0.00	0.00	0.00	0.00	11.81	100.00	2.97	28.24	3090	656	1232	78	0	0	0	0	5056	292.93	22.62	6.41	22.59	38.58	26.66	58.76	1.29	24.87	20.36
7/28/2016 12:08:17 PM	7.01	0.69	3.48	2.09	0.00	0.00	0.00	0.00	13.28	100.00	3.04	27.85	3717	688	1568	63	0	0	0	0	6036	292.84	24.63	4.95	23.00	45.83	28.26	65.08	1.30	24.90	20.40
7/28/2016 12:08:19 PM	6.13	1.06	4.86	1.95	0.00	0.00	0.00	0.00	14.01	100.00	3.12	27.44	3251	1063	2187	58	0	0	0	0	6559	294.43	28.12	7.15	26.90	47.89	29.63	69.66	1.31	24.94	20.43
7/28/2016 12:08:22 PM	5.83	1.04	4.94	2.15	0.00	0.00	0.00	0.00	13.96	100.00	3.18	27.27	3090	1043	2221	64	0	0	0	0	6419	294.45	28.95	6.29	26.37	48.48	30.96	69.22	1.31	24.99	20.42
7/28/2016 12:08:25 PM	7.40	0.55	3.26	3.49	0.00	0.00	0.00	0.00	14.70	100.00	3.24	27.02	3924	549	1467	105	0	0	0	0	6045	294.66	28.61	7.30	25.92	50.14	33.15	72.95	1.32	25.04	20.44
7/28/2016 12:08:28 PM	8.41	1.06	4.72	2.28	0.00	0.00	0.00	0.00	16.48	100.00	3.30	26.68	4457	1060	2126	69	0	0	0	0	7711	294.08	30.73	7.27	29.30	57.56	34.03	79.89	1.32	25.07	20.46
7/28/2016 12:08:31 PM	6.84	0.33	4.63	3.11	0.00	0.00	0.00	0.00	14.92	100.00	3.39	26.14	3627	326	2085	93	0	0	0	0	6132	296.85	31.36	6.15	24.40	53.34	32.48	76.36	1.33	25.11	20.47
7/28/2016 12:08:33 PM	7.74	0.84	4.34	2.39	0.00	0.00	0.00	0.00	15.31	100.00	3.50	25.82	4100	841	1952	72	0	0	0	0	6965	296.13	29.02	7.55	27.16	53.39	31.59	75.13	1.34	25.14	20.47
7/28/2016 12:08:36 PM	7.69	0.23	3.20	3.69	0.00	0.00	0.00	0.00	14.82	100.00	3.63	25.15	4077	227	1442	111	0	0	0	0	5857	296.30	29.09	8.68	24.37	52.90	32.17	73.58	1.36	25.18	20.51
7/28/2016 12:08:39 PM	6.97	0.38	4.32	2.97	0.00	0.00	0.00	0.00	14.64	100.00	3.69	24.74	3695	379	1944	89	0	0	0	0	6106	296.41	29.94	7.59	24.36	52.73	31.03	73.79	1.36	25.22	20.53
7/28/2016 12:08:42 PM	7.08	0.52	4.48	2.54	0.00	0.00	0.00	0.00	14.62	100.00	3.73	24.79	3753	522	2014	76	0	0	0	0	6366	296.71	29.30	7.76	24.44	53.38	30.21	72.49	1.37	25.25	20.56
7/28/2016 12:08:45 PM	7.01	0.71	4.76	2.23	0.00	0.00	0.00	0.00	14.70	100.00	3.77	24.54	3716	705	2142	67	0	0	0	0	6630	297.40	29.39	6.95	24.87	53.81	30.62	72.18	1.37	25.28	20.58
7/28/2016 12:08:47 PM	7.11	0.67	4.34	2.41	0.00	0.00	0.00	0.00	14.54	100.00	3.83	24.50	3771	671	1954	72	0	0	0	0	6468	296.26	28.76	6.94	24.32	53.55	30.92	70.52	1.38	25.31	20.60
7/28/2016 12:08:50 PM	7.42	0.58	4.63	2.46	0.00	0.00	0.00	0.00	15.09	100.00	3.93	24.46	3932	579	2082	74	0	0	0	0	6667	298.09	29.86	7.79	25.11	55.23	30.83	74.39	1.38	25.33	20.59
7/28/2016 12:08:53 PM	6.50	0.68	5.52	1.83	0.00	0.00	0.00	0.00	14.53	100.00	3.97	24.19	3448	680	2482	55	0	0	0	0	6665	297.30	30.17	7.27	24.14	54.92	29.22	71.85	1.39	25.36	20.65
7/28/2016 12:08:56 PM	6.90	0.54	4.61	2.87	0.00	0.00	0.00	0.00	14.91	100.00	4.01	24.27	3655	539	2073	86	0	0	0	0	6354	296.36	30.89	7.69	24.57	55.77	32.35	73.11	1.39	25.40	20.65
7/28/2016 12:08:58 PM	6.38	0.64	5.32	2.17	0.00	0.00	0.00	0.00	14.51	100.00	4.07	23.91	3383	639	2393	65	0	0	0	0	6479	298.77	30.41	7.77	24.64	53.89	29.71	72.37	1.40	25.43	20.66
7/28/2016 12:09:01 PM	5.99	0.65	5.42	2.09	0.00	0.00	0.00	0.01	14.15	100.00	4.13	23.42	3173	648	2440	63	0	0	0	0	6324	298.07	30.37	7.43	23.72	53.96	29.57	70.12	1.40	25.45	20.71
7/28/2016 12:09:04 PM	6.74	1.01	6.13	1.60	0.00	0.00	0.00	0.00	15.47	100.00	4.18	23.25	3570	1015	2757	48	0	0	0	0	7389	297.32	31.81	7.94	27.17	57.52	30.84	75.96	1.41	25.48	20.73
7/28/2016 12:09:07 PM	6.37	0.60	5.13	2.26	0.00	0.00	0.00	0.00	14.35	100.00	4.22	23.31	3375	596	2306	68	0	0	0	0	6345	298.57	30.16	7.49	23.83	54.18	29.97	70.89	1.41	25.50	20.71
7/28/2016 12:09:10 PM	6.37	0.47	4.92	2.14	0.00	0.00	0.00	0.00	13.92	100.00	4.23	23.29	3378	475	2216	64	0	0	0	0	6133	298.76	29.00	7.03	22.46	52.78	28.57	69.02	1.41	25.52	20.75
7/28/2016 12:09:12 PM	6.31	0.49	4.26	2.23	0.00	0.00	0.00	0.05	13.28	100.00	4.26	23.15	3343	487	1916	67	0	0	0	0	5813	298.51	27.27	6.52	21.61	51.19	28.17	65.56	1.42	25.54	20.76
7/28/2016 12:09:15 PM	5.91	0.58	3.56	2.28	0.00	0.00	0.00	0.15	12.34	100.00	4.29	23.24	3131	583	1603	68	0	0	0	0	5387	299.76	25.23	6.86	21.15	49.14	27.21	60.80	1.42	25.57	20.77
7/28/2016 12:09:18 PM	6.58	0.36	2.26	2.90	0.00	0.00	0.00	0.16	12.10	100.00	4.32	23.04	3488	357	1018	87	0	0	0	0	4949	299.22	23.29	7.49	20.23	47.62	27.16	59.00	1.42	25.58	20.81
7/28/2016 12:09:21 PM	6.24	0.56	2.61	2.65	0.00	0.00	0.00	0.20	12.06	100.00	4.35	22.75	3308	559	1175	79	0	0	0	0	5121	297.04	23.67	7.43	21.04	48.33	27.36	58.80	1.43	25.60	20.84
7/28/2016 12:09:24 PM	6.71	0.35	1.91	3.28	0.00	0.00	0.00	0.18	12.25	100.00	4.38	22.99	3554	352	861	98	0	0	0	0	4866	298.98	23.67	6.99	20.45	48.36	28.93	59.59	1.43	25.61	20.79
7/28/2016 12:09:26 PM	6.29	0.63	1.71	2.79	0.00	0.00	0.00	0.25	11.43	100.00	4.45	22.05	3336	631	771	84	0	0	0	0	4822	298.56	21.45	7.52	20.73	46.15	26.98	54.79	1.44	25.64	20.80
7/28/2016 12:09:29 PM	6.22	0.60	1.75	2.45	0.00	0.00	0.00	0.26	11.02	100.00	4.48	21.23	3297	597	788	74	0	0	0	0	4756	297.89	20.42	6.51	19.53	45.09	25.61	53.06	1.44	25.64	20.87
7/28/2016 12:09:32 PM	7.18	0.44	1.07	2.38	0.00	0.00	0.00	0.27	11.08	100.00	4.53	21.32	3807	442	482	71	0	0	0	0	4803	298.13	18.62	5.83	18.42	45.39	24.68	53.03	1.44	25.66	20.87
7/28/2016 12:09:35 PM	7.19	0.51	0.80	2.44	0.00	0.00	0.00	0.29	10.94	100.00	4.56	20.92	3808	511	361	73	0	0	0	0	4753	299.47	18.03	6.39	18.80	44.92	24.62	51.92	1.45	25.67	20.88
7/28/2016 12:09:38 PM	6.72	0.67	1.67	2.06	0.00	0.00	0.00	0.27	11.12	100.00	4.59	20.92	3563	668	752	62	0	0	0	0	5044	298.62	19.29	6.69	19.71	45.58	24.37	53.02	1.45	25.67	20.87
7/28/2016 12:09:40 PM	7.41	0.61	0.93	2.43	0.00	0.00	0.00	0.25	11.37	100.00	4.63	20.65	3927	606	418	73	0	0	0	0	5023	298.18	18.55	6.41	19.73	45.39	25.57	53.24	1.45	25.68	20.88
7/28/2016 12:09:43 PM	7.08	0.67	1.29	2.10	0.00	0.00	0.00	0.27	11.15	100.00	4.65	20.94	3753	673	580	63	0	0	0	0	5069	299.47	18.52	6.12	19.54	45.30	24.73	52.54	1.46	25.68	20.90
7/28/2016 12:09:46 PM	7.39	0.59	0.89	2.59	0.00	0.00	0.00	0.26	11.45	100.00	4.66	21.40	3915	586	402	78	0	0	0	0	4981	299.25	18.89	7.17	20.09	45.83	25.73	53.78	1.46	25.69	20.93
7/28/2016 12:09:49 PM	7.36	0.62	1.00	2.42	0.00	0.00	0.00	0.30	11.39	100.00	4.68	21.38	3900	617	450	73	0	0	0	0	5040	298.53	18.85	6.57	19.88	46.55	25.59	53.85	1.46	25.70	20.93
7/28/2016 12:09:51 PM	7.40	0.80	1.37	2.12	0.00	0.00	0.00	0.24	11.70	100.00	4.74	21.07	3921	802	617	64	0	0	0	0	5404	299.62	19.17	5.88	20.69	46.35	26.23	54.29	1.46	25.71	20.93
7/28/2016 12:09:54 PM	7.43	0.58	0.79	2.78	0.00	0.00	0.00	0.28	11.57	100.00	4.80	21.11	3936	577	354	83	0	0	0	0	4950	298.38	19.31	6.89	20.21	46.56	26.69	54.45	1.47	25.70	20.95
7/28/2016 12:09:57 PM	6.91	0.69	1.33	2.54	0.00	0.00	0.00	0.26	11.47	100.00	4.85	21.04	3664	686	600	76	0	0	0	0	5026	298.77	19.94	7.00	20.58	46.11	26.38	54.11	1.47	25.71	20.91
7/28/2016 12:10:00 PM	7.52	0.89	1.46	2.44	0.00	0.00	0.00	0.23	12.31	100.00	4.90	20.60	3983	890	658	73	0	0	0	0	5604	297.44	20.62	7.32	22.51	48.16	27.85	56.92	1.48	25.71	20.97
7/28/2016 12:10:03 PM	6.78	0.75	1.48	2.44	0.00	0.00	0.00	0.18	11.46	100.00	4.98	19.34	3595	748	667	73	0	0	0	0	5084	298.09	19.81	7.17	20.86	44.38	26.21	53.24	1.49	25.70	20.98
7/28/2016 12:10:05 PM	6.77	0.91	1.44	2.48	0.00	0.00	0.00	0.22	11.61	100.00	5.04	18.67	3590	912	647	75	0	0	0	0	5224	297.67	20.13	6.79	21.73	45.38	27.55	53.53	1.49	25.69	20.97
7/28/2016 12:10:08 PM	6.12	0.85	1.60	2.68	0.00	0.00	0.00	0.19	11.26	100.00	5.09	18.96	3243	848	722	81	0	0	0	0	4893	298.28	20.64	7.49	21.47	43.79	27.28	52.32	1.50	25.68	20.98
7/28/2016 12:10:11 PM	5.79	0.99	1.50	3.31	0.00	0.00	0.00	0.18	11.60	100.00	5.23	18.65	3070	991	677	99	0	0	0	0	4838	296.84	22.25	8.40	23.31	44.17	30.22	53.27	1.51	25.68	21.02
7/28/2016 12:10:14 PM	5.47	0.98	1.39	3.77	0.00	0.00	0.00	0.12	11.59	100.00	5.34	18.04	2897	976	624	113	0	0	0	0	4610	296.04	22.97	8.45	23.56	42.71	31.77	52.77	1.52	25.67	20.99
7/28/2016 12:10:17 PM	4.96	1.08	1.87	3.74	0.00	0.00	0.00	0.11	11.64	100.00	5.34	18.19	2628	1078	840	112	0	0	0	0	4657	295.43	24.11	9.15	24.42	43.03	32.08	53.27	1.52	25.65	21.02
7/28/2016 12:10:19 PM	4.98	0.99	1.43	4.05	0.00	0.00	0.00	0.16	11.45	100.00	5.44	18.35	2640	989	644	121	0	0	0	0	4394	296.28	23.82	8.90	23.88	43.07	32.58	52.68	1.53	25.64	21.02
7/28/2016 12:10:22 PM	5.16	1.23	1.32	3.80	0.00	0.00	0.00	0.18	11.51	100.00	5.50	18.49	2734	1228	593	114	0	0	0	0	4669	295.48	23.05	9.03	24.94	43.15	32.69	51.83	1.54	25.64	21.03
7/28/2016 12:10:25 PM	4.85	1.03	1.17	5.09	0.00	0.00	0.00	0.12	12.14	100.00	5.57	17.92	2570	1026	529	153	0	0	0	0	4277	294.73	26.29	10.41	26.06	44.32	36.63	55.44	1.55	25.60	21.04
7/28/2016 12:10:28 PM	4.49	1.14	1.60	5.51	0.00	0.00	0.00	0.12	12.75	100.00	5.64	17.61	2380	1143	722	165	0	0	0	0	4410	294.56	28.92	11.69	28.13	46.59	39.08	58.61	1.55	25.60	21.04
7/28/2016 12:10:30 PM	4.93	1.30	1.33	6.40	0.00	0.00	0.00	0.05	13.96	100.00	5.69	18.18	2614	1304	598	192	0	0	0	0	4708	293.76	31.24	13.12	31.29	48.57	43.72	62.69	1.56	25.58	21.04
7/28/2016 12:10:33 PM	4.40	1.41	1.79	6.29	0.00	0.00	0.00	0.09	13.88	100.00	5.75	18.51	2333	1407	804	189	0	0	0	0	4733	293.01	32.18	13.29	31.79	49.35	43.87	62.94	1.56	25.56	21.03
7/28/2016 12:10:36 PM	4.63	1.71	1.81	7.99	0.00	0.00	0.00	0.02	16.14	100.00	5.82	18.43	2456	1709	815	240	0	0	0	0	5219	292.15	38.21	16.29	37.99	55.00	52.93	72.10	1.57	25.54	21.04
7/28/2016 12:10:39 PM	4.28	2.12	1.90	9.21	0.00	0.00	0.00	0.00	17.51	100.00	5.89	17.74	2270	2119	855	276	0	0	0	0	5521	290.18	42.66	18.31	43.10	58.41	60.14	77.07	1.58	25.52	21.03
7/28/2016 12:10:42 PM	3.96	1.94	1.91	10.12	0.00	0.00	0.00	0.00	17.93	100.00	5.94	16.87	2101	1937	860	304	0	0	0	0	5201	290.58	45.25	19.54	43.96	59.72	62.56	80.53	1.58	25.50	21.04
7/28/2016 12:10:44 PM	3.52	1.84	2.08	9.64	0.00	0.00	0.00	0.00	17.07	100.00	5.99	16.53	1863	1838	938	289	0	0	0	0	4928	289.73	43.86	17.93	41.57	57.43	60.27	76.88	1.59	25.47	21.04
7/28/2016 12:10:47 PM	3.49	2.64	1.19	9.66	0.00	0.00	0.00	0.03	16.98	100.00	6.02	16.48	1848	2645	533	290	0	0	0	0	5316	289.29	41.82	18.96	45.57	55.18	63.00	71.77	1.59	25.45	21.06
7/28/2016 12:10:50 PM	3.59	3.12	1.36	8.91	0.00	0.00	0.00	0.02	16.97	100.00	6.09	16.48	1904	3122	610	267	0	0	0	0	5903	288.72	40.37	18.49	47.17	54.18	62.64	69.52	1.60	25.43	21.02
7/28/2016 12:10:53 PM	3.13	3.15	0.99	9.63	0.00	0.00	0.00	0.05	16.89	100.00	6.15	16.40	1658	3146	444	289	0	0	0	0	5536	288.23	41.36	18.96	47.87	54.06	65.02	69.09	1.60	25.40	21.04
7/28/2016 12:10:56 PM	2.80	5.22	0.99	8.71	0.00	0.00	0.00	0.03	17.72	100.00	6.21	16.22	1484	5219	444	261	0	0	0	0	7408	287.56	40.03	19.75	58.43	52.04	71.73	63.32	1.61	25.37	21.05
7/28/2016 12:10:58 PM	3.06	4.98	0.13	9.26	0.00	0.00	0.00	0.07	17.43	100.00	6.26	16.62	1624	4977	60	278	0	0	0	0	6939	286.71	39.23	19.02	56.98	51.73	72.34	62.40	1.61	25.34	21.05
7/28/2016 12:11:01 PM	2.83	7.06	0.00	8.86	0.00	0.00	0.00	0.00	18.75	100.00	6.34	16.94	1498	7058	0	266	0	0	0	0	8822	285.94	38.60	20.70	68.31	50.24	81.68	58.38	1.62	25.32	21.06
7/28/2016 12:11:04 PM	0.54	18.50	0.00	10.72	0.00	0.00	0.00	0.10	29.76	100.00	6.41	16.32	285	18500	0	322	0	0	0	0	19107	282.80	50.17	34.41	137.99	66.47	153.99	61.17	1.63	25.28	21.02
7/28/2016 12:11:07 PM	0.00	34.90	0.00	10.46	0.00	0.00	0.00	0.00	45.36	98.55	6.48	15.39	0	34902	0	314	0	0	0	0	35215	276.69	63.69	51.50	236.69	83.44	243.51	59.04	1.64	25.25	21.04
7/28/2016 12:11:10 PM	0.00	61.25	0.00	10.59	0.00	0.00	0.00	0.00	71.83	92.02	6.56	15.17	0	61248	0	318	0	0	0	0	61565	258.33	87.50	80.82	388.70	113.52	402.81	62.48	1.64	25.22	21.04
7/28/2016 12:11:12 PM	0.00	60.95	0.00	11.02	0.00	0.00	0.00	0.00	71.97	91.67	6.63	15.88	0	60955	0	331	0	0	0	0	61286	257.36	89.51	81.83	386.72	112.72	404.67	64.36	1.65	25.18	21.04
7/28/2016 12:11:15 PM	0.00	67.99	0.00	15.70	0.00	0.00	0.00	0.00	83.69	90.38	6.68	15.89	0	67989	0	471	0	0	0	0	68461	253.74	110.92	93.85	440.42	138.95	464.51	89.43	1.65	25.16	21.02
7/28/2016 12:11:18 PM	0.00	68.49	0.00	17.32	0.00	0.00	0.00	0.00	85.82	90.43	6.74	15.98	0	68490	0	520	0	0	0	0	69010	253.88	115.41	96.57	449.86	145.61	471.28	99.53	1.66	25.12	21.08
7/28/2016 12:11:21 PM	0.00	67.96	0.00	17.45	0.00	0.00	0.00	0.00	85.40	91.50	6.79	16.07	0	67958	0	523	0	0	0	0	68481	256.86	115.53	95.82	448.34	145.55	467.08	100.63	1.67	25.08	21.04
7/28/2016 12:11:23 PM	0.00	63.51	0.00	18.97	0.00	0.00	0.00	0.00	82.48	91.23	6.89	15.43	0	63505	0	569	0	0	0	0	64075	256.12	115.49	92.27	425.17	145.26	448.61	108.33	1.67	25.04	21.01
7/28/2016 12:11:26 PM	0.00	55.59	0.00	22.16	0.00	0.00	0.00	0.00	77.75	92.42	6.93	14.80	0	55593	0	665	0	0	0	0	56258	259.46	118.55	87.69	384.04	148.19	418.21	121.88	1.68	25.00	21.01
7/28/2016 12:11:29 PM	0.00	53.15	0.00	21.48	0.00	0.00	0.00	0.00	74.63	93.99	7.00	14.65	0	53150	0	644	0	0	0	0	53794	263.88	113.79	84.65	369.17	143.82	399.41	118.32	1.69	24.98	20.99
7/28/2016 12:11:32 PM	0.00	45.29	0.00	20.27	0.00	0.00	0.00	0.00	65.56	95.71	7.08	13.78	0	45288	0	608	0	0	0	0	45896	268.71	103.17	74.81	313.59	130.76	355.68	107.29	1.69	24.93	21.00
7/28/2016 12:11:35 PM	0.00	49.94	0.00	19.18	0.00	0.00	0.00	0.00	69.11	95.13	7.14	13.97	0	49935	0	575	0	0	0	0	50511	267.08	103.08	78.34	346.31	134.33	368.34	105.89	1.70	24.89	21.00
7/28/2016 12:11:37 PM	0.00	48.23	0.00	18.02	0.00	0.00	0.00	0.17	66.25	96.05	7.16	13.89	0	48228	0	541	0	0	0	0	48769	269.67	96.71	77.65	334.85	131.95	351.90	102.58	1.70	24.84	20.97
7/28/2016 12:11:40 PM	0.00	43.04	0.00	16.86	0.00	0.00	0.00	0.27	59.90	96.49	7.22	14.16	0	43039	0	506	0	0	0	0	43545	270.89	89.40	68.35	299.22	123.26	319.90	96.02	1.71	24.79	20.99
7/28/2016 12:11:43 PM	0.00	35.60	0.00	13.96	0.00	0.00	0.00	0.56	49.55	97.73	7.31	13.38	0	35599	0	419	0	0	0	0	36018	274.38	72.68	53.70	245.46	109.66	269.06	83.36	1.72	24.76	20.96
7/28/2016 12:11:46 PM	0.00	35.54	0.00	14.24	0.00	0.00	0.00	0.64	49.78	96.93	7.36	13.26	0	35543	0	427	0	0	0	0	35971	272.14	72.72	54.56	243.13	113.05	273.25	84.44	1.72	24.70	20.96
7/28/2016 12:11:49 PM	1.02	38.78	0.00	13.31	0.00	0.00	0.00	0.65	53.11	96.99	7.42	13.65	540	38776	0	399	0	0	0	0	39715	272.30	75.14	58.36	266.84	117.01	281.95	86.68	1.73	24.68	21.00
7/28/2016 12:11:51 PM	0.83	38.23	0.00	13.89	0.00	0.00	0.00	0.77	52.95	97.04	7.49	13.81	440	38233	0	417	0	0	0	0	39089	272.43	75.37	56.88	262.63	120.47	284.36	89.76	1.73	24.61	20.93
7/28/2016 12:11:54 PM	0.00	30.90	0.00	12.03	0.00	0.00	0.00	0.80	42.93	98.07	7.60	13.05	0	30898	0	361	0	0	0	0	31259	275.32	62.69	46.55	212.14	102.02	235.06	75.04	1.74	24.57	20.94
7/28/2016 12:11:57 PM	0.45	29.48	0.00	10.78	0.00	0.00	0.00	0.92	40.72	98.75	7.68	11.96	240	29480	0	323	0	0	0	0	30044	277.26	58.75	43.99	202.16	100.09	220.98	71.89	1.75	24.53	20.91
7/28/2016 12:12:00 PM	0.00	29.65	0.00	10.59	0.00	0.00	0.00	0.97	40.23	98.69	7.78	12.37	0	29646	0	318	0	0	0	0	29964	277.07	57.61	43.77	201.82	99.05	221.16	69.28	1.76	24.47	20.91
7/28/2016 12:12:03 PM	0.03	30.53	0.00	9.24	0.00	0.00	0.00	0.95	39.81	99.31	7.87	12.25	16	30533	0	277	0	0	0	0	30827	278.82	54.84	43.27	205.37	95.20	218.62	62.74	1.77	24.42	20.90
7/28/2016 12:12:05 PM	0.49	30.79	0.00	8.60	0.00	0.00	0.00	1.01	39.87	99.46	7.94	11.91	259	30789	0	258	0	0	0	0	31305	279.24	53.85	42.71	206.35	96.19	217.29	62.19	1.78	24.36	20.91
7/28/2016 12:12:08 PM	0.00	27.75	0.00	8.21	0.00	0.00	0.00	0.94	35.96	100.00	8.01	12.27	0	27753	0	246	0	0	0	0	28000	281.04	49.70	38.26	185.13	87.91	199.60	56.03	1.78	24.31	20.87
7/28/2016 12:12:11 PM	0.81	28.46	0.00	7.31	0.00	0.00	0.00	0.97	36.58	99.37	8.09	12.97	431	28455	0	219	0	0	0	0	29105	278.99	48.64	37.97	189.93	88.96	198.45	56.27	1.79	24.26	20.84
7/28/2016 12:12:14 PM	0.86	31.10	0.00	7.83	0.00	0.00	0.00	1.00	39.79	99.57	8.14	13.17	456	31097	0	235	0	0	0	0	31788	279.56	51.96	42.12	207.05	95.27	215.87	60.09	1.80	24.22	20.82
7/28/2016 12:12:16 PM	0.33	28.03	0.00	7.42	0.00	0.00	0.00	1.05	35.77	99.88	8.21	13.32	173	28027	0	223	0	0	0	0	28423	280.43	47.44	38.09	186.24	88.95	197.17	55.35	1.80	24.16	20.81
7/28/2016 12:12:19 PM	0.00	23.73	0.00	6.85	0.00	0.00	0.00	0.98	30.58	100.00	8.17	12.27	0	23725	0	206	0	0	0	0	23931	284.26	42.09	32.94	158.05	78.55	170.40	48.90	1.80	24.11	20.82
7/28/2016 12:12:22 PM	0.00	25.76	0.00	7.11	0.00	0.00	0.00	1.00	32.86	100.00	8.29	11.15	0	25756	0	213	0	0	0	0	25969	282.43	44.32	35.01	170.63	82.61	183.46	50.81	1.81	24.05	20.84
7/28/2016 12:12:25 PM	0.00	25.13	0.00	7.11	0.00	0.00	0.00	0.95	32.24	100.00	8.40	10.55	0	25132	0	213	0	0	0	0	25346	282.32	43.93	34.64	165.87	80.87	180.84	49.30	1.82	23.99	20.81
7/28/2016 12:12:28 PM	0.00	27.28	0.00	7.21	0.00	0.00	0.00	0.90	34.49	100.00	8.50	10.80	0	27277	0	216	0	0	0	0	27494	282.35	45.80	36.69	178.37	83.30	194.25	49.44	1.83	23.95	20.78
7/28/2016 12:12:30 PM	0.00	28.87	0.00	7.33	0.00	0.00	0.00	0.97	36.21	100.00	8.58	10.76	0	28874	0	220	0	0	0	0	29094	280.85	47.95	39.16	189.72	87.17	202.10	51.63	1.84	23.89	20.75
7/28/2016 12:12:33 PM	0.00	29.42	0.00	7.12	0.00	0.00	0.00	0.97	36.54	100.00	8.66	11.23	0	29417	0	214	0	0	0	0	29630	281.57	47.63	39.57	193.34	86.93	203.25	51.15	1.85	23.82	20.73
7/28/2016 12:12:36 PM	0.00	28.71	0.00	7.20	0.00	0.00	0.00	0.95	35.92	100.00	8.74	11.54	0	28715	0	216	0	0	0	0	28931	282.29	46.95	38.68	187.69	86.23	201.59	50.52	1.86	23.75	20.69
7/28/2016 12:12:39 PM	0.00	29.93	0.00	7.07	0.00	0.00	0.00	0.97	37.00	100.00	8.82	11.68	0	29927	0	212	0	0	0	0	30139	281.28	47.82	40.44	195.01	87.92	207.38	50.16	1.86	23.71	20.72
7/28/2016 12:12:42 PM	0.00	29.49	0.00	7.04	0.00	0.00	0.00	1.05	36.53	100.00	8.89	11.49	0	29486	0	211	0	0	0	0	29697	281.77	47.53	39.21	192.97	88.68	204.22	51.31	1.87	23.66	20.66
7/28/2016 12:12:44 PM	0.00	31.69	0.00	7.21	0.00	0.00	0.00	1.09	38.90	100.00	8.98	11.32	0	31690	0	216	0	0	0	0	31907	281.40	49.77	41.49	206.99	93.08	217.21	53.36	1.88	23.60	20.69
7/28/2016 12:12:47 PM	0.00	31.75	0.00	7.09	0.00	0.00	0.00	1.09	38.84	99.90	9.04	11.23	0	31751	0	213	0	0	0	0	31963	280.49	50.21	40.81	208.46	92.54	215.40	53.37	1.89	23.53	20.65
7/28/2016 12:12:50 PM	0.00	31.14	0.00	7.90	0.00	0.00	0.00	1.07	39.04	99.92	9.12	11.28	0	31141	0	237	0	0	0	0	31378	280.52	51.64	42.21	203.64	94.68	218.86	55.36	1.89	23.47	20.63
7/28/2016 12:12:53 PM	0.00	32.20	0.00	7.84	0.00	0.00	0.00	0.99	40.04	99.23	9.21	11.02	0	32199	0	235	0	0	0	0	32435	278.60	52.18	43.55	209.83	94.26	224.46	54.31	1.90	23.41	20.60
7/28/2016 12:12:56 PM	0.00	35.05	0.00	7.64	0.00	0.00	0.00	0.95	42.69	98.69	9.29	11.35	0	35047	0	229	0	0	0	0	35277	277.07	54.45	45.58	225.38	96.98	240.99	52.40	1.91	23.35	20.61
7/28/2016 12:12:58 PM	0.00	35.21	0.00	7.21	0.00	0.00	0.00	1.02	42.41	99.08	9.37	11.37	0	35207	0	216	0	0	0	0	35423	278.16	52.99	45.09	228.28	96.42	236.81	53.00	1.92	23.29	20.58
7/28/2016 12:13:01 PM	0.00	32.60	0.00	6.92	0.00	0.00	0.00	1.02	39.52	99.59	9.47	10.68	0	32599	0	208	0	0	0	0	32807	279.61	50.45	42.41	211.79	91.93	220.75	50.63	1.93	23.23	20.55
7/28/2016 12:13:04 PM	0.00	32.96	0.00	7.38	0.00	0.00	0.00	0.89	40.34	98.96	9.55	10.38	0	32962	0	221	0	0	0	0	33183	277.82	51.52	44.33	212.07	91.91	227.81	49.78	1.94	23.17	20.50
7/28/2016 12:13:07 PM	0.00	32.17	0.00	7.28	0.00	0.00	0.00	0.90	39.45	98.97	9.66	10.69	0	32170	0	218	0	0	0	0	32389	277.87	50.50	42.21	206.23	90.98	224.15	49.14	1.95	23.09	20.50
7/28/2016 12:13:09 PM	0.00	33.87	0.00	6.89	0.00	0.00	0.00	0.97	40.76	99.04	9.75	10.64	0	33874	0	207	0	0	0	0	34080	278.05	51.00	42.98	217.38	92.96	230.20	49.22	1.96	23.03	20.48
7/28/2016 12:13:12 PM	0.00	34.10	0.00	6.31	0.00	0.00	0.00	1.01	40.41	98.97	9.86	10.16	0	34096	0	189	0	0	0	0	34285	277.87	49.76	42.43	219.49	91.63	226.57	47.84	1.97	22.98	20.47
7/28/2016 12:13:15 PM	0.00	34.11	0.00	6.76	0.00	0.00	0.00	0.92	40.87	98.48	9.94	9.67	0	34106	0	203	0	0	0	0	34309	276.50	50.74	43.57	218.16	91.83	231.13	47.69	1.97	22.91	20.44
7/28/2016 12:13:18 PM	0.00	35.86	0.00	7.41	0.00	0.00	0.00	0.85	43.27	98.55	10.00	9.79	0	35865	0	222	0	0	0	0	36087	276.69	53.98	46.84	227.65	95.74	246.73	48.90	1.98	22.84	20.42
7/28/2016 12:13:21 PM	0.00	35.60	0.00	7.18	0.00	0.00	0.00	0.85	42.78	98.81	10.11	9.94	0	35600	0	215	0	0	0	0	35815	277.41	53.48	45.51	226.96	94.19	242.63	48.52	1.99	22.77	20.44
7/28/2016 12:13:23 PM	0.00	37.95	0.00	7.28	0.00	0.00	0.00	0.84	45.23	98.03	10.22	9.74	0	37947	0	218	0	0	0	0	38166	275.22	55.27	48.32	240.18	97.73	257.72	48.72	2.00	22.71	20.39
7/28/2016 12:13:26 PM	0.00	38.80	0.00	7.53	0.00	0.00	0.00	0.85	46.33	97.20	10.32	9.63	0	38799	0	226	0	0	0	0	39025	272.89	56.69	49.90	245.72	100.12	263.79	50.12	2.01	22.65	20.41
7/28/2016 12:13:29 PM	0.00	38.12	0.00	8.05	0.00	0.00	0.00	0.72	46.17	97.57	10.38	9.75	0	38116	0	242	0	0	0	0	38357	273.92	58.08	49.38	239.46	98.98	265.83	49.03	2.02	22.57	20.34
7/28/2016 12:13:32 PM	0.00	41.64	0.00	7.43	0.00	0.00	0.00	0.93	49.08	98.00	10.46	10.43	0	41642	0	223	0	0	0	0	41865	275.14	58.89	52.84	264.96	104.87	276.94	52.37	2.03	22.51	20.31
7/28/2016 12:13:35 PM	0.00	37.51	0.00	6.54	0.00	0.00	0.00	0.92	44.05	98.36	10.62	10.18	0	37509	0	196	0	0	0	0	37706	276.14	52.91	47.03	239.11	95.65	248.35	47.68	2.04	22.45	20.28
7/28/2016 12:13:37 PM	0.00	40.29	0.00	7.54	0.00	0.00	0.00	0.80	47.83	97.16	10.73	9.16	0	40286	0	226	0	0	0	0	40513	272.78	58.44	51.49	255.70	100.90	270.94	50.19	2.05	22.38	20.28
7/28/2016 12:13:40 PM	0.00	42.56	0.00	8.02	0.00	0.00	0.00	0.71	50.58	95.93	10.77	8.87	0	42557	0	241	0	0	0	0	42798	269.31	61.14	54.91	269.62	103.80	286.75	51.69	2.06	22.34	20.24
7/28/2016 12:13:43 PM	0.00	45.59	0.00	8.08	0.00	0.00	0.00	0.86	53.67	96.26	10.85	9.25	0	45587	0	242	0	0	0	0	45829	270.26	64.79	57.99	290.10	111.08	301.97	55.03	2.06	22.25	20.23
7/28/2016 12:13:46 PM	0.00	43.30	0.00	7.48	0.00	0.00	0.00	0.89	50.78	96.63	10.97	9.20	0	43300	0	224	0	0	0	0	43524	271.30	60.98	54.12	274.84	106.59	286.66	52.08	2.07	22.18	20.21
7/28/2016 12:13:49 PM	0.00	46.24	0.00	8.09	0.00	0.00	0.00	0.87	54.33	95.83	11.07	9.12	0	46244	0	243	0	0	0	0	46487	269.05	65.27	58.31	294.17	112.29	305.72	55.55	2.08	22.12	20.15
7/28/2016 12:13:51 PM	0.00	45.42	0.00	8.54	0.00	0.00	0.00	0.80	53.96	96.15	11.17	9.39	0	45422	0	256	0	0	0	0	45678	269.93	64.89	58.08	287.38	111.71	306.38	55.70	2.09	22.05	20.14
7/28/2016 12:13:54 PM	0.00	44.84	0.00	8.18	0.00	0.00	0.00	0.78	53.02	95.69	11.26	9.29	0	44838	0	246	0	0	0	0	45083	268.64	64.43	58.06	285.00	108.89	298.80	53.86	2.10	22.00	20.13
7/28/2016 12:13:57 PM	0.00	50.50	0.00	8.89	0.00	0.00	0.00	0.86	59.38	94.68	11.38	8.99	0	50496	0	267	0	0	0	0	50762	265.81	71.11	62.98	321.07	120.67	334.16	60.14	2.11	21.92	20.08
7/28/2016 12:14:00 PM	0.00	50.64	0.00	8.85	0.00	0.00	0.00	0.88	59.49	94.90	11.49	9.03	0	50643	0	265	0	0	0	0	50908	266.42	71.11	62.82	320.73	121.53	336.22	59.58	2.13	21.85	20.04
7/28/2016 12:14:02 PM	0.00	52.16	0.00	8.94	0.00	0.00	0.00	0.90	61.10	94.37	11.59	9.00	0	52162	0	268	0	0	0	0	52431	264.94	72.54	64.69	329.04	124.51	346.48	59.79	2.14	21.79	20.02
