Date/Time	Green Algae	Bluegreen	Diatoms	Cryptophyta	#5	#6	#7	Yellow substances	Total conc.	Transmission	Depth	Temp. Sample	Green Algae	Bluegreen	Diatoms	Cryptophyta	#5	#6	#7	Yellow substances	Total cell count	Trans. 700 nm	LED 3 [525 nm]	LED 4 [570 nm]	LED 5 [610 nm]	LED 6 [370 nm]	LED 7 [590 nm]	LED 8 [470 nm]	Pressure	Temp. LEDs	Temp. Sensor
date	µg/l	µg/l	µg/l	µg/l	µg/l	µg/l	µg/l	r.u.	µg/l	%	m	°C	cells/ml	cells/ml	cells/ml	cells/ml	cells/ml	cells/ml	cells/ml	r.u.	cells/ml	digits	digits	digits	digits	digits	digits	digits	bar	°C	°C
10/5/2018 1:59:12 PM	5.29	0.10	3.20	1.01	0.00	0.00	0.00	0.40	9.60	86.16	0.18	48.73	2805	96	1442	30	0	0	0	0	4373	150.18	15.51	3.80	11.70	18.95	15.50	38.43	1.02	43.20	14.54
10/5/2018 1:59:14 PM	5.68	0.63	4.43	0.00	0.00	0.00	0.00	0.24	10.74	85.56	0.20	48.81	3012	626	1995	0	0	0	0	0	5633	149.14	15.61	2.56	13.12	18.57	15.56	39.55	1.02	43.31	14.54
10/5/2018 1:59:17 PM	4.91	0.00	3.64	0.98	0.00	0.00	0.00	0.24	9.52	85.26	0.22	48.89	2602	0	1637	29	0	0	0	0	4268	148.61	15.66	4.63	11.56	17.35	14.51	37.63	1.02	43.36	14.53
10/5/2018 1:59:19 PM	5.07	0.00	3.72	1.10	0.00	0.00	0.00	0.32	9.89	86.07	0.23	48.94	2689	0	1675	33	0	0	0	0	4397	150.02	16.44	4.54	10.73	18.63	16.14	39.97	1.02	43.40	14.54
10/5/2018 1:59:22 PM	3.87	0.53	5.72	0.00	0.00	0.00	0.00	0.30	10.12	85.62	0.27	48.62	2049	526	2576	0	0	0	0	0	5151	149.25	17.77	4.06	14.59	18.81	12.60	39.84	1.03	43.47	14.57
10/5/2018 1:59:24 PM	6.37	0.09	2.97	1.22	0.00	0.00	0.00	0.38	10.65	85.96	0.44	48.00	3375	91	1336	37	0	0	0	0	4838	149.84	16.25	3.30	12.49	20.16	17.47	41.58	1.04	43.55	14.55
10/5/2018 1:59:26 PM	4.06	0.00	4.87	1.18	0.00	0.00	0.00	0.43	10.11	85.57	0.62	47.64	2154	0	2190	35	0	0	0	0	4379	149.15	19.26	4.66	12.05	20.56	16.66	42.86	1.06	43.61	14.57
10/5/2018 1:59:29 PM	4.61	0.60	5.47	0.19	0.00	0.00	0.00	0.39	10.88	85.97	0.73	47.32	2445	603	2463	6	0	0	0	0	5517	149.86	18.37	4.21	13.87	20.73	16.19	42.76	1.07	43.66	14.58
10/5/2018 1:59:31 PM	4.19	0.74	6.69	0.00	0.00	0.00	0.00	0.15	11.61	86.14	0.85	47.07	2220	739	3009	0	0	0	0	0	5968	150.15	19.99	3.82	15.34	19.46	16.31	43.95	1.08	43.72	14.58
10/5/2018 1:59:33 PM	6.50	0.00	4.34	1.07	0.00	0.00	0.00	0.15	11.92	86.14	0.94	46.79	3444	0	1955	32	0	0	0	0	5432	150.15	18.36	4.77	13.20	20.05	17.46	45.66	1.09	43.77	14.60
10/5/2018 1:59:36 PM	4.94	0.00	4.55	1.29	0.00	0.00	0.00	0.49	10.79	85.33	1.01	46.67	2621	0	2047	39	0	0	0	0	4707	148.74	19.38	6.69	13.36	22.01	16.51	45.22	1.10	43.82	14.59
10/5/2018 1:59:38 PM	5.30	0.30	5.28	0.92	0.00	0.00	0.00	0.29	11.80	85.46	1.08	46.72	2808	301	2375	28	0	0	0	0	5512	148.96	20.07	5.15	14.63	21.38	17.97	46.39	1.11	43.88	14.62
10/5/2018 1:59:41 PM	5.23	0.24	6.40	0.40	0.00	0.00	0.00	0.15	12.27	85.90	1.14	46.71	2772	238	2881	12	0	0	0	0	5903	149.74	20.68	4.37	13.96	20.81	16.95	47.67	1.11	43.91	14.60
10/5/2018 1:59:43 PM	6.69	0.00	5.21	0.83	0.00	0.00	0.00	0.08	12.73	85.85	1.24	46.69	3544	0	2346	25	0	0	0	0	5916	149.65	19.63	4.34	13.37	20.62	17.88	48.46	1.12	43.99	14.62
10/5/2018 1:59:45 PM	5.57	0.50	6.84	0.00	0.00	0.00	0.00	0.24	12.91	85.71	1.36	46.60	2950	501	3078	0	0	0	0	0	6529	149.40	21.22	3.46	15.05	22.45	17.39	49.74	1.13	44.01	14.63
10/5/2018 1:59:48 PM	6.07	0.36	6.67	0.60	0.00	0.00	0.00	0.05	13.70	86.20	1.48	46.44	3215	359	3003	18	0	0	0	0	6595	150.26	22.27	5.68	16.19	21.89	18.81	51.69	1.14	44.09	14.62
10/5/2018 1:59:50 PM	4.98	0.26	7.65	0.73	0.00	0.00	0.00	0.30	13.62	85.78	1.56	46.14	2640	263	3443	22	0	0	0	0	6368	149.52	24.97	5.65	16.06	24.74	19.48	55.05	1.15	44.13	14.62
10/5/2018 1:59:52 PM	4.17	0.33	9.01	0.50	0.00	0.00	0.00	0.24	14.02	86.43	1.64	45.94	2210	334	4057	15	0	0	0	0	6616	150.66	26.95	5.61	16.43	24.94	19.78	56.98	1.16	44.17	14.63
10/5/2018 1:59:55 PM	4.67	0.36	8.35	0.37	0.00	0.00	0.00	0.31	13.75	86.26	1.72	46.10	2475	358	3759	11	0	0	0	0	6604	150.35	25.41	5.66	16.17	25.01	18.85	55.64	1.17	44.23	14.64
10/5/2018 1:59:57 PM	4.87	0.38	8.44	0.51	0.00	0.00	0.00	0.29	14.20	85.68	1.80	46.35	2583	376	3797	15	0	0	0	0	6771	149.35	26.17	5.61	16.69	25.47	19.94	57.12	1.18	44.26	14.64
10/5/2018 2:00:00 PM	5.41	0.60	9.39	0.00	0.00	0.00	0.00	0.12	15.40	86.16	1.90	46.34	2866	599	4226	0	0	0	0	0	7690	150.19	26.99	4.49	17.66	25.40	20.59	59.51	1.19	44.28	14.65
10/5/2018 2:00:02 PM	5.31	0.33	9.34	0.40	0.00	0.00	0.00	0.18	15.38	86.02	1.98	46.01	2814	334	4203	12	0	0	0	0	7363	149.94	27.91	5.96	17.52	26.31	20.53	61.13	1.19	44.33	14.65
10/5/2018 2:00:04 PM	5.88	0.30	9.55	0.65	0.00	0.00	0.00	0.33	16.38	85.84	2.03	45.89	3116	300	4296	20	0	0	0	0	7731	149.63	29.95	6.05	18.54	29.47	22.47	66.22	1.20	44.37	14.65
10/5/2018 2:00:07 PM	4.90	0.19	10.14	0.65	0.00	0.00	0.00	0.17	15.88	86.07	2.11	46.16	2598	195	4562	19	0	0	0	0	7374	150.03	30.26	5.84	17.69	27.30	21.81	64.29	1.21	44.40	14.64
10/5/2018 2:00:09 PM	4.52	0.29	10.10	0.60	0.00	0.00	0.00	0.23	15.51	85.51	2.17	46.30	2398	286	4543	18	0	0	0	0	7246	149.05	30.01	5.84	17.67	27.30	21.65	63.20	1.21	44.46	14.65
10/5/2018 2:00:11 PM	4.90	0.32	10.98	0.38	0.00	0.00	0.00	0.31	16.58	85.64	2.23	46.36	2596	325	4940	11	0	0	0	0	7873	149.28	31.90	5.88	18.51	29.80	22.35	67.97	1.22	44.49	14.66
10/5/2018 2:00:14 PM	4.73	0.48	10.83	0.54	0.00	0.00	0.00	0.24	16.58	85.99	2.28	46.36	2508	482	4875	16	0	0	0	0	7880	149.90	31.92	5.80	19.13	29.01	23.49	67.00	1.22	44.52	14.67
10/5/2018 2:00:16 PM	4.52	0.48	11.10	0.23	0.00	0.00	0.00	0.27	16.33	85.65	2.35	46.26	2394	482	4993	7	0	0	0	0	7876	149.29	31.52	5.97	18.72	28.95	22.12	66.38	1.23	44.56	14.67
10/5/2018 2:00:19 PM	5.96	0.20	9.85	0.99	0.00	0.00	0.00	0.18	17.00	85.93	2.44	45.84	3160	195	4433	30	0	0	0	0	7818	149.78	31.28	6.95	19.32	29.11	23.40	68.07	1.24	44.59	14.67
10/5/2018 2:00:21 PM	6.00	0.36	11.34	0.63	0.00	0.00	0.00	0.13	18.33	85.76	2.51	45.52	3181	357	5104	19	0	0	0	0	8662	149.49	33.77	6.40	20.39	30.61	24.76	72.78	1.25	44.61	14.67
10/5/2018 2:00:23 PM	6.03	0.26	11.06	0.86	0.00	0.00	0.00	0.12	18.21	85.46	2.57	45.61	3196	263	4977	26	0	0	0	0	8462	148.97	33.71	7.24	20.53	30.47	24.57	72.58	1.25	44.66	14.67
10/5/2018 2:00:26 PM	5.17	0.47	12.26	0.42	0.00	0.00	0.00	0.18	18.32	85.86	2.61	45.62	2742	470	5516	13	0	0	0	0	8741	149.66	35.04	6.49	20.65	31.25	24.74	73.68	1.26	44.67	14.67
10/5/2018 2:00:28 PM	5.98	0.52	12.19	0.35	0.00	0.00	0.00	0.09	19.04	85.55	2.66	45.56	3167	519	5485	11	0	0	0	0	9182	149.12	34.92	6.95	21.46	31.29	24.97	74.96	1.26	44.71	14.71
10/5/2018 2:00:30 PM	6.19	0.30	11.54	0.86	0.00	0.00	0.00	0.17	18.90	85.80	2.73	45.15	3283	297	5194	26	0	0	0	0	8799	149.56	35.13	7.63	21.38	32.08	25.36	75.66	1.27	44.73	14.69
10/5/2018 2:00:33 PM	5.03	0.65	12.33	0.32	0.00	0.00	0.00	0.26	18.34	85.70	2.80	44.80	2663	654	5550	10	0	0	0	0	8877	149.38	35.20	6.59	21.26	31.99	25.14	73.85	1.27	44.75	14.67
10/5/2018 2:00:35 PM	5.33	0.69	12.73	0.00	0.00	0.00	0.00	0.19	18.74	85.56	2.86	44.66	2823	686	5727	0	0	0	0	0	9236	149.14	35.18	6.47	21.58	31.85	24.28	74.58	1.28	44.78	14.70
10/5/2018 2:00:38 PM	5.75	0.22	11.91	0.97	0.00	0.00	0.00	0.17	18.85	85.88	2.92	44.61	3045	221	5360	29	0	0	0	0	8656	149.70	36.05	7.30	21.09	32.15	25.80	76.27	1.29	44.78	14.71
10/5/2018 2:00:40 PM	5.25	0.59	12.84	0.25	0.00	0.00	0.00	0.23	18.93	85.96	2.99	44.78	2781	587	5778	8	0	0	0	0	9154	149.84	36.17	7.13	21.66	32.71	25.02	76.22	1.29	44.80	14.69
10/5/2018 2:00:42 PM	6.03	0.54	12.24	0.84	0.00	0.00	0.00	0.26	19.66	85.49	3.04	44.91	3198	541	5510	25	0	0	0	0	9274	149.02	37.11	7.61	22.83	34.11	27.30	78.94	1.30	44.85	14.68
10/5/2018 2:00:45 PM	6.36	0.28	12.56	1.11	0.00	0.00	0.00	0.21	20.31	85.28	3.12	44.94	3372	284	5652	33	0	0	0	0	9341	148.65	38.57	7.78	22.81	34.89	27.93	82.08	1.31	44.85	14.69
10/5/2018 2:00:47 PM	7.41	0.67	13.73	0.75	0.00	0.00	0.00	0.08	22.56	85.60	3.19	44.96	3930	667	6179	22	0	0	0	0	10798	149.21	40.81	8.59	25.83	36.70	30.00	88.10	1.31	44.89	14.71
10/5/2018 2:00:49 PM	6.28	0.60	14.22	1.05	0.00	0.00	0.00	0.26	22.15	85.17	3.32	44.62	3327	597	6400	31	0	0	0	0	10356	148.45	42.72	8.50	25.63	38.28	30.92	89.40	1.32	44.90	14.67
10/5/2018 2:00:52 PM	7.66	0.73	13.70	0.96	0.00	0.00	0.00	0.13	23.04	85.33	3.42	44.32	4061	729	6163	29	0	0	0	0	10981	148.73	41.71	8.99	26.80	37.90	31.29	90.07	1.34	44.92	14.69
10/5/2018 2:00:54 PM	7.80	0.77	14.49	0.87	0.00	0.00	0.00	0.18	23.92	85.24	3.55	44.31	4132	765	6521	26	0	0	0	0	11445	148.58	43.64	8.40	27.34	39.84	32.63	94.04	1.35	44.92	14.70
10/5/2018 2:00:57 PM	9.36	0.81	14.75	1.46	0.00	0.00	0.00	0.10	26.38	85.65	3.68	44.09	4961	808	6639	44	0	0	0	0	12451	149.29	46.83	10.22	30.70	42.76	36.33	102.18	1.36	44.94	14.71
10/5/2018 2:00:59 PM	8.78	0.76	15.36	1.50	0.00	0.00	0.00	0.22	26.39	84.98	3.78	43.94	4654	756	6910	45	0	0	0	0	12364	148.12	48.35	9.98	30.54	44.24	36.76	104.09	1.37	44.96	14.69
10/5/2018 2:01:01 PM	8.60	0.79	14.66	1.53	0.00	0.00	0.00	0.28	25.57	84.96	3.88	43.94	4559	786	6596	46	0	0	0	0	11986	148.09	46.84	9.97	30.02	43.46	36.01	101.06	1.38	44.97	14.70
10/5/2018 2:01:04 PM	8.94	1.04	15.47	1.55	0.00	0.00	0.00	0.23	26.99	85.10	3.95	43.96	4738	1040	6960	46	0	0	0	0	12784	148.34	49.10	10.77	32.34	45.04	38.20	105.47	1.39	44.98	14.69
10/5/2018 2:01:06 PM	8.05	1.14	16.92	1.54	0.00	0.00	0.00	0.28	27.64	84.64	4.00	43.80	4265	1138	7613	46	0	0	0	0	13062	147.54	52.25	10.93	33.32	46.84	39.67	109.40	1.39	44.98	14.71
10/5/2018 2:01:09 PM	8.91	1.01	16.71	1.57	0.00	0.00	0.00	0.20	28.20	84.58	4.07	43.99	4720	1010	7521	47	0	0	0	0	13298	147.42	52.10	10.72	33.25	46.89	39.84	110.77	1.40	45.00	14.71
10/5/2018 2:01:11 PM	9.29	1.19	17.03	1.76	0.00	0.00	0.00	0.22	29.27	84.60	4.13	44.11	4925	1189	7662	53	0	0	0	0	13829	147.47	53.83	11.59	35.23	48.61	41.84	114.39	1.40	45.02	14.70
10/5/2018 2:01:13 PM	8.81	1.52	18.01	1.19	0.00	0.00	0.00	0.27	29.52	84.79	4.21	43.87	4668	1517	8102	36	0	0	0	0	14323	147.79	54.53	11.47	35.99	49.41	41.69	115.21	1.41	45.02	14.72
10/5/2018 2:01:16 PM	9.23	1.07	16.67	1.82	0.00	0.00	0.00	0.23	28.78	84.91	4.27	43.57	4891	1066	7501	55	0	0	0	0	13512	148.01	53.07	11.49	34.45	48.09	41.09	112.97	1.42	45.05	14.71
10/5/2018 2:01:18 PM	8.63	1.24	16.09	1.62	0.00	0.00	0.00	0.39	27.58	85.06	4.32	43.60	4574	1237	7241	49	0	0	0	0	13101	148.27	51.23	11.13	33.76	47.59	39.95	108.90	1.42	45.03	14.73
10/5/2018 2:01:20 PM	8.85	1.29	16.31	1.67	0.00	0.00	0.00	0.32	28.13	84.56	4.38	44.11	4693	1295	7338	50	0	0	0	0	13376	147.40	51.91	11.56	34.60	47.73	40.67	110.29	1.43	45.05	14.71
10/5/2018 2:01:23 PM	8.24	1.22	15.50	1.44	0.00	0.00	0.00	0.34	26.40	84.78	4.45	44.40	4365	1216	6975	43	0	0	0	0	12600	147.78	48.90	10.38	32.25	45.20	38.25	103.88	1.44	45.05	14.71
10/5/2018 2:01:25 PM	6.90	1.08	13.28	1.27	0.00	0.00	0.00	0.44	22.54	85.04	4.50	44.16	3657	1082	5976	38	0	0	0	0	10753	148.23	42.39	9.28	28.10	40.16	33.31	89.84	1.44	45.04	14.72
10/5/2018 2:01:28 PM	7.61	1.18	11.54	0.99	0.00	0.00	0.00	0.34	21.32	85.36	4.56	44.07	4035	1176	5193	30	0	0	0	0	10434	148.79	37.52	8.81	26.86	36.67	30.92	82.39	1.45	45.05	14.71
10/5/2018 2:01:30 PM	7.32	0.86	9.33	1.32	0.00	0.00	0.00	0.43	18.83	85.25	4.57	44.02	3881	862	4198	40	0	0	0	0	8981	148.60	33.06	8.01	23.79	33.72	28.31	73.77	1.45	45.07	14.71
10/5/2018 2:01:32 PM	6.42	0.97	10.48	1.14	0.00	0.00	0.00	0.39	19.01	85.06	4.61	43.72	3400	974	4715	34	0	0	0	0	9124	148.26	34.72	8.17	24.24	33.82	28.56	74.90	1.45	45.07	14.72
10/5/2018 2:01:35 PM	6.13	1.38	9.39	0.43	0.00	0.00	0.00	0.37	17.34	85.32	4.65	43.57	3251	1385	4226	13	0	0	0	0	8874	148.72	29.99	6.97	23.06	30.40	26.06	66.03	1.46	45.08	14.70
10/5/2018 2:01:37 PM	6.21	1.44	7.02	0.40	0.00	0.00	0.00	0.49	15.06	85.05	4.65	43.51	3291	1436	3158	12	0	0	0	0	7896	148.25	24.59	6.24	21.05	27.64	23.57	56.65	1.46	45.07	14.71
10/5/2018 2:01:39 PM	5.72	0.89	5.44	0.99	0.00	0.00	0.00	0.42	13.04	85.96	4.73	43.14	3034	891	2450	30	0	0	0	0	6403	149.84	21.79	5.28	17.74	24.17	21.73	50.02	1.46	45.08	14.69
10/5/2018 2:01:42 PM	5.60	0.99	5.26	1.79	0.00	0.00	0.00	0.41	13.65	85.69	4.80	42.95	2970	988	2367	54	0	0	0	0	6379	149.37	23.81	6.97	19.99	24.99	24.68	52.26	1.47	45.08	14.70
10/5/2018 2:01:44 PM	7.75	2.19	4.66	6.93	0.00	0.00	0.00	0.33	21.52	84.69	4.92	42.94	4108	2186	2097	208	0	0	0	0	8598	147.63	40.55	15.63	38.64	36.20	50.95	78.92	1.48	45.07	14.70
10/5/2018 2:01:47 PM	8.40	5.10	6.50	9.91	0.00	0.00	0.00	0.41	29.91	83.48	4.99	41.31	4453	5102	2923	297	0	0	0	0	12776	145.52	57.25	24.41	61.53	48.57	77.05	103.87	1.49	45.07	14.71
10/5/2018 2:01:49 PM	8.00	5.60	5.72	9.10	0.00	0.00	0.00	0.61	28.41	83.58	5.06	40.38	4241	5600	2573	273	0	0	0	0	12686	145.69	53.58	21.95	60.27	47.58	75.69	97.28	1.50	45.07	14.73
10/5/2018 2:01:51 PM	9.84	7.69	5.56	6.53	0.00	0.00	0.00	0.40	29.61	84.02	5.16	40.29	5213	7685	2502	196	0	0	0	0	15596	146.46	47.38	20.42	64.94	44.86	75.55	90.21	1.51	45.07	14.69
10/5/2018 2:01:54 PM	9.80	8.16	5.68	6.54	0.00	0.00	0.00	0.45	30.18	83.75	5.25	39.64	5196	8159	2557	196	0	0	0	0	16108	145.99	48.21	20.80	67.16	45.87	77.81	91.23	1.51	45.04	14.69
10/5/2018 2:01:56 PM	10.23	13.13	7.02	1.97	0.00	0.00	0.00	0.23	32.35	83.51	5.27	39.29	5424	13126	3160	59	0	0	0	0	21769	145.57	40.82	19.54	80.44	42.32	82.35	78.36	1.52	45.08	14.67
10/5/2018 2:01:58 PM	10.09	12.71	5.73	3.01	0.00	0.00	0.00	0.34	31.53	83.61	5.37	38.82	5347	12709	2577	90	0	0	0	0	20723	145.74	40.84	19.77	79.50	42.45	83.41	77.44	1.53	45.03	14.68
10/5/2018 2:02:01 PM	10.13	14.35	6.74	1.88	0.00	0.00	0.00	0.31	33.09	83.50	5.47	38.22	5368	14346	3031	57	0	0	0	0	22801	145.55	40.99	20.43	85.39	43.20	86.80	77.38	1.54	45.07	14.66
10/5/2018 2:02:03 PM	9.34	15.60	5.64	1.62	0.00	0.00	0.00	0.22	32.20	83.33	5.58	38.17	4949	15602	2538	49	0	0	0	0	23138	145.25	37.89	20.01	88.38	39.74	89.46	68.54	1.55	45.00	14.70
10/5/2018 2:02:06 PM	8.79	16.63	5.17	0.78	0.00	0.00	0.00	0.20	31.37	83.09	5.69	37.26	4661	16630	2325	23	0	0	0	0	23639	144.83	34.57	19.62	90.15	37.27	89.39	61.20	1.56	44.97	14.71
10/5/2018 2:02:08 PM	7.83	17.24	4.41	0.17	0.00	0.00	0.00	0.23	29.64	82.83	5.80	36.52	4148	17236	1983	5	0	0	0	0	23372	144.38	30.84	18.83	89.89	34.25	87.95	52.50	1.57	44.98	14.69
10/5/2018 2:02:10 PM	7.40	16.33	4.32	0.35	0.00	0.00	0.00	0.31	28.40	83.01	5.90	36.17	3921	16330	1946	10	0	0	0	0	22207	144.70	30.44	17.85	85.69	33.98	84.61	51.90	1.58	44.97	14.70
10/5/2018 2:02:13 PM	8.15	16.66	4.34	0.00	0.00	0.00	0.00	0.25	29.15	83.00	5.98	36.14	4317	16663	1952	0	0	0	0	0	22932	144.69	29.93	18.06	87.33	34.06	84.84	52.43	1.59	44.94	14.69
10/5/2018 2:02:15 PM	7.78	16.35	3.56	0.00	0.00	0.00	0.00	0.28	27.69	82.91	6.08	36.49	4122	16353	1602	0	0	0	0	0	22077	144.52	27.74	17.09	85.05	32.37	82.25	48.02	1.60	44.91	14.69
10/5/2018 2:02:17 PM	8.28	16.15	3.91	0.00	0.00	0.00	0.00	0.31	28.34	83.04	6.17	35.84	4389	16147	1760	0	0	0	0	0	22296	144.75	28.74	17.82	85.19	33.79	81.80	51.32	1.60	44.90	14.69
10/5/2018 2:02:20 PM	8.07	15.67	3.55	0.00	0.00	0.00	0.00	0.38	27.30	83.11	6.27	34.65	4279	15675	1596	0	0	0	0	0	21550	144.87	27.56	16.92	82.37	33.26	79.54	49.48	1.61	44.88	14.68
10/5/2018 2:02:22 PM	7.55	14.39	3.06	0.00	0.00	0.00	0.00	0.44	25.00	82.93	6.38	34.16	4003	14387	1376	0	0	0	0	0	19766	144.55	25.14	15.61	75.53	31.27	73.32	45.66	1.63	44.85	14.69
10/5/2018 2:02:25 PM	7.55	11.06	2.13	0.35	0.00	0.00	0.00	0.61	21.08	83.87	6.49	33.20	4000	11056	957	10	0	0	0	0	16022	146.20	21.71	12.62	60.22	29.54	60.07	43.35	1.64	44.83	14.66
10/5/2018 2:02:27 PM	8.11	9.89	1.96	0.41	0.00	0.00	0.00	0.69	20.37	84.22	6.55	32.42	4299	9886	883	12	0	0	0	0	15080	146.81	21.10	11.70	55.45	30.15	55.72	44.99	1.64	44.79	14.68
10/5/2018 2:02:29 PM	9.25	10.12	2.19	0.00	0.00	0.00	0.00	0.71	21.56	83.83	6.63	33.16	4904	10116	986	0	0	0	0	0	16006	146.13	21.37	11.83	57.90	31.81	55.04	48.07	1.65	44.78	14.67
10/5/2018 2:02:32 PM	9.00	8.42	2.15	0.00	0.00	0.00	0.00	0.88	19.57	84.48	6.68	32.65	4771	8418	966	0	0	0	0	0	14156	147.26	20.10	10.14	49.12	31.81	48.80	47.87	1.66	44.72	14.65
10/5/2018 2:02:34 PM	7.61	7.28	1.59	0.27	0.00	0.00	0.00	0.98	16.74	84.55	6.83	31.27	4034	7281	713	8	0	0	0	0	12037	147.38	18.07	9.10	42.81	29.48	43.47	42.51	1.67	44.71	14.66
10/5/2018 2:02:36 PM	7.59	6.73	1.19	0.60	0.00	0.00	0.00	0.95	16.11	84.40	6.86	31.14	4021	6733	537	18	0	0	0	0	11309	147.12	17.66	8.57	40.57	28.70	42.18	41.78	1.67	44.67	14.65
10/5/2018 2:02:39 PM	7.51	7.13	1.73	0.00	0.00	0.00	0.00	0.96	16.36	84.50	6.92	31.04	3978	7126	780	0	0	0	0	0	11884	147.28	17.37	8.67	41.79	28.84	41.55	41.46	1.68	44.63	14.66
10/5/2018 2:02:41 PM	7.76	6.63	1.33	0.43	0.00	0.00	0.00	0.97	16.14	84.64	7.00	31.99	4112	6625	599	13	0	0	0	0	11349	147.54	17.52	8.30	39.97	28.98	41.38	42.30	1.69	44.59	14.65
10/5/2018 2:02:44 PM	7.23	6.23	1.43	0.20	0.00	0.00	0.00	0.98	15.10	84.60	7.08	32.63	3833	6235	644	6	0	0	0	0	10717	147.47	16.42	8.06	37.54	27.83	38.25	40.02	1.69	44.54	14.64
10/5/2018 2:02:46 PM	6.56	5.23	1.36	0.02	0.00	0.00	0.00	1.03	13.17	84.68	7.10	30.90	3476	5228	612	1	0	0	0	0	9317	147.60	14.60	6.56	31.89	26.19	32.78	36.81	1.70	44.52	14.63
10/5/2018 2:02:48 PM	6.03	4.41	1.11	0.00	0.00	0.00	0.00	1.05	11.55	84.94	7.24	29.26	3194	4413	497	0	0	0	0	0	8105	148.06	13.01	5.69	27.72	24.56	28.32	33.78	1.71	44.47	14.64
10/5/2018 2:02:51 PM	5.86	4.44	1.10	0.09	0.00	0.00	0.00	1.05	11.50	84.99	7.34	28.47	3108	4442	497	3	0	0	0	0	8050	148.15	13.19	5.94	27.79	24.46	28.78	33.64	1.72	44.43	14.64
10/5/2018 2:02:53 PM	6.21	4.33	1.03	0.09	0.00	0.00	0.00	1.04	11.66	85.04	7.43	28.19	3292	4328	463	3	0	0	0	0	8086	148.24	13.09	5.84	27.47	24.63	28.50	34.29	1.73	44.39	14.64
10/5/2018 2:02:55 PM	6.10	4.58	1.26	0.00	0.00	0.00	0.00	1.03	11.94	84.94	7.53	28.66	3233	4584	567	0	0	0	0	0	8384	148.07	13.50	6.14	28.76	24.87	29.15	34.61	1.74	44.33	14.64
10/5/2018 2:02:58 PM	6.00	4.41	1.07	0.08	0.00	0.00	0.00	1.02	11.55	84.77	7.60	29.12	3178	4406	480	2	0	0	0	0	8066	147.77	13.03	5.94	27.67	24.25	28.59	33.59	1.74	44.26	14.62
10/5/2018 2:03:00 PM	5.93	4.20	1.00	0.04	0.00	0.00	0.00	1.02	11.17	84.81	7.69	29.38	3144	4200	448	1	0	0	0	0	7794	147.83	12.53	5.64	26.52	23.82	27.45	32.84	1.75	44.21	14.62
10/5/2018 2:03:03 PM	5.24	3.29	0.55	0.45	0.00	0.00	0.00	1.09	9.54	84.71	7.82	29.06	2776	3291	249	14	0	0	0	0	6330	147.66	11.82	4.83	22.30	22.82	24.41	30.74	1.77	44.17	14.62
10/5/2018 2:03:05 PM	4.40	2.76	0.69	0.12	0.00	0.00	0.00	1.05	7.97	84.52	7.93	27.53	2332	2762	310	4	0	0	0	0	5408	147.33	10.04	4.10	18.68	20.46	20.09	26.67	1.78	44.11	14.58
10/5/2018 2:03:07 PM	4.20	2.67	0.55	0.26	0.00	0.00	0.00	1.02	7.67	84.47	8.10	26.84	2224	2673	246	8	0	0	0	0	5151	147.24	9.85	3.98	18.22	19.74	19.97	25.68	1.79	44.06	14.59
10/5/2018 2:03:10 PM	3.89	2.41	0.50	0.29	0.00	0.00	0.00	1.02	7.10	84.31	8.22	26.93	2064	2412	227	9	0	0	0	0	4712	146.96	9.46	3.65	16.79	19.11	18.74	24.59	1.81	43.98	14.59
10/5/2018 2:03:12 PM	3.62	2.54	0.66	0.00	0.00	0.00	0.00	0.95	6.81	84.36	8.38	26.33	1918	2538	295	0	0	0	0	0	4751	147.05	8.66	3.75	16.81	17.85	17.71	22.58	1.82	43.92	14.58
10/5/2018 2:03:14 PM	3.23	2.49	0.56	0.06	0.00	0.00	0.00	0.94	6.33	84.02	8.53	25.23	1710	2491	250	2	0	0	0	0	4452	146.46	8.33	3.57	16.18	17.13	17.47	21.09	1.84	43.85	14.56
10/5/2018 2:03:17 PM	3.35	2.34	0.60	0.00	0.00	0.00	0.00	0.94	6.29	83.98	8.57	25.05	1775	2340	271	0	0	0	0	0	4385	146.39	8.20	3.29	15.62	17.12	16.64	21.33	1.84	43.77	14.56
10/5/2018 2:03:19 PM	3.06	2.43	0.54	0.00	0.00	0.00	0.00	0.92	6.02	84.00	8.65	25.00	1620	2429	241	0	0	0	0	0	4291	146.42	7.88	3.45	15.68	16.49	16.68	20.00	1.85	43.71	14.54
10/5/2018 2:03:22 PM	3.02	2.30	0.37	0.11	0.00	0.00	0.00	0.91	5.81	83.86	8.81	24.92	1603	2303	168	3	0	0	0	0	4077	146.18	7.67	3.20	15.02	16.10	16.55	19.49	1.86	43.64	14.54
10/5/2018 2:03:24 PM	2.81	2.16	0.30	0.14	0.00	0.00	0.00	0.93	5.42	83.91	8.94	24.67	1492	2160	136	4	0	0	0	0	3792	146.26	7.42	3.06	14.21	15.84	15.83	18.77	1.88	43.55	14.51
10/5/2018 2:03:26 PM	2.68	2.23	0.37	0.13	0.00	0.00	0.00	0.91	5.41	83.72	9.10	24.34	1419	2226	167	4	0	0	0	0	3816	145.93	7.48	3.18	14.47	15.59	15.99	18.45	1.89	43.47	14.50
10/5/2018 2:03:29 PM	2.73	2.26	0.47	0.00	0.00	0.00	0.00	0.90	5.46	83.53	9.25	24.04	1449	2258	212	0	0	0	0	0	3919	145.60	7.34	3.11	14.56	15.54	15.62	18.42	1.91	43.41	14.50
10/5/2018 2:03:31 PM	2.68	2.26	0.46	0.00	0.00	0.00	0.00	0.90	5.40	83.62	9.43	24.42	1420	2257	208	0	0	0	0	0	3885	145.76	7.31	2.89	14.36	15.49	15.75	18.25	1.92	43.33	14.49
10/5/2018 2:03:33 PM	2.73	2.20	0.48	0.00	0.00	0.00	0.00	0.92	5.41	83.60	9.58	24.72	1447	2198	215	0	0	0	0	0	3861	145.72	7.36	2.98	14.23	15.69	15.47	18.57	1.94	43.24	14.48
10/5/2018 2:03:36 PM	2.75	2.21	0.36	0.19	0.00	0.00	0.00	0.91	5.51	83.39	9.74	24.79	1456	2211	160	6	0	0	0	0	3833	145.37	7.68	3.27	14.59	15.84	16.20	18.93	1.95	43.17	14.48
10/5/2018 2:03:38 PM	2.91	2.73	0.49	0.00	0.00	0.00	0.00	0.91	6.13	83.30	9.89	24.24	1544	2727	222	0	0	0	0	0	4493	145.20	7.91	3.62	16.78	16.34	17.84	19.37	1.97	43.09	14.45
10/5/2018 2:03:41 PM	2.86	2.53	0.46	0.01	0.00	0.00	0.00	0.92	5.87	83.19	9.99	24.01	1518	2527	209	0	0	0	0	0	4254	145.02	7.70	3.35	15.78	16.14	17.03	19.11	1.98	42.99	14.44
10/5/2018 2:03:43 PM	2.94	2.61	0.21	0.27	0.00	0.00	0.00	0.94	6.03	83.08	10.13	23.85	1560	2608	93	8	0	0	0	0	4269	144.82	8.09	3.77	16.61	16.58	18.19	19.61	1.99	42.91	14.45
10/5/2018 2:03:45 PM	3.21	3.02	0.58	0.00	0.00	0.00	0.00	0.91	6.80	83.01	10.20	23.97	1699	3015	260	0	0	0	0	0	4974	144.70	8.52	4.07	18.46	17.11	19.31	20.77	2.00	42.83	14.44
10/5/2018 2:03:48 PM	3.44	2.88	0.28	0.22	0.00	0.00	0.00	0.92	6.82	82.95	10.35	23.83	1825	2880	127	6	0	0	0	0	4839	144.59	8.55	4.16	18.23	17.37	19.52	21.26	2.01	42.72	14.39
10/5/2018 2:03:50 PM	3.20	3.04	0.16	0.33	0.00	0.00	0.00	0.95	6.73	83.00	10.53	23.32	1698	3038	72	10	0	0	0	0	4818	144.68	8.68	4.42	18.91	17.43	20.31	20.73	2.03	42.66	14.40
10/5/2018 2:03:52 PM	3.26	3.27	0.20	0.29	0.00	0.00	0.00	0.95	7.02	82.90	10.69	23.23	1729	3269	89	9	0	0	0	0	5096	144.51	8.87	4.62	19.96	17.64	21.21	20.97	2.05	42.54	14.38
10/5/2018 2:03:55 PM	3.46	4.17	0.09	0.35	0.00	0.00	0.00	0.95	8.06	82.56	10.79	23.12	1834	4167	39	10	0	0	0	0	6051	143.92	9.62	5.46	24.15	18.52	25.27	21.66	2.06	42.47	14.36
10/5/2018 2:03:57 PM	3.44	5.49	0.48	0.05	0.00	0.00	0.00	0.92	9.46	82.09	10.91	23.47	1822	5494	214	2	0	0	0	0	7532	143.09	10.61	6.57	29.85	19.32	30.00	22.20	2.07	42.38	14.35
10/5/2018 2:04:00 PM	3.81	7.24	0.08	0.41	0.00	0.00	0.00	0.87	11.53	81.57	11.04	23.82	2017	7236	35	12	0	0	0	0	9300	142.20	12.35	8.00	38.19	20.64	38.92	23.44	2.08	42.27	14.34
