Date/Time	Green Algae	Bluegreen	Diatoms	Cryptophyta	#5	#6	#7	Yellow substances	Total conc.	Transmission	Depth	Temp. Sample	Green Algae	Bluegreen	Diatoms	Cryptophyta	#5	#6	#7	Yellow substances	Total cell count	Trans. 700 nm	LED 3 [525 nm]	LED 4 [570 nm]	LED 5 [610 nm]	LED 6 [370 nm]	LED 7 [590 nm]	LED 8 [470 nm]	Pressure	Temp. LEDs	Temp. Sensor
date	µg/l	µg/l	µg/l	µg/l	µg/l	µg/l	µg/l	r.u.	µg/l	%	m	°C	cells/ml	cells/ml	cells/ml	cells/ml	cells/ml	cells/ml	cells/ml	r.u.	cells/ml	digits	digits	digits	digits	digits	digits	digits	bar	°C	°C
9/17/2018 12:19:19 PM	8.83	9.12	10.11	0.74	0.00	0.00	0.00	0.12	28.80	83.94	0.48	46.49	4680	9122	4550	22	0	0	0	0	18373	146.32	40.00	14.27	61.08	39.26	63.28	79.79	1.05	37.92	12.15
9/17/2018 12:19:22 PM	10.44	9.59	11.46	0.00	0.00	0.00	0.00	0.17	31.49	84.43	0.58	46.46	5534	9588	5158	0	0	0	0	0	20280	147.18	42.37	16.04	65.58	43.45	63.47	88.20	1.06	37.96	12.16
9/17/2018 12:19:24 PM	10.45	8.42	10.65	1.41	0.00	0.00	0.00	0.00	30.93	85.15	0.67	46.45	5538	8424	4792	42	0	0	0	0	18797	148.42	43.31	15.80	61.88	40.94	64.36	89.54	1.07	38.05	12.14
9/17/2018 12:19:27 PM	10.96	8.42	9.82	1.67	0.00	0.00	0.00	0.32	30.87	85.45	0.75	46.43	5811	8416	4421	50	0	0	0	0	18697	148.94	43.35	17.01	62.39	44.98	64.55	90.85	1.07	38.12	12.16
9/17/2018 12:19:29 PM	11.17	9.40	11.64	0.00	0.00	0.00	0.00	0.00	32.22	84.60	0.82	46.39	5922	9401	5240	0	0	0	0	0	20563	147.46	42.64	14.26	64.12	42.57	65.16	90.11	1.08	38.18	12.19
9/17/2018 12:19:31 PM	11.19	9.07	11.32	0.58	0.00	0.00	0.00	0.10	32.16	84.79	0.89	46.37	5929	9069	5096	17	0	0	0	0	20112	147.80	43.70	15.49	63.91	44.24	65.39	91.88	1.09	38.27	12.21
9/17/2018 12:19:34 PM	10.30	8.78	11.95	0.59	0.00	0.00	0.00	0.10	31.62	84.00	0.96	46.38	5457	8782	5379	18	0	0	0	0	19635	146.43	44.30	17.91	63.53	43.83	62.66	91.69	1.09	38.30	12.21
9/17/2018 12:19:36 PM	11.09	9.30	11.69	0.40	0.00	0.00	0.00	0.07	32.48	84.69	1.03	46.29	5879	9301	5258	12	0	0	0	0	20451	147.62	44.01	16.09	65.00	44.28	65.63	92.20	1.10	38.38	12.20
9/17/2018 12:19:39 PM	11.84	9.25	11.12	0.13	0.00	0.00	0.00	0.11	32.34	84.37	1.06	46.27	6274	9251	5005	4	0	0	0	0	20533	147.07	42.27	16.33	64.53	44.26	63.95	91.22	1.10	38.45	12.22
9/17/2018 12:19:41 PM	11.07	9.31	12.25	0.00	0.00	0.00	0.00	0.00	32.63	85.10	1.10	46.31	5867	9310	5513	0	0	0	0	0	20690	148.35	43.89	15.78	65.12	43.31	64.20	92.47	1.11	38.51	12.22
9/17/2018 12:19:43 PM	12.06	8.32	10.39	1.54	0.00	0.00	0.00	0.00	32.31	84.89	1.15	46.28	6393	8321	4677	46	0	0	0	0	19437	147.97	44.00	16.32	62.85	43.31	65.36	93.97	1.11	38.58	12.23
9/17/2018 12:19:46 PM	11.87	9.23	11.40	0.32	0.00	0.00	0.00	0.00	32.82	84.42	1.20	46.20	6292	9230	5128	10	0	0	0	0	20660	147.15	43.29	15.70	64.80	43.76	65.45	92.56	1.12	38.64	12.25
9/17/2018 12:19:48 PM	12.35	8.76	10.37	1.14	0.00	0.00	0.00	0.00	32.62	84.80	1.24	46.24	6544	8760	4667	34	0	0	0	0	20005	147.81	43.21	17.74	64.59	43.97	64.99	92.93	1.12	38.71	12.24
9/17/2018 12:19:50 PM	12.37	8.72	10.52	1.03	0.00	0.00	0.00	0.08	32.64	84.87	1.28	46.25	6558	8723	4733	31	0	0	0	0	20044	147.94	43.45	16.61	63.96	44.79	65.22	93.76	1.13	38.76	12.25
9/17/2018 12:19:53 PM	11.26	8.77	11.17	0.68	0.00	0.00	0.00	0.07	31.88	84.73	1.34	46.21	5969	8769	5029	20	0	0	0	0	19787	147.69	43.35	15.34	62.71	43.64	64.36	91.49	1.13	38.82	12.26
9/17/2018 12:19:55 PM	10.31	8.86	10.61	1.37	0.00	0.00	0.00	0.00	31.14	84.56	1.40	46.16	5463	8855	4775	41	0	0	0	0	19134	147.40	43.46	15.63	63.28	41.40	66.17	88.69	1.14	38.90	12.27
9/17/2018 12:19:58 PM	9.86	9.21	11.34	0.60	0.00	0.00	0.00	0.01	31.00	84.73	1.45	46.16	5226	9206	5101	18	0	0	0	0	19550	147.69	42.85	15.56	63.48	41.54	64.78	87.04	1.14	38.94	12.27
9/17/2018 12:20:00 PM	10.30	9.57	10.73	0.29	0.00	0.00	0.00	0.13	30.88	85.11	1.50	46.16	5457	9565	4830	9	0	0	0	0	19861	148.35	41.29	15.37	64.21	42.04	64.82	85.47	1.15	39.02	12.27
9/17/2018 12:20:02 PM	10.31	9.07	9.24	1.09	0.00	0.00	0.00	0.12	29.72	84.37	1.55	46.16	5466	9070	4159	33	0	0	0	0	18728	147.07	39.81	15.71	62.50	40.49	64.11	82.28	1.15	39.06	12.28
9/17/2018 12:20:05 PM	9.52	9.53	10.12	0.56	0.00	0.00	0.00	0.02	29.74	84.54	1.59	46.14	5046	9534	4555	17	0	0	0	0	19152	147.36	39.96	14.52	63.08	39.20	64.84	80.60	1.16	39.12	12.29
9/17/2018 12:20:07 PM	8.87	9.93	10.85	0.07	0.00	0.00	0.00	0.01	29.71	85.19	1.64	46.07	4701	9926	4881	2	0	0	0	0	19509	148.50	40.02	15.08	64.14	38.94	64.36	79.64	1.16	39.17	12.29
9/17/2018 12:20:09 PM	9.02	9.73	9.42	0.62	0.00	0.00	0.00	0.00	28.79	84.98	1.68	46.07	4780	9729	4240	19	0	0	0	0	18768	148.14	38.13	16.09	63.72	36.98	63.68	76.27	1.16	39.22	12.32
9/17/2018 12:20:12 PM	8.03	10.05	9.52	0.00	0.00	0.00	0.00	0.12	27.60	84.46	1.73	46.09	4257	10054	4283	0	0	0	0	0	18595	147.22	36.57	14.05	62.89	36.48	62.28	71.65	1.17	39.29	12.33
9/17/2018 12:20:14 PM	8.15	9.82	8.71	0.31	0.00	0.00	0.00	0.26	26.99	84.77	1.78	46.07	4318	9820	3921	9	0	0	0	0	18068	147.76	35.76	14.99	61.83	37.15	61.72	70.93	1.17	39.33	12.33
9/17/2018 12:20:17 PM	8.78	9.98	8.99	0.26	0.00	0.00	0.00	0.07	28.01	84.74	1.83	46.06	4654	9980	4045	8	0	0	0	0	18687	147.70	36.28	14.90	63.02	36.54	63.10	72.44	1.18	39.40	12.31
9/17/2018 12:20:19 PM	8.08	9.65	8.39	0.91	0.00	0.00	0.00	0.13	27.03	84.59	1.88	46.05	4284	9646	3774	27	0	0	0	0	17731	147.46	36.34	15.49	62.02	36.01	62.89	70.79	1.18	39.43	12.34
9/17/2018 12:20:21 PM	7.87	9.93	8.91	0.00	0.00	0.00	0.00	0.15	26.72	84.23	1.90	46.03	4172	9934	4012	0	0	0	0	0	18118	146.82	34.92	14.88	61.80	35.49	60.61	68.71	1.19	39.48	12.35
9/17/2018 12:20:24 PM	7.68	10.00	8.99	0.23	0.00	0.00	0.00	0.29	26.90	84.89	1.97	46.03	4071	10003	4045	7	0	0	0	0	18126	147.98	36.13	14.84	62.27	37.19	62.27	70.55	1.19	39.54	12.35
9/17/2018 12:20:26 PM	9.09	9.83	7.99	0.51	0.00	0.00	0.00	0.04	27.42	84.74	2.01	46.01	4818	9834	3594	15	0	0	0	0	18261	147.71	34.66	14.87	62.25	35.36	62.54	69.88	1.20	39.59	12.36
9/17/2018 12:20:28 PM	7.85	10.95	8.09	0.00	0.00	0.00	0.00	0.13	26.89	84.70	2.02	46.02	4162	10955	3638	0	0	0	0	0	18755	147.64	33.82	14.67	65.88	34.64	63.73	65.19	1.20	39.64	12.37
9/17/2018 12:20:31 PM	6.93	10.76	7.63	0.00	0.00	0.00	0.00	0.20	25.33	84.51	2.06	46.00	3673	10764	3435	0	0	0	0	0	17872	147.32	32.25	14.20	64.35	33.12	61.14	60.71	1.20	39.69	12.36
9/17/2018 12:20:33 PM	6.19	10.53	6.93	0.00	0.00	0.00	0.00	0.32	23.65	85.02	2.10	46.00	3280	10532	3120	0	0	0	0	0	16932	148.20	30.20	13.56	61.47	31.84	59.46	56.09	1.21	39.74	12.35
9/17/2018 12:20:36 PM	5.13	10.88	7.09	0.00	0.00	0.00	0.00	0.32	23.09	84.25	2.15	46.02	2718	10880	3189	0	0	0	0	0	16787	146.85	30.16	14.00	61.72	30.92	60.77	53.54	1.21	39.77	12.36
9/17/2018 12:20:38 PM	5.31	10.49	6.64	0.00	0.00	0.00	0.00	0.32	22.44	84.09	2.18	45.99	2814	10490	2986	0	0	0	0	0	16290	146.59	28.92	13.23	59.87	30.12	58.62	52.02	1.21	39.84	12.39
9/17/2018 12:20:40 PM	5.51	10.62	6.63	0.00	0.00	0.00	0.00	0.35	22.77	84.31	2.22	45.99	2923	10622	2985	0	0	0	0	0	16530	146.96	29.22	13.58	60.89	30.82	59.08	52.94	1.22	39.88	12.37
9/17/2018 12:20:43 PM	5.24	10.51	6.91	0.00	0.00	0.00	0.00	0.24	22.65	84.25	2.27	45.99	2775	10506	3108	0	0	0	0	0	16389	146.86	29.34	13.56	60.48	29.69	58.44	52.34	1.22	39.92	12.40
9/17/2018 12:20:45 PM	4.94	10.30	6.84	0.00	0.00	0.00	0.00	0.34	22.07	84.14	2.31	45.98	2619	10297	3076	0	0	0	0	0	15992	146.66	29.04	13.45	58.91	30.00	57.66	51.80	1.23	39.98	12.40
9/17/2018 12:20:47 PM	5.76	10.41	6.09	0.18	0.00	0.00	0.00	0.28	22.45	83.83	2.35	45.99	3055	10412	2740	5	0	0	0	0	16212	146.12	28.15	14.68	59.89	29.68	58.39	51.50	1.23	40.01	12.41
9/17/2018 12:20:50 PM	4.86	10.15	6.19	0.05	0.00	0.00	0.00	0.41	21.25	83.87	2.39	45.96	2578	10148	2785	2	0	0	0	0	15513	146.19	27.63	13.32	57.46	29.46	56.72	49.44	1.23	40.06	12.41
9/17/2018 12:20:52 PM	4.09	9.57	5.94	0.01	0.00	0.00	0.00	0.36	19.61	83.40	2.43	45.92	2169	9574	2671	0	0	0	0	0	14415	145.38	25.81	12.58	53.88	26.91	53.10	45.06	1.24	40.11	12.40
9/17/2018 12:20:55 PM	4.00	9.41	5.05	0.00	0.00	0.00	0.00	0.42	18.46	82.75	2.48	45.92	2121	9413	2272	0	0	0	0	0	13805	144.25	23.67	11.52	52.15	25.67	51.52	41.20	1.24	40.14	12.41
9/17/2018 12:20:57 PM	4.52	9.56	5.07	0.00	0.00	0.00	0.00	0.35	19.15	82.95	2.52	45.93	2395	9556	2282	0	0	0	0	0	14233	144.59	23.99	11.87	53.67	25.85	52.03	42.45	1.25	40.19	12.42
9/17/2018 12:20:59 PM	4.74	9.40	4.91	0.00	0.00	0.00	0.00	0.36	19.04	82.72	2.58	45.96	2511	9395	2209	0	0	0	0	0	14115	144.19	23.65	11.44	52.98	25.85	51.41	42.45	1.25	40.25	12.42
9/17/2018 12:21:02 PM	4.03	9.33	5.18	0.00	0.00	0.00	0.00	0.39	18.54	82.82	2.63	45.96	2137	9332	2330	0	0	0	0	0	13800	144.36	23.91	11.57	52.50	25.63	50.73	41.64	1.26	40.30	12.42
9/17/2018 12:21:04 PM	4.18	9.15	4.96	0.00	0.00	0.00	0.00	0.39	18.29	82.81	2.65	45.92	2215	9150	2232	0	0	0	0	0	13596	144.34	23.27	11.35	51.22	25.26	50.21	41.04	1.26	40.32	12.45
9/17/2018 12:21:06 PM	3.75	9.27	5.03	0.00	0.00	0.00	0.00	0.41	18.05	82.41	2.69	45.87	1986	9272	2264	0	0	0	0	0	13522	143.65	23.38	11.41	51.79	25.10	50.15	40.19	1.26	40.36	12.44
9/17/2018 12:21:09 PM	4.24	8.95	4.57	0.00	0.00	0.00	0.00	0.42	17.75	82.51	2.73	45.86	2245	8951	2056	0	0	0	0	0	13251	143.83	22.33	11.15	50.31	24.93	48.67	39.75	1.27	40.39	12.44
9/17/2018 12:21:11 PM	4.06	8.98	4.73	0.00	0.00	0.00	0.00	0.41	17.76	82.37	2.76	45.75	2151	8976	2127	0	0	0	0	0	13254	143.58	22.56	11.36	50.31	24.82	48.89	39.76	1.27	40.45	12.45
9/17/2018 12:21:14 PM	3.99	9.10	4.95	0.00	0.00	0.00	0.00	0.34	18.04	82.08	2.81	45.66	2114	9096	2228	0	0	0	0	0	13438	143.08	22.98	11.43	50.87	24.52	49.68	40.04	1.28	40.48	12.47
9/17/2018 12:21:16 PM	3.73	8.95	4.80	0.00	0.00	0.00	0.00	0.43	17.49	82.00	2.86	45.65	1978	8954	2162	0	0	0	0	0	13094	142.94	22.58	11.23	49.98	24.64	48.68	39.19	1.28	40.51	12.46
9/17/2018 12:21:18 PM	3.96	9.01	4.53	0.00	0.00	0.00	0.00	0.45	17.51	81.97	2.92	45.59	2100	9012	2041	0	0	0	0	0	13153	142.88	22.20	11.17	50.30	24.80	48.71	38.95	1.29	40.56	12.48
9/17/2018 12:21:21 PM	4.08	9.04	4.62	0.00	0.00	0.00	0.00	0.37	17.74	81.97	2.93	45.51	2164	9039	2079	0	0	0	0	0	13282	142.89	22.29	11.24	50.79	24.28	48.73	39.04	1.29	40.58	12.47
9/17/2018 12:21:23 PM	3.61	9.04	4.62	0.00	0.00	0.00	0.00	0.43	17.28	82.01	2.98	45.51	1916	9040	2081	0	0	0	0	0	13036	142.95	22.18	10.97	50.11	24.24	48.77	38.05	1.29	40.63	12.49
9/17/2018 12:21:25 PM	3.65	8.75	4.53	0.00	0.00	0.00	0.00	0.47	16.94	81.97	3.02	45.51	1937	8755	2037	0	0	0	0	0	12729	142.89	21.83	10.92	48.84	24.34	47.42	37.99	1.30	40.65	12.48
9/17/2018 12:21:28 PM	3.69	8.63	4.20	0.00	0.00	0.00	0.00	0.44	16.53	81.98	3.09	45.50	1956	8633	1892	0	0	0	0	0	12481	142.91	20.92	10.50	48.20	23.40	46.37	36.37	1.30	40.70	12.49
9/17/2018 12:21:30 PM	4.28	8.90	3.82	0.00	0.00	0.00	0.00	0.42	16.99	81.67	3.12	45.44	2269	8897	1717	0	0	0	0	0	12883	142.36	20.56	10.62	49.85	23.63	47.16	36.52	1.31	40.73	12.52
9/17/2018 12:21:33 PM	3.69	8.79	3.98	0.00	0.00	0.00	0.00	0.45	16.46	81.82	3.17	45.44	1954	8789	1792	0	0	0	0	0	12535	142.63	20.56	10.37	48.63	23.23	46.86	35.51	1.31	40.76	12.52
9/17/2018 12:21:35 PM	3.69	8.47	3.72	0.00	0.00	0.00	0.00	0.42	15.88	81.36	3.21	45.43	1956	8470	1672	0	0	0	0	0	12098	141.83	19.63	9.86	47.23	22.29	44.91	34.04	1.31	40.82	12.52
9/17/2018 12:21:37 PM	3.74	8.66	3.55	0.00	0.00	0.00	0.00	0.40	15.95	80.98	3.30	45.32	1983	8662	1596	0	0	0	0	0	12241	141.15	19.32	10.22	47.90	21.98	45.57	33.33	1.32	40.83	12.53
9/17/2018 12:21:40 PM	3.59	8.27	3.53	0.00	0.00	0.00	0.00	0.40	15.38	80.70	3.35	45.24	1900	8266	1587	0	0	0	0	0	11753	140.67	18.88	9.71	46.02	21.43	43.72	32.62	1.33	40.85	12.53
9/17/2018 12:21:42 PM	3.64	8.03	3.39	0.00	0.00	0.00	0.00	0.42	15.07	80.17	3.40	45.22	1928	8035	1527	0	0	0	0	0	11491	139.74	18.42	9.44	44.59	21.30	42.99	32.29	1.33	40.90	12.54
9/17/2018 12:21:44 PM	3.46	8.06	3.50	0.00	0.00	0.00	0.00	0.43	15.02	80.13	3.44	45.19	1833	8060	1575	0	0	0	0	0	11468	139.67	18.63	9.46	44.65	21.37	43.08	32.28	1.34	40.93	12.54
9/17/2018 12:21:47 PM	3.66	8.09	3.41	0.00	0.00	0.00	0.00	0.43	15.16	79.99	3.46	45.15	1940	8086	1535	0	0	0	0	0	11560	139.44	18.53	9.53	44.72	21.51	43.39	32.54	1.34	40.96	12.57
9/17/2018 12:21:49 PM	3.60	8.04	3.54	0.00	0.00	0.00	0.00	0.43	15.18	80.05	3.52	45.16	1910	8038	1594	0	0	0	0	0	11541	139.54	18.79	9.60	44.75	21.65	43.10	32.94	1.35	40.98	12.55
9/17/2018 12:21:52 PM	3.76	8.08	3.61	0.00	0.00	0.00	0.00	0.40	15.45	79.82	3.61	45.14	1994	8082	1624	0	0	0	0	0	11700	139.15	18.99	9.92	45.23	21.74	43.34	33.54	1.35	41.02	12.55
9/17/2018 12:21:54 PM	3.79	8.11	3.59	0.00	0.00	0.00	0.00	0.40	15.48	79.33	3.66	45.06	2007	8107	1615	0	0	0	0	0	11730	138.29	19.00	9.74	45.33	21.75	43.49	33.53	1.36	41.04	12.54
9/17/2018 12:21:56 PM	3.76	8.04	3.44	0.00	0.00	0.00	0.00	0.43	15.24	79.17	3.72	44.93	1995	8036	1549	0	0	0	0	0	11581	138.00	18.65	9.55	44.82	21.70	43.08	33.01	1.36	41.07	12.55
9/17/2018 12:21:59 PM	3.77	7.95	3.61	0.00	0.00	0.00	0.00	0.41	15.34	79.41	3.77	44.82	2001	7950	1626	0	0	0	0	0	11576	138.42	18.90	9.63	44.26	21.72	43.24	33.60	1.37	41.10	12.56
9/17/2018 12:22:01 PM	3.77	7.84	3.65	0.00	0.00	0.00	0.00	0.41	15.25	79.35	3.82	44.79	1996	7838	1643	0	0	0	0	0	11477	138.32	18.92	9.39	43.95	21.70	42.67	33.70	1.37	41.15	12.57
9/17/2018 12:22:03 PM	3.51	7.93	3.78	0.00	0.00	0.00	0.00	0.42	15.22	79.20	3.89	44.78	1860	7929	1700	0	0	0	0	0	11488	138.06	19.16	9.73	44.25	21.76	42.96	33.58	1.38	41.16	12.56
9/17/2018 12:22:06 PM	3.48	7.77	3.80	0.00	0.00	0.00	0.00	0.39	15.06	78.66	3.94	44.79	1846	7772	1711	0	0	0	0	0	11330	137.12	18.99	9.54	43.47	21.33	42.37	33.31	1.39	41.18	12.56
9/17/2018 12:22:08 PM	3.69	7.94	3.55	0.00	0.00	0.00	0.00	0.40	15.18	78.55	4.00	44.84	1955	7945	1597	0	0	0	0	0	11496	136.93	18.68	9.63	44.26	21.42	42.90	32.98	1.39	41.22	12.58
9/17/2018 12:22:11 PM	3.57	7.71	3.48	0.00	0.00	0.00	0.00	0.43	14.76	78.54	4.05	44.90	1893	7706	1567	0	0	0	0	0	11166	136.92	18.32	9.40	43.08	21.22	41.68	32.44	1.40	41.24	12.59
9/17/2018 12:22:13 PM	3.64	7.59	3.55	0.00	0.00	0.00	0.00	0.42	14.79	78.44	4.09	44.94	1930	7593	1599	0	0	0	0	0	11123	136.73	18.41	9.39	42.61	21.26	41.42	32.87	1.40	41.26	12.61
9/17/2018 12:22:15 PM	3.69	7.56	3.40	0.00	0.00	0.00	0.00	0.43	14.66	78.20	4.15	44.99	1955	7564	1532	0	0	0	0	0	11051	136.33	18.09	9.27	42.58	21.12	40.97	32.40	1.41	41.29	12.60
9/17/2018 12:22:18 PM	3.51	7.58	3.19	0.00	0.00	0.00	0.00	0.44	14.27	77.74	4.23	44.86	1859	7576	1435	0	0	0	0	0	10870	135.51	17.52	9.08	42.15	20.66	40.79	31.00	1.41	41.31	12.60
9/17/2018 12:22:20 PM	3.58	6.47	2.22	0.00	0.00	0.00	0.00	0.52	12.26	77.03	4.31	44.63	1898	6466	997	0	0	0	0	0	9361	134.28	14.58	7.51	36.54	19.08	34.92	27.22	1.42	41.35	12.63
9/17/2018 12:22:22 PM	3.53	6.05	2.12	0.00	0.00	0.00	0.00	0.59	11.69	77.56	4.36	44.51	1869	6052	952	0	0	0	0	0	8873	135.21	14.12	7.11	34.45	19.18	33.19	26.98	1.43	41.36	12.62
9/17/2018 12:22:25 PM	3.56	6.01	2.09	0.00	0.00	0.00	0.00	0.56	11.67	77.65	4.38	44.42	1888	6014	942	0	0	0	0	0	8843	135.36	14.00	6.97	34.30	18.91	33.00	26.79	1.43	41.38	12.61
9/17/2018 12:22:27 PM	3.62	6.03	2.22	0.00	0.00	0.00	0.00	0.56	11.87	77.88	4.43	44.46	1919	6027	999	0	0	0	0	0	8945	135.75	14.34	7.14	34.54	19.23	33.23	27.54	1.43	41.41	12.61
9/17/2018 12:22:30 PM	3.63	6.08	2.42	0.00	0.00	0.00	0.00	0.57	12.13	77.97	4.48	44.51	1923	6081	1088	0	0	0	0	0	9091	135.92	14.86	7.56	34.92	19.73	33.71	28.54	1.44	41.43	12.61
9/17/2018 12:22:32 PM	4.56	6.27	2.93	0.00	0.00	0.00	0.00	0.50	13.76	77.75	4.55	44.31	2417	6275	1317	0	0	0	0	0	10009	135.53	16.58	7.96	36.74	21.29	36.17	33.24	1.45	41.47	12.61
9/17/2018 12:22:34 PM	9.60	6.69	4.00	0.31	0.00	0.00	0.00	0.33	20.61	77.68	4.62	43.86	5090	6695	1802	9	0	0	0	0	13596	135.41	22.99	10.17	44.25	29.45	44.84	54.35	1.45	41.48	12.65
9/17/2018 12:22:37 PM	14.81	6.92	4.99	0.87	0.00	0.00	0.00	0.12	27.58	77.14	4.66	43.51	7847	6917	2244	26	0	0	0	0	17035	134.47	29.86	11.95	51.68	37.57	53.54	76.28	1.46	41.49	12.62
9/17/2018 12:22:39 PM	20.66	8.16	6.80	0.88	0.00	0.00	0.00	0.11	36.51	77.07	4.71	43.25	10949	8165	3059	27	0	0	0	0	22200	134.36	38.67	15.21	64.21	49.85	65.50	103.42	1.46	41.51	12.64
9/17/2018 12:22:41 PM	22.85	9.01	7.83	0.52	0.00	0.00	0.00	0.14	40.21	77.68	4.76	43.27	12112	9006	3524	15	0	0	0	0	24658	135.42	42.05	16.38	70.08	55.05	70.52	113.93	1.47	41.54	12.63
9/17/2018 12:22:44 PM	20.87	7.57	6.31	1.22	0.00	0.00	0.00	0.44	35.97	78.47	4.84	43.11	11061	7570	2841	36	0	0	0	0	21508	136.78	39.08	14.74	62.03	52.86	64.36	105.90	1.47	41.55	12.67
9/17/2018 12:22:46 PM	16.91	6.40	4.49	0.37	0.00	0.00	0.00	0.98	28.16	79.83	4.92	42.56	8960	6396	2021	11	0	0	0	0	17388	139.16	30.16	11.18	49.84	47.24	51.13	85.34	1.48	41.56	12.66
9/17/2018 12:22:49 PM	13.91	5.36	3.13	0.00	0.00	0.00	0.00	1.10	22.40	79.59	5.00	42.31	7371	5361	1407	0	0	0	0	0	14140	138.73	23.44	8.76	40.72	40.48	41.13	68.73	1.49	41.58	12.65
9/17/2018 12:22:51 PM	14.50	5.39	3.16	0.00	0.00	0.00	0.00	1.10	23.05	79.73	5.10	41.80	7685	5391	1423	0	0	0	0	0	14499	138.99	23.88	8.91	41.38	41.33	41.78	70.73	1.50	41.60	12.67
9/17/2018 12:22:53 PM	13.88	4.94	2.69	0.00	0.00	0.00	0.00	1.16	21.51	79.26	5.20	40.93	7355	4939	1211	0	0	0	0	0	13506	138.17	22.18	8.07	38.30	39.92	39.00	67.00	1.51	41.62	12.67
9/17/2018 12:22:56 PM	14.06	4.89	2.59	0.00	0.00	0.00	0.00	1.16	21.54	79.38	5.30	40.16	7451	4893	1164	0	0	0	0	0	13507	138.38	21.99	8.20	38.29	39.96	38.64	67.10	1.52	41.62	12.67
9/17/2018 12:22:58 PM	14.76	4.87	2.43	0.00	0.00	0.00	0.00	1.10	22.06	78.72	5.36	39.69	7824	4865	1094	0	0	0	0	0	13783	137.22	21.91	8.30	38.99	40.14	38.46	68.24	1.53	41.62	12.66
9/17/2018 12:23:01 PM	14.93	4.48	2.13	0.00	0.00	0.00	0.00	1.15	21.53	78.28	5.45	39.16	7911	4477	957	0	0	0	0	0	13346	136.46	21.11	7.67	37.07	40.09	36.74	67.71	1.53	41.64	12.68
9/17/2018 12:23:03 PM	14.97	4.36	2.07	0.00	0.00	0.00	0.00	1.18	21.39	78.17	5.44	38.93	7934	4355	930	0	0	0	0	0	13219	136.26	20.95	7.55	36.49	40.21	36.23	67.73	1.53	41.64	12.68
9/17/2018 12:23:05 PM	15.24	4.36	2.12	0.00	0.00	0.00	0.00	1.20	21.72	78.12	5.56	39.07	8079	4359	953	0	0	0	0	0	13392	136.19	21.28	7.68	36.67	40.91	36.68	69.02	1.54	41.65	12.68
9/17/2018 12:23:08 PM	15.46	4.36	2.26	0.00	0.00	0.00	0.00	1.19	22.08	77.99	5.65	39.11	8196	4356	1017	0	0	0	0	0	13569	135.96	21.73	7.79	37.05	41.39	36.93	70.29	1.55	41.66	12.67
9/17/2018 12:23:10 PM	15.92	4.23	2.03	0.00	0.00	0.00	0.00	1.21	22.19	77.66	5.75	39.17	8440	4232	914	0	0	0	0	0	13585	135.37	21.41	7.61	36.82	41.70	36.38	70.83	1.56	41.68	12.71
9/17/2018 12:23:12 PM	16.64	4.00	2.09	0.00	0.00	0.00	0.00	1.33	22.73	77.41	5.83	38.71	8822	3995	942	0	0	0	0	0	13759	134.94	22.10	7.55	36.28	43.90	36.35	74.32	1.57	41.68	12.69
9/17/2018 12:23:15 PM	17.23	4.05	2.06	0.00	0.00	0.00	0.00	1.32	23.35	77.52	5.93	38.45	9134	4054	927	0	0	0	0	0	14116	135.13	22.41	7.78	37.18	44.67	36.87	76.03	1.58	41.68	12.71
9/17/2018 12:23:17 PM	17.20	3.91	1.94	0.00	0.00	0.00	0.00	1.33	23.05	77.28	6.02	38.28	9118	3908	873	0	0	0	0	0	13898	134.71	22.01	7.54	36.41	44.39	36.07	75.42	1.59	41.68	12.71
9/17/2018 12:23:20 PM	17.49	3.92	2.01	0.00	0.00	0.00	0.00	1.43	23.41	77.50	6.12	37.55	9270	3917	903	0	0	0	0	0	14090	135.10	22.60	7.65	36.67	45.95	36.63	77.45	1.60	41.68	12.71
9/17/2018 12:23:22 PM	17.95	3.90	1.90	0.00	0.00	0.00	0.00	1.56	23.75	77.71	6.24	36.97	9515	3896	856	0	0	0	0	0	14267	135.47	22.95	7.66	36.89	47.76	36.96	79.52	1.61	41.68	12.71
9/17/2018 12:23:24 PM	17.90	3.82	1.88	0.00	0.00	0.00	0.00	1.56	23.60	77.67	6.30	36.79	9488	3822	844	0	0	0	0	0	14155	135.39	22.80	7.66	36.49	47.61	36.55	79.24	1.62	41.67	12.71
9/17/2018 12:23:27 PM	18.55	3.99	1.77	0.00	0.00	0.00	0.00	1.58	24.32	77.87	6.36	36.19	9833	3990	798	0	0	0	0	0	14621	135.74	23.14	7.79	37.93	48.64	37.48	81.05	1.62	41.68	12.72
9/17/2018 12:23:29 PM	18.12	3.68	1.63	0.00	0.00	0.00	0.00	1.72	23.43	78.33	6.47	34.95	9602	3678	734	0	0	0	0	0	14014	136.54	22.65	7.41	35.98	48.96	35.83	80.03	1.63	41.67	12.73
9/17/2018 12:23:31 PM	18.37	3.70	1.68	0.00	0.00	0.00	0.00	1.70	23.76	78.44	6.55	34.54	9738	3704	757	0	0	0	0	0	14199	136.74	22.86	7.62	36.20	49.23	36.35	80.93	1.64	41.66	12.73
9/17/2018 12:23:34 PM	18.27	3.77	1.73	0.00	0.00	0.00	0.00	1.77	23.77	78.25	6.60	34.45	9682	3769	780	0	0	0	0	0	14231	136.40	23.19	7.52	36.45	50.00	36.72	81.45	1.65	41.66	12.73
9/17/2018 12:23:36 PM	18.43	3.73	1.74	0.00	0.00	0.00	0.00	1.78	23.91	78.10	6.65	35.00	9768	3735	785	0	0	0	0	0	14287	136.15	23.29	7.64	36.44	50.29	36.70	82.07	1.65	41.62	12.74
9/17/2018 12:23:39 PM	18.91	3.73	1.69	0.00	0.00	0.00	0.00	1.95	24.33	78.07	6.73	35.31	10020	3733	759	0	0	0	0	0	14512	136.09	23.91	7.73	37.11	52.66	36.89	84.74	1.66	41.63	12.73
9/17/2018 12:23:41 PM	19.28	3.83	1.93	0.00	0.00	0.00	0.00	1.98	25.04	78.14	6.80	34.78	10217	3826	870	0	0	0	0	0	14913	136.21	24.88	7.94	38.13	53.94	37.86	87.25	1.67	41.60	12.73
9/17/2018 12:23:43 PM	19.17	3.73	1.74	0.00	0.00	0.00	0.00	1.96	24.65	78.39	6.84	34.55	10160	3734	784	0	0	0	0	0	14678	136.65	24.20	7.87	37.30	53.17	37.26	85.87	1.67	41.61	12.73
9/17/2018 12:23:46 PM	18.87	3.71	1.94	0.00	0.00	0.00	0.00	2.00	24.52	78.33	6.91	34.99	10002	3713	871	0	0	0	0	0	14586	136.54	24.57	7.79	36.93	53.50	37.43	86.10	1.68	41.58	12.74
9/17/2018 12:23:48 PM	19.12	3.65	1.74	0.00	0.00	0.00	0.00	1.97	24.51	78.54	6.98	35.64	10134	3653	783	0	0	0	0	0	14570	136.92	24.13	7.74	36.84	53.17	36.96	85.77	1.68	41.57	12.73
9/17/2018 12:23:50 PM	18.76	3.70	1.78	0.00	0.00	0.00	0.00	1.98	24.25	78.27	7.09	34.84	9945	3699	802	0	0	0	0	0	14446	136.44	24.07	7.75	36.75	52.83	36.95	84.88	1.69	41.55	12.73
9/17/2018 12:23:53 PM	19.04	3.69	1.74	0.00	0.00	0.00	0.00	1.93	24.47	78.01	7.16	33.29	10092	3690	783	0	0	0	0	0	14566	135.99	24.02	7.75	36.96	52.69	36.99	85.23	1.70	41.54	12.73
9/17/2018 12:23:55 PM	18.81	3.68	1.71	0.00	0.00	0.00	0.00	1.96	24.20	78.42	7.24	33.17	9968	3683	768	0	0	0	0	0	14418	136.70	23.85	7.69	36.56	52.57	36.90	84.54	1.71	41.51	12.75
9/17/2018 12:23:58 PM	18.38	3.56	1.70	0.00	0.00	0.00	0.00	1.92	23.64	78.74	7.30	33.31	9740	3564	766	0	0	0	0	0	14069	137.26	23.41	7.40	35.71	51.51	35.94	82.82	1.72	41.49	12.77
9/17/2018 12:24:00 PM	18.32	3.65	1.66	0.00	0.00	0.00	0.00	2.07	23.63	78.80	7.40	33.16	9709	3648	747	0	0	0	0	0	14103	137.36	23.74	7.58	36.25	52.93	36.09	83.65	1.73	41.48	12.74
9/17/2018 12:24:02 PM	18.26	3.54	1.62	0.00	0.00	0.00	0.00	2.11	23.42	78.83	7.50	32.77	9679	3535	728	0	0	0	0	0	13942	137.41	23.61	7.51	35.68	53.09	35.54	83.56	1.74	41.46	12.74
9/17/2018 12:24:05 PM	18.65	3.52	1.64	0.00	0.00	0.00	0.00	2.11	23.81	78.70	7.60	32.84	9883	3516	739	0	0	0	0	0	14139	137.19	23.88	7.58	35.73	53.71	36.04	84.95	1.74	41.41	12.74
9/17/2018 12:24:07 PM	18.45	3.59	1.70	0.00	0.00	0.00	0.00	2.18	23.74	78.49	7.66	33.01	9779	3589	765	0	0	0	0	0	14134	136.82	24.13	7.60	36.03	54.22	36.24	85.09	1.75	41.40	12.73
9/17/2018 12:24:09 PM	18.60	3.60	1.60	0.00	0.00	0.00	0.00	2.15	23.80	78.69	7.78	33.23	9860	3600	721	0	0	0	0	0	14180	137.17	23.93	7.63	36.30	53.97	36.05	84.90	1.76	41.36	12.75
9/17/2018 12:24:12 PM	18.58	3.56	1.66	0.00	0.00	0.00	0.00	2.20	23.81	78.77	7.84	32.79	9850	3561	747	0	0	0	0	0	14158	137.31	24.16	7.56	36.01	54.59	36.19	85.54	1.77	41.35	12.75
