Date/Time	Green Algae	Bluegreen	Diatoms	Cryptophyta	#5	#6	#7	Yellow substances	Total conc.	Transmission	Depth	Temp. Sample	Green Algae	Bluegreen	Diatoms	Cryptophyta	#5	#6	#7	Yellow substances	Total cell count	Trans. 700 nm	LED 3 [525 nm]	LED 4 [570 nm]	LED 5 [610 nm]	LED 6 [370 nm]	LED 7 [590 nm]	LED 8 [470 nm]	Pressure	Temp. LEDs	Temp. Sensor
date	µg/l	µg/l	µg/l	µg/l	µg/l	µg/l	µg/l	r.u.	µg/l	%	m	°C	cells/ml	cells/ml	cells/ml	cells/ml	cells/ml	cells/ml	cells/ml	r.u.	cells/ml	digits	digits	digits	digits	digits	digits	digits	bar	°C	°C
8/6/2018 10:14:05 AM	4.38	4.40	2.01	1.18	0.00	0.00	0.00	0.51	11.97	68.09	0.14	50.08	2320	4398	906	36	0	0	0	0	7659	118.71	16.50	6.99	29.37	20.28	32.55	33.34	1.01	43.09	13.49
8/6/2018 10:14:08 AM	5.65	5.33	4.15	1.72	0.00	0.00	0.00	0.57	16.85	82.93	0.50	51.02	2995	5333	1865	52	0	0	0	0	10245	144.56	25.04	8.67	37.65	27.95	42.69	49.97	1.05	43.16	13.46
8/6/2018 10:14:10 AM	7.71	5.80	4.28	1.11	0.00	0.00	0.00	0.32	18.89	83.22	0.73	51.03	4085	5795	1927	33	0	0	0	0	11841	145.07	24.27	10.26	40.73	27.86	42.91	52.62	1.07	43.22	13.49
8/6/2018 10:14:12 AM	7.25	4.94	4.32	1.56	0.00	0.00	0.00	0.39	18.06	83.14	1.00	50.93	3842	4939	1944	47	0	0	0	0	10772	144.92	24.99	9.80	37.50	28.13	40.92	53.56	1.10	43.25	13.49
8/6/2018 10:14:15 AM	7.46	4.36	3.39	2.30	0.00	0.00	0.00	0.35	17.52	83.75	1.17	50.83	3955	4364	1526	69	0	0	0	0	9914	145.99	24.59	10.80	36.22	27.26	40.07	52.86	1.11	43.31	13.50
8/6/2018 10:14:17 AM	7.18	4.48	3.43	2.45	0.00	0.00	0.00	0.47	17.55	83.13	1.30	50.56	3808	4484	1542	74	0	0	0	0	9908	144.90	25.49	10.15	36.59	28.59	41.64	53.88	1.13	43.36	13.52
8/6/2018 10:14:19 AM	8.09	4.49	2.89	2.59	0.00	0.00	0.00	0.36	18.06	83.72	1.34	50.30	4288	4494	1299	78	0	0	0	0	10158	145.93	24.84	10.84	37.37	28.06	41.97	54.11	1.13	43.41	13.52
8/6/2018 10:14:22 AM	8.49	4.44	2.86	2.60	0.00	0.00	0.00	0.38	18.40	83.60	1.43	50.20	4502	4440	1288	78	0	0	0	0	10308	145.72	25.11	10.10	37.17	28.75	42.56	55.49	1.14	43.45	13.53
8/6/2018 10:14:24 AM	8.97	4.24	3.01	2.43	0.00	0.00	0.00	0.15	18.67	83.59	1.47	50.17	4756	4245	1355	73	0	0	0	0	10430	145.71	24.46	9.95	36.43	26.92	41.39	55.06	1.14	43.51	13.54
8/6/2018 10:14:27 AM	8.06	4.24	4.67	1.61	0.00	0.00	0.00	0.22	18.58	83.25	1.55	50.29	4273	4239	2100	48	0	0	0	0	10660	145.12	25.42	9.68	35.52	27.64	38.99	56.28	1.15	43.55	13.52
8/6/2018 10:14:29 AM	8.07	3.62	4.23	2.03	0.00	0.00	0.00	0.25	17.95	83.91	1.68	50.11	4276	3624	1903	61	0	0	0	0	9865	146.26	25.29	9.40	33.28	27.49	37.70	56.28	1.16	43.60	13.55
8/6/2018 10:14:31 AM	8.37	3.17	4.72	1.39	0.00	0.00	0.00	0.44	17.66	84.01	1.87	49.76	4438	3173	2124	42	0	0	0	0	9777	146.43	24.81	8.22	30.52	29.31	34.32	58.03	1.18	43.63	13.54
8/6/2018 10:14:34 AM	8.54	2.44	4.18	2.05	0.00	0.00	0.00	0.31	17.21	83.88	1.98	49.71	4524	2441	1883	62	0	0	0	0	8910	146.22	24.72	8.42	28.38	27.84	33.19	57.76	1.19	43.70	13.57
8/6/2018 10:14:36 AM	8.12	2.73	4.62	1.41	0.00	0.00	0.00	0.45	16.89	83.32	2.06	49.66	4305	2730	2081	42	0	0	0	0	9158	145.23	24.17	7.52	28.18	28.61	32.36	56.84	1.20	43.74	13.57
8/6/2018 10:14:38 AM	8.48	2.70	5.03	1.21	0.00	0.00	0.00	0.25	17.41	84.70	2.12	49.60	4492	2697	2262	36	0	0	0	0	9488	147.64	24.11	8.28	28.54	27.39	31.50	57.25	1.21	43.80	13.58
8/6/2018 10:14:41 AM	8.27	2.16	3.95	1.94	0.00	0.00	0.00	0.45	16.32	84.19	2.27	49.38	4381	2163	1777	58	0	0	0	0	8380	146.74	23.77	8.36	26.66	28.13	30.93	56.43	1.22	43.83	13.58
8/6/2018 10:14:43 AM	7.90	2.35	2.94	1.94	0.00	0.00	0.00	0.38	15.13	84.35	2.39	49.16	4188	2352	1322	58	0	0	0	0	7920	147.03	21.15	7.21	25.83	25.28	30.74	50.29	1.23	43.88	13.58
8/6/2018 10:14:46 AM	7.48	2.48	2.85	1.82	0.00	0.00	0.00	0.45	14.63	84.34	2.55	48.91	3963	2480	1281	55	0	0	0	0	7779	147.01	20.55	7.86	26.02	25.14	29.93	48.62	1.25	43.92	13.59
8/6/2018 10:14:48 AM	7.17	2.91	3.15	1.36	0.00	0.00	0.00	0.40	14.60	83.77	2.67	48.51	3802	2910	1419	41	0	0	0	0	8173	146.03	19.90	7.52	26.85	24.26	30.08	46.74	1.26	43.94	13.61
8/6/2018 10:14:50 AM	6.87	2.50	2.41	1.78	0.00	0.00	0.00	0.38	13.57	84.13	2.74	48.33	3642	2499	1087	53	0	0	0	0	7281	146.65	18.87	7.39	24.99	22.79	28.91	44.06	1.27	44.00	13.59
8/6/2018 10:14:53 AM	6.39	2.24	1.53	1.54	0.00	0.00	0.00	0.45	11.70	83.63	2.83	47.90	3385	2242	688	46	0	0	0	0	6361	145.78	15.68	6.27	21.96	20.62	25.62	37.98	1.28	44.03	13.61
8/6/2018 10:14:55 AM	5.18	1.91	1.55	0.99	0.00	0.00	0.00	0.46	9.63	83.51	2.96	47.06	2746	1911	696	30	0	0	0	0	5382	145.57	13.02	5.06	18.21	17.83	21.02	31.72	1.29	44.07	13.62
8/6/2018 10:14:57 AM	4.81	1.60	1.19	1.01	0.00	0.00	0.00	0.51	8.61	83.55	3.05	46.52	2548	1597	536	30	0	0	0	0	4711	145.64	11.88	4.97	16.35	17.04	18.91	29.38	1.30	44.11	13.64
8/6/2018 10:15:00 AM	4.87	1.72	1.15	1.01	0.00	0.00	0.00	0.50	8.75	83.31	3.12	46.41	2581	1723	516	30	0	0	0	0	4850	145.23	11.88	4.99	16.88	16.99	19.47	29.30	1.31	44.14	13.64
8/6/2018 10:15:02 AM	4.94	1.59	0.95	1.14	0.00	0.00	0.00	0.52	8.62	83.49	3.23	45.51	2616	1590	427	34	0	0	0	0	4668	145.54	11.80	4.83	16.39	17.07	19.36	29.32	1.32	44.19	13.65
8/6/2018 10:15:05 AM	5.06	1.69	1.57	1.08	0.00	0.00	0.00	0.54	9.41	83.25	3.32	44.56	2684	1691	705	33	0	0	0	0	5112	145.12	13.31	5.30	17.52	18.53	20.27	32.43	1.33	44.21	13.63
8/6/2018 10:15:07 AM	6.49	1.64	1.11	1.17	0.00	0.00	0.00	0.51	10.42	83.03	3.40	44.15	3440	1643	501	35	0	0	0	0	5619	144.73	13.23	5.52	18.29	19.64	21.03	35.17	1.33	44.25	13.64
8/6/2018 10:15:09 AM	10.07	2.49	1.71	0.65	0.00	0.00	0.00	1.38	14.92	80.16	3.52	43.26	5338	2492	770	19	0	0	0	0	8619	139.73	18.14	6.37	24.79	34.42	26.96	54.29	1.34	44.26	13.66
