Date/Time	Green Algae	Bluegreen	Diatoms	Cryptophyta	#5	#6	#7	Yellow substances	Total conc.	Transmission	Depth	Temp. Sample	Green Algae	Bluegreen	Diatoms	Cryptophyta	#5	#6	#7	Yellow substances	Total cell count	Trans. 700 nm	LED 3 [525 nm]	LED 4 [570 nm]	LED 5 [610 nm]	LED 6 [370 nm]	LED 7 [590 nm]	LED 8 [470 nm]	Pressure	Temp. LEDs	Temp. Sensor
date	µg/l	µg/l	µg/l	µg/l	µg/l	µg/l	µg/l	r.u.	µg/l	%	m	°C	cells/ml	cells/ml	cells/ml	cells/ml	cells/ml	cells/ml	cells/ml	r.u.	cells/ml	digits	digits	digits	digits	digits	digits	digits	bar	°C	°C
9/10/2018 2:38:40 PM	10.82	11.00	6.40	0.00	0.00	0.00	0.00	0.25	28.22	82.82	0.25	47.64	5737	10999	2879	0	0	0	0	0	19614	144.37	32.10	13.05	67.84	37.20	63.94	68.23	1.02	34.80	11.66
9/10/2018 2:38:43 PM	11.34	10.96	6.28	0.00	0.00	0.00	0.00	0.25	28.59	82.15	0.29	48.09	6012	10960	2827	0	0	0	0	0	19799	143.20	31.88	14.12	66.86	37.67	65.10	69.37	1.03	34.88	11.67
9/10/2018 2:38:45 PM	10.62	11.15	6.14	0.00	0.00	0.00	0.00	0.33	27.92	82.81	0.35	48.06	5628	11152	2765	0	0	0	0	0	19545	144.35	31.76	12.69	68.22	37.43	64.19	67.16	1.03	34.96	11.66
9/10/2018 2:38:47 PM	11.02	11.15	6.35	0.00	0.00	0.00	0.00	0.28	28.53	82.61	0.40	47.79	5843	11146	2859	0	0	0	0	0	19849	144.01	32.30	13.08	68.42	37.79	64.97	68.95	1.04	35.04	11.66
9/10/2018 2:38:50 PM	10.46	10.98	6.28	0.00	0.00	0.00	0.00	0.35	27.72	82.93	0.46	47.67	5543	10976	2827	0	0	0	0	0	19346	144.55	31.78	13.39	67.12	37.47	63.67	67.33	1.05	35.13	11.68
9/10/2018 2:38:52 PM	10.64	10.89	6.39	0.00	0.00	0.00	0.00	0.19	27.92	83.27	0.51	47.73	5639	10887	2876	0	0	0	0	0	19402	145.15	31.69	12.88	66.78	36.21	63.67	67.08	1.05	35.21	11.69
9/10/2018 2:38:54 PM	10.86	11.06	6.20	0.00	0.00	0.00	0.00	0.30	28.12	82.94	0.55	47.84	5755	11062	2791	0	0	0	0	0	19609	144.57	31.71	14.12	67.69	37.49	64.20	67.92	1.05	35.28	11.70
9/10/2018 2:38:57 PM	9.46	10.68	6.69	0.00	0.00	0.00	0.00	0.38	26.82	83.47	0.59	47.75	5012	10676	3011	0	0	0	0	0	18698	145.51	31.96	12.81	64.62	36.79	62.85	66.04	1.06	35.36	11.68
9/10/2018 2:38:59 PM	10.43	10.70	6.37	0.00	0.00	0.00	0.00	0.29	27.50	83.09	0.65	47.57	5529	10700	2867	0	0	0	0	0	19095	144.83	31.53	13.71	65.69	36.82	62.69	67.11	1.06	35.46	11.70
9/10/2018 2:39:02 PM	10.52	10.93	5.94	0.00	0.00	0.00	0.00	0.33	27.39	83.60	0.70	47.55	5576	10930	2672	0	0	0	0	0	19178	145.73	31.06	12.51	67.43	36.78	62.39	65.86	1.07	35.52	11.72
9/10/2018 2:39:04 PM	9.14	11.00	7.09	0.00	0.00	0.00	0.00	0.38	27.24	83.72	0.77	47.55	4846	10999	3193	0	0	0	0	0	19038	145.93	33.04	14.10	67.50	37.34	62.89	66.93	1.08	35.59	11.70
9/10/2018 2:39:06 PM	10.39	10.61	6.91	0.00	0.00	0.00	0.00	0.26	27.91	83.91	0.82	47.55	5506	10612	3110	0	0	0	0	0	19228	146.26	32.64	13.98	65.89	37.27	62.71	69.05	1.08	35.66	11.72
9/10/2018 2:39:09 PM	9.75	10.60	6.66	0.00	0.00	0.00	0.00	0.36	27.01	83.54	0.89	47.48	5168	10600	2999	0	0	0	0	0	18767	145.62	32.09	11.88	65.05	36.91	62.29	66.68	1.09	35.74	11.75
9/10/2018 2:39:11 PM	10.15	10.74	6.74	0.00	0.00	0.00	0.00	0.28	27.63	83.03	0.93	47.34	5380	10744	3032	0	0	0	0	0	19157	144.74	32.29	13.71	66.34	36.92	62.71	67.71	1.09	35.79	11.74
9/10/2018 2:39:13 PM	11.06	10.77	5.78	0.00	0.00	0.00	0.00	0.19	27.61	83.40	0.97	47.31	5862	10773	2600	0	0	0	0	0	19235	145.38	30.31	13.53	66.13	35.74	62.59	65.74	1.10	35.92	11.74
9/10/2018 2:39:16 PM	9.85	10.54	6.81	0.00	0.00	0.00	0.00	0.20	27.19	83.12	1.00	47.54	5219	10538	3062	0	0	0	0	0	18820	144.88	31.94	13.12	65.27	35.67	61.58	66.35	1.10	35.98	11.75
9/10/2018 2:39:18 PM	9.60	10.80	6.87	0.00	0.00	0.00	0.00	0.34	27.27	83.57	1.05	47.56	5086	10802	3093	0	0	0	0	0	18981	145.68	32.53	13.44	66.43	37.03	62.59	67.02	1.10	36.04	11.76
9/10/2018 2:39:21 PM	10.06	10.62	6.70	0.00	0.00	0.00	0.00	0.28	27.38	83.29	1.11	47.40	5331	10625	3013	0	0	0	0	0	18969	145.19	32.11	12.70	65.63	36.61	62.29	67.17	1.11	36.12	11.75
9/10/2018 2:39:23 PM	10.13	10.74	6.82	0.00	0.00	0.00	0.00	0.22	27.69	83.56	1.16	47.36	5371	10736	3067	0	0	0	0	0	19174	145.65	32.47	12.72	66.98	36.46	62.20	67.54	1.11	36.18	11.74
9/10/2018 2:39:25 PM	10.39	10.37	6.34	0.00	0.00	0.00	0.00	0.28	27.09	83.67	1.21	47.48	5505	10368	2853	0	0	0	0	0	18726	145.84	31.13	13.19	63.90	36.32	61.48	66.62	1.12	36.27	11.76
9/10/2018 2:39:28 PM	10.31	10.83	6.19	0.00	0.00	0.00	0.00	0.28	27.33	83.99	1.28	47.15	5463	10827	2787	0	0	0	0	0	19077	146.41	31.14	13.28	66.04	36.25	62.91	65.83	1.13	36.34	11.76
9/10/2018 2:39:30 PM	10.20	10.99	5.95	0.00	0.00	0.00	0.00	0.34	27.14	84.00	1.34	47.05	5406	10986	2677	0	0	0	0	0	19069	146.43	30.73	13.47	65.92	36.44	63.81	64.98	1.13	36.43	11.79
9/10/2018 2:39:33 PM	9.33	10.97	6.25	0.00	0.00	0.00	0.00	0.30	26.55	83.81	1.40	47.49	4945	10973	2810	0	0	0	0	0	18729	146.10	30.88	13.69	66.29	35.36	62.34	63.20	1.14	36.49	11.79
9/10/2018 2:39:35 PM	9.23	10.99	6.71	0.00	0.00	0.00	0.00	0.33	26.93	84.28	1.46	47.70	4890	10991	3019	0	0	0	0	0	18901	146.91	32.08	12.90	66.53	36.25	63.27	65.10	1.14	36.55	11.79
9/10/2018 2:39:37 PM	9.01	11.09	6.94	0.00	0.00	0.00	0.00	0.32	27.04	84.07	1.50	47.76	4773	11089	3125	0	0	0	0	0	18987	146.54	32.52	13.96	67.36	36.39	63.23	65.43	1.15	36.63	11.80
9/10/2018 2:39:40 PM	10.21	11.07	6.07	0.00	0.00	0.00	0.00	0.28	27.34	83.58	1.54	47.61	5411	11066	2730	0	0	0	0	0	19208	145.68	30.91	13.74	66.46	36.11	64.13	65.07	1.15	36.69	11.81
9/10/2018 2:39:42 PM	9.62	10.97	7.05	0.00	0.00	0.00	0.00	0.28	27.63	83.54	1.62	47.36	5099	10965	3171	0	0	0	0	0	19236	145.63	32.96	13.44	67.24	36.89	63.57	67.47	1.16	36.76	11.82
9/10/2018 2:39:44 PM	10.94	11.60	6.67	0.00	0.00	0.00	0.00	0.38	29.20	83.26	1.68	47.39	5796	11598	3001	0	0	0	0	0	20395	145.14	33.54	14.75	70.84	39.63	66.91	71.04	1.16	36.83	11.81
9/10/2018 2:39:47 PM	10.41	11.29	7.72	0.00	0.00	0.00	0.00	0.22	29.42	83.71	1.74	47.41	5516	11289	3475	0	0	0	0	0	20280	145.91	35.17	13.42	69.56	38.77	66.89	72.59	1.17	36.90	11.83
9/10/2018 2:39:49 PM	10.82	11.80	7.11	0.00	0.00	0.00	0.00	0.29	29.73	83.24	1.78	47.29	5733	11804	3200	0	0	0	0	0	20737	145.10	34.51	14.50	71.96	39.41	68.31	71.93	1.17	36.97	11.82
9/10/2018 2:39:52 PM	10.21	11.50	7.61	0.00	0.00	0.00	0.00	0.25	29.32	83.48	1.83	47.22	5412	11501	3426	0	0	0	0	0	20338	145.52	34.98	14.48	70.45	38.82	67.16	71.81	1.18	37.04	11.83
9/10/2018 2:39:54 PM	10.78	11.51	7.70	0.00	0.00	0.00	0.00	0.32	29.98	83.48	1.88	47.13	5711	11508	3466	0	0	0	0	0	20685	145.51	35.71	14.86	71.15	40.53	67.70	74.60	1.18	37.11	11.83
9/10/2018 2:39:56 PM	10.79	11.41	7.68	0.00	0.00	0.00	0.00	0.33	29.88	83.39	1.93	47.19	5720	11412	3454	0	0	0	0	0	20585	145.37	35.56	14.60	70.23	40.45	67.81	74.53	1.19	37.19	11.84
9/10/2018 2:39:59 PM	10.45	11.55	7.85	0.00	0.00	0.00	0.00	0.39	29.84	83.91	1.99	47.19	5536	11548	3532	0	0	0	0	0	20616	146.26	36.07	14.62	70.88	41.00	68.21	74.73	1.19	37.24	11.88
9/10/2018 2:40:01 PM	10.82	11.71	8.18	0.00	0.00	0.00	0.00	0.28	30.71	83.50	2.06	47.14	5737	11708	3680	0	0	0	0	0	21125	145.55	36.98	14.78	72.47	41.14	69.23	76.59	1.20	37.31	11.87
9/10/2018 2:40:03 PM	10.45	11.64	8.01	0.00	0.00	0.00	0.00	0.27	30.10	83.36	2.14	47.34	5539	11640	3603	0	0	0	0	0	20782	145.30	36.26	14.47	71.70	40.11	68.43	74.49	1.21	37.37	11.89
9/10/2018 2:40:06 PM	10.14	11.66	7.91	0.00	0.00	0.00	0.00	0.25	29.71	83.37	2.21	47.59	5373	11657	3560	0	0	0	0	0	20590	145.32	35.79	14.52	71.52	39.27	67.97	72.88	1.22	37.45	11.88
9/10/2018 2:40:08 PM	9.58	11.82	8.26	0.00	0.00	0.00	0.00	0.30	29.66	83.60	2.24	47.71	5076	11820	3716	0	0	0	0	0	20612	145.72	36.49	15.29	71.91	39.74	68.76	73.10	1.22	37.53	11.88
9/10/2018 2:40:11 PM	10.31	11.92	8.38	0.00	0.00	0.00	0.00	0.25	30.61	83.41	2.29	47.62	5464	11918	3773	0	0	0	0	0	21155	145.39	37.18	15.48	73.10	40.53	69.87	75.62	1.22	37.57	11.89
9/10/2018 2:40:13 PM	10.60	12.08	8.01	0.00	0.00	0.00	0.00	0.25	30.69	83.50	2.36	47.34	5620	12077	3602	0	0	0	0	0	21299	145.54	36.63	15.43	74.23	40.43	69.81	74.94	1.23	37.66	11.89
9/10/2018 2:40:15 PM	9.94	11.73	8.06	0.00	0.00	0.00	0.00	0.29	29.73	83.45	2.43	47.18	5266	11734	3627	0	0	0	0	0	20626	145.47	36.15	14.95	71.51	39.77	68.63	73.29	1.24	37.72	11.90
9/10/2018 2:40:18 PM	9.65	11.90	7.84	0.00	0.00	0.00	0.00	0.28	29.38	83.70	2.50	47.28	5116	11895	3527	0	0	0	0	0	20537	145.91	35.50	15.18	71.45	38.99	69.12	71.37	1.25	37.79	11.89
9/10/2018 2:40:20 PM	9.93	11.82	7.79	0.00	0.00	0.00	0.00	0.22	29.54	83.26	2.56	47.31	5264	11816	3507	0	0	0	0	0	20587	145.13	35.41	14.80	71.68	38.65	68.55	71.56	1.25	37.86	11.93
9/10/2018 2:40:22 PM	9.77	11.66	7.72	0.00	0.00	0.00	0.00	0.25	29.15	83.65	2.63	47.26	5179	11659	3474	0	0	0	0	0	20312	145.81	35.10	14.68	70.97	38.49	67.48	70.92	1.26	37.90	11.94
9/10/2018 2:40:25 PM	9.10	11.08	7.80	0.00	0.00	0.00	0.00	0.29	27.97	83.43	2.69	47.27	4822	11075	3510	0	0	0	0	0	19407	145.43	34.47	13.97	67.16	37.63	65.34	69.24	1.26	37.98	11.93
9/10/2018 2:40:27 PM	9.05	10.76	7.37	0.00	0.00	0.00	0.00	0.34	27.18	83.50	2.74	47.34	4798	10757	3315	0	0	0	0	0	18869	145.55	33.23	13.80	65.23	37.07	63.52	67.46	1.27	38.03	11.94
9/10/2018 2:40:30 PM	8.27	9.91	7.07	0.00	0.00	0.00	0.00	0.44	25.25	83.51	2.80	47.25	4385	9911	3180	0	0	0	0	0	17476	145.56	31.58	13.43	60.62	35.87	58.83	64.18	1.27	38.10	11.96
9/10/2018 2:40:32 PM	8.20	9.74	7.08	0.00	0.00	0.00	0.00	0.40	25.03	83.72	2.85	47.16	4346	9742	3188	0	0	0	0	0	17276	145.94	31.34	12.92	59.52	35.22	58.40	63.63	1.28	38.19	11.93
9/10/2018 2:40:34 PM	8.40	9.50	6.64	0.00	0.00	0.00	0.00	0.42	24.53	83.04	2.90	47.12	4450	9497	2988	0	0	0	0	0	16934	144.75	30.23	12.58	58.02	34.81	57.19	62.42	1.28	38.25	11.95
9/10/2018 2:40:37 PM	7.71	8.79	6.54	0.00	0.00	0.00	0.00	0.50	23.04	83.21	2.96	47.00	4087	8793	2942	0	0	0	0	0	15822	145.04	29.17	12.05	53.94	33.93	53.83	60.17	1.29	38.30	11.98
9/10/2018 2:40:39 PM	7.99	8.69	6.55	0.01	0.00	0.00	0.00	0.38	23.25	83.27	3.01	46.95	4234	8693	2949	0	0	0	0	0	15876	145.15	29.00	12.03	53.60	33.06	53.76	60.19	1.29	38.34	11.99
9/10/2018 2:40:41 PM	8.05	9.13	6.58	0.00	0.00	0.00	0.00	0.44	23.76	83.19	3.05	46.89	4268	9129	2961	0	0	0	0	0	16358	145.01	29.63	12.57	56.37	34.13	54.88	61.07	1.30	38.40	12.00
9/10/2018 2:40:44 PM	7.75	9.09	6.61	0.00	0.00	0.00	0.00	0.47	23.45	83.30	3.12	46.76	4106	9085	2977	0	0	0	0	0	16168	145.21	29.50	12.80	55.51	34.02	54.92	60.48	1.31	38.47	12.03
9/10/2018 2:40:46 PM	7.38	8.31	5.99	0.57	0.00	0.00	0.00	0.52	22.24	83.26	3.17	46.66	3911	8308	2695	17	0	0	0	0	14931	145.13	29.04	12.77	52.38	33.36	52.94	59.18	1.31	38.53	12.02
9/10/2018 2:40:49 PM	7.39	8.06	5.75	0.95	0.00	0.00	0.00	0.55	22.15	83.18	3.20	46.63	3916	8063	2589	28	0	0	0	0	14597	145.00	29.55	13.03	51.97	33.73	53.16	59.98	1.31	38.60	12.01
9/10/2018 2:40:51 PM	7.89	8.24	5.67	1.51	0.00	0.00	0.00	0.52	23.31	83.00	3.25	46.49	4184	8240	2550	45	0	0	0	0	15019	144.69	31.47	14.08	54.43	35.09	56.41	63.51	1.32	38.63	12.04
9/10/2018 2:40:53 PM	8.61	8.27	6.10	3.58	0.00	0.00	0.00	0.59	26.56	83.09	3.32	46.31	4564	8273	2746	107	0	0	0	0	15691	144.83	39.61	17.69	60.61	41.23	65.61	77.38	1.33	38.73	12.00
9/10/2018 2:40:56 PM	10.13	8.36	6.88	6.02	0.00	0.00	0.00	0.56	31.38	82.76	3.40	46.21	5370	8356	3096	181	0	0	0	0	17002	144.26	50.05	21.74	68.71	48.83	77.72	96.27	1.33	38.76	12.02
9/10/2018 2:40:58 PM	12.17	8.72	7.51	8.07	0.00	0.00	0.00	0.53	36.46	82.50	3.45	45.90	6449	8720	3378	242	0	0	0	0	18788	143.81	59.38	25.86	77.59	56.30	89.54	114.41	1.34	38.84	12.05
9/10/2018 2:41:00 PM	11.15	8.29	7.42	8.07	0.00	0.00	0.00	0.59	34.93	82.60	3.51	45.62	5909	8295	3339	242	0	0	0	0	17785	143.98	58.40	25.09	74.68	55.07	86.96	111.15	1.34	38.91	12.03
9/10/2018 2:41:03 PM	12.12	8.42	7.42	10.93	0.00	0.00	0.00	0.65	38.87	82.24	3.55	45.39	6421	8415	3337	328	0	0	0	0	18501	143.36	68.17	29.75	82.87	62.11	99.39	127.29	1.35	38.92	12.10
9/10/2018 2:41:05 PM	12.63	8.43	8.60	12.12	0.00	0.00	0.00	0.58	41.79	82.49	3.62	45.03	6695	8428	3872	364	0	0	0	0	19359	143.79	74.94	31.54	87.13	66.28	106.13	138.91	1.35	39.03	12.06
9/10/2018 2:41:08 PM	13.28	8.71	8.68	12.41	0.00	0.00	0.00	0.57	43.08	82.18	3.69	44.87	7036	8709	3907	372	0	0	0	0	20025	143.25	76.59	32.70	89.82	67.95	108.84	142.59	1.36	39.03	12.07
9/10/2018 2:41:10 PM	13.88	8.82	8.73	13.46	0.00	0.00	0.00	0.59	44.89	82.17	3.74	44.71	7358	8820	3927	404	0	0	0	0	20508	143.24	80.50	34.54	93.40	71.06	113.97	149.59	1.37	39.10	12.09
9/10/2018 2:41:12 PM	13.53	8.10	7.58	13.37	0.00	0.00	0.00	0.68	42.57	82.77	3.80	44.48	7170	8099	3411	401	0	0	0	0	19081	144.28	76.89	33.07	88.46	68.76	109.15	143.43	1.37	39.15	12.05
9/10/2018 2:41:15 PM	13.36	7.24	6.82	11.13	0.00	0.00	0.00	0.72	38.55	83.02	3.85	43.84	7081	7240	3068	334	0	0	0	0	17723	144.72	67.41	28.02	78.20	63.07	96.23	129.77	1.38	39.20	12.14
9/10/2018 2:41:17 PM	11.77	7.04	6.40	9.84	0.00	0.00	0.00	0.91	35.05	83.26	3.90	42.98	6239	7040	2878	295	0	0	0	0	16453	145.13	61.71	26.14	72.80	59.64	88.33	118.59	1.38	39.22	12.08
9/10/2018 2:41:19 PM	11.90	5.64	4.51	7.19	0.00	0.00	0.00	0.93	29.24	83.14	3.96	42.49	6308	5638	2029	216	0	0	0	0	14190	144.93	47.89	19.75	58.32	51.06	70.38	98.72	1.39	39.32	12.12
9/10/2018 2:41:22 PM	11.74	4.84	3.33	5.89	0.00	0.00	0.00	0.90	25.80	83.13	4.01	42.13	6222	4837	1498	177	0	0	0	0	12734	144.91	40.16	16.41	50.25	45.62	60.56	86.78	1.39	39.37	12.10
9/10/2018 2:41:24 PM	11.86	5.11	3.33	4.39	0.00	0.00	0.00	0.89	24.69	82.53	4.09	41.84	6287	5107	1498	132	0	0	0	0	13023	143.86	35.67	14.92	48.19	43.21	55.64	80.53	1.40	39.40	12.18
9/10/2018 2:41:27 PM	11.59	4.88	3.48	3.54	0.00	0.00	0.00	0.77	23.49	82.45	4.14	41.71	6142	4876	1566	106	0	0	0	0	12690	143.73	32.72	13.54	45.06	40.24	51.17	75.59	1.41	39.42	12.21
9/10/2018 2:41:29 PM	11.27	4.20	2.54	2.85	0.00	0.00	0.00	0.84	20.86	82.11	4.20	41.42	5972	4202	1142	86	0	0	0	0	11402	143.13	27.77	10.90	39.00	37.16	44.71	67.71	1.41	39.47	12.14
9/10/2018 2:41:31 PM	10.78	4.09	2.69	1.38	0.00	0.00	0.00	0.77	18.93	81.25	4.28	40.41	5712	4091	1209	41	0	0	0	0	11052	141.64	22.91	8.90	34.85	33.31	38.00	59.69	1.42	39.53	12.16
9/10/2018 2:41:34 PM	11.11	3.77	2.25	0.68	0.00	0.00	0.00	0.69	17.81	79.95	4.19	39.25	5888	3766	1012	20	0	0	0	0	10687	139.36	19.41	7.28	31.50	30.74	33.74	55.01	1.41	39.60	12.14
9/10/2018 2:41:36 PM	11.02	3.52	2.16	0.22	0.00	0.00	0.00	0.68	16.92	78.88	4.00	38.70	5841	3518	973	7	0	0	0	0	10339	137.51	17.49	5.72	28.88	29.31	31.05	52.11	1.39	39.60	12.20
9/10/2018 2:41:38 PM	10.65	3.62	2.05	1.09	0.00	0.00	0.00	0.67	17.41	80.04	4.40	38.65	5644	3617	925	33	0	0	0	0	10219	139.52	19.76	8.09	31.41	30.17	33.82	54.28	1.43	39.60	12.18
9/10/2018 2:41:41 PM	10.55	3.68	2.40	0.24	0.00	0.00	0.00	0.62	16.86	79.16	4.45	38.37	5590	3678	1078	7	0	0	0	0	10353	137.99	17.74	6.97	29.88	28.63	30.99	51.30	1.44	39.66	12.14
9/10/2018 2:41:43 PM	10.51	3.55	1.98	0.33	0.00	0.00	0.00	0.61	16.37	78.77	4.51	38.06	5571	3546	891	10	0	0	0	0	10019	137.31	16.89	6.85	29.08	27.80	30.30	49.63	1.44	39.71	12.14
9/10/2018 2:41:46 PM	9.65	3.43	2.05	0.10	0.00	0.00	0.00	0.64	15.22	78.26	4.58	37.84	5112	3435	921	3	0	0	0	0	9471	136.42	15.79	6.24	27.34	26.53	28.30	46.34	1.45	39.73	12.15
9/10/2018 2:41:48 PM	9.79	3.33	1.82	0.15	0.00	0.00	0.00	0.64	15.09	78.37	4.65	38.17	5191	3331	817	4	0	0	0	0	9343	136.61	15.41	6.05	26.86	26.35	28.00	45.99	1.46	39.81	12.20
9/10/2018 2:41:50 PM	8.64	3.07	1.44	0.00	0.00	0.00	0.00	0.69	13.15	79.12	4.73	37.55	4577	3072	649	0	0	0	0	0	8298	137.92	13.29	5.23	24.18	24.07	24.80	40.24	1.46	39.80	12.18
9/10/2018 2:41:53 PM	8.76	2.98	1.54	0.00	0.00	0.00	0.00	0.66	13.27	79.69	4.80	36.65	4641	2983	691	0	0	0	0	0	8315	138.92	13.43	5.29	23.92	24.09	24.66	40.82	1.47	39.81	12.20
9/10/2018 2:41:55 PM	8.50	2.92	1.40	0.00	0.00	0.00	0.00	0.68	12.82	80.17	4.89	36.14	4504	2924	631	0	0	0	0	0	8059	139.75	12.97	5.09	23.37	23.64	24.00	39.53	1.48	39.86	12.28
9/10/2018 2:41:57 PM	7.69	2.67	1.21	0.00	0.00	0.00	0.00	0.72	11.58	80.99	4.96	35.84	4077	2672	546	0	0	0	0	0	7295	141.18	11.95	4.55	21.42	22.36	22.05	36.32	1.49	39.86	12.20
9/10/2018 2:42:00 PM	7.26	2.48	1.11	0.00	0.00	0.00	0.00	0.72	10.85	81.86	5.05	35.81	3849	2478	499	0	0	0	0	0	6826	142.69	11.25	4.51	20.08	21.39	20.72	34.39	1.49	39.90	12.25
9/10/2018 2:42:02 PM	7.14	2.45	1.08	0.00	0.00	0.00	0.00	0.76	10.67	82.39	5.10	34.76	3784	2453	485	0	0	0	0	0	6722	143.61	11.20	4.35	19.71	21.60	20.67	34.21	1.50	39.92	12.20
9/10/2018 2:42:05 PM	7.02	2.31	0.95	0.00	0.00	0.00	0.00	0.79	10.27	82.22	5.15	34.32	3719	2306	427	0	0	0	0	0	6452	143.33	10.79	4.11	18.85	21.45	19.82	33.48	1.50	39.92	12.21
9/10/2018 2:42:07 PM	7.31	2.34	0.88	0.00	0.00	0.00	0.00	0.78	10.52	82.55	5.20	34.14	3874	2335	396	0	0	0	0	0	6605	143.90	10.79	4.14	19.27	21.59	19.99	33.98	1.51	39.93	12.24
9/10/2018 2:42:09 PM	7.06	2.24	0.94	0.00	0.00	0.00	0.00	0.77	10.24	82.63	5.24	34.30	3740	2243	425	0	0	0	0	0	6408	144.04	10.70	4.08	18.67	21.23	19.49	33.40	1.51	39.96	12.24
9/10/2018 2:42:12 PM	7.01	2.18	0.86	0.00	0.00	0.00	0.00	0.81	10.05	83.35	5.29	34.09	3715	2181	389	0	0	0	0	0	6285	145.28	10.51	4.11	18.30	21.34	19.08	33.15	1.52	39.99	12.24
9/10/2018 2:42:14 PM	6.94	2.10	0.94	0.00	0.00	0.00	0.00	0.82	9.98	83.34	5.32	33.44	3677	2105	423	0	0	0	0	0	6205	145.28	10.62	3.94	17.92	21.41	18.87	33.30	1.52	39.99	12.29
9/10/2018 2:42:16 PM	7.02	2.12	0.95	0.00	0.00	0.00	0.00	0.81	10.09	83.30	5.36	33.95	3722	2118	429	0	0	0	0	0	6269	145.19	10.69	4.07	18.02	21.53	19.04	33.62	1.53	39.99	12.29
9/10/2018 2:42:19 PM	7.20	2.08	0.88	0.00	0.00	0.00	0.00	0.90	10.16	83.40	5.41	34.43	3814	2084	398	0	0	0	0	0	6296	145.38	10.82	4.08	17.98	22.50	19.02	34.53	1.53	40.01	12.25
9/10/2018 2:42:21 PM	8.49	2.08	0.78	0.00	0.00	0.00	0.00	1.07	11.35	83.11	5.48	34.56	4497	2081	350	0	0	0	0	0	6929	144.87	11.79	4.28	19.18	25.88	19.93	39.56	1.54	40.03	12.27
9/10/2018 2:42:24 PM	8.80	2.03	0.94	0.02	0.00	0.00	0.00	1.14	11.79	82.23	5.52	34.44	4663	2030	421	1	0	0	0	0	7115	143.33	12.54	4.42	19.27	27.30	20.47	41.89	1.54	40.01	12.27
9/10/2018 2:42:26 PM	8.53	1.96	0.92	0.00	0.00	0.00	0.00	1.04	11.41	81.93	5.55	34.67	4518	1964	416	0	0	0	0	0	6898	142.81	11.98	4.29	18.73	25.80	19.69	40.06	1.54	40.04	12.28
9/10/2018 2:42:28 PM	8.52	2.03	0.95	0.00	0.00	0.00	0.00	0.99	11.50	81.77	5.59	35.26	4515	2030	429	0	0	0	0	0	6973	142.54	11.99	4.39	19.20	25.44	19.78	39.83	1.55	40.01	12.30
9/10/2018 2:42:31 PM	8.23	1.94	1.01	0.01	0.00	0.00	0.00	1.00	11.19	81.70	5.64	34.79	4362	1942	455	0	0	0	0	0	6759	142.41	11.90	4.20	18.37	25.11	19.57	39.20	1.55	40.06	12.27
9/10/2018 2:42:33 PM	7.12	1.70	0.96	0.02	0.00	0.00	0.00	0.79	9.79	81.10	5.68	34.22	3773	1697	430	0	0	0	0	0	5901	141.36	10.40	3.63	16.17	21.13	17.49	33.68	1.56	40.05	12.26
9/10/2018 2:42:36 PM	7.51	1.83	1.02	0.02	0.00	0.00	0.00	0.78	10.38	80.97	5.72	34.50	3978	1832	460	1	0	0	0	0	6271	141.15	10.89	3.99	17.23	21.84	18.40	35.23	1.56	40.02	12.31
9/10/2018 2:42:38 PM	7.92	1.88	1.03	0.00	0.00	0.00	0.00	0.80	10.83	80.95	5.77	34.26	4196	1883	462	0	0	0	0	0	6542	141.11	11.18	3.99	17.93	22.59	18.73	36.61	1.57	40.04	12.27
9/10/2018 2:42:40 PM	6.42	1.56	0.94	0.00	0.00	0.00	0.00	0.54	8.93	79.91	5.82	33.84	3405	1563	422	0	0	0	0	0	5390	139.29	9.14	3.22	14.85	17.40	16.05	29.23	1.57	39.99	12.31
9/10/2018 2:42:43 PM	6.51	1.80	1.02	0.00	0.00	0.00	0.00	0.63	9.33	79.83	5.87	33.89	3450	1797	460	0	0	0	0	0	5707	139.16	9.83	3.57	16.33	18.74	17.01	30.65	1.58	40.00	12.31
9/10/2018 2:42:45 PM	6.78	1.82	1.08	0.00	0.00	0.00	0.00	0.66	9.68	80.04	5.91	34.07	3596	1819	485	0	0	0	0	0	5900	139.52	10.22	3.69	16.56	19.61	17.60	32.07	1.58	40.01	12.27
9/10/2018 2:42:47 PM	6.08	1.61	1.06	0.00	0.00	0.00	0.00	0.49	8.76	79.16	5.93	33.84	3223	1614	477	0	0	0	0	0	5314	138.00	9.13	3.15	14.81	16.62	16.19	28.26	1.58	40.00	12.28
9/10/2018 2:42:50 PM	5.37	1.47	0.92	0.00	0.00	0.00	0.00	0.33	7.76	78.69	5.95	33.64	2847	1467	413	0	0	0	0	0	4727	137.16	7.83	2.90	13.45	13.60	14.56	24.00	1.58	40.01	12.27
9/10/2018 2:42:52 PM	5.45	1.52	0.94	0.00	0.00	0.00	0.00	0.36	7.91	79.42	6.00	33.74	2886	1522	425	0	0	0	0	0	4833	138.45	8.07	2.97	13.82	14.15	14.89	24.65	1.59	39.97	12.31
9/10/2018 2:42:55 PM	5.13	1.53	0.84	0.00	0.00	0.00	0.00	0.40	7.49	78.89	6.03	33.72	2719	1529	376	0	0	0	0	0	4623	137.52	7.73	2.84	13.35	13.94	14.72	23.50	1.59	39.95	12.31
9/10/2018 2:42:57 PM	4.35	1.42	0.58	0.00	0.00	0.00	0.00	0.37	6.35	77.66	6.09	33.94	2305	1420	262	0	0	0	0	0	3988	135.38	6.51	2.63	12.22	12.03	12.99	19.62	1.60	39.97	12.27
9/10/2018 2:42:59 PM	4.05	1.38	0.54	0.00	0.00	0.00	0.00	0.29	5.97	76.73	6.12	33.79	2144	1375	245	0	0	0	0	0	3764	133.76	6.00	2.46	11.77	10.65	12.37	17.78	1.60	39.92	12.31
9/10/2018 2:43:02 PM	3.95	1.36	0.52	0.00	0.00	0.00	0.00	0.29	5.83	76.18	6.17	33.01	2094	1361	234	0	0	0	0	0	3689	132.80	5.84	2.59	11.58	10.43	12.20	17.34	1.60	39.91	12.29
9/10/2018 2:43:04 PM	3.22	1.27	0.59	0.00	0.00	0.00	0.00	0.16	5.08	75.24	6.24	32.39	1708	1268	266	0	0	0	0	0	3243	131.16	5.18	2.14	10.55	8.09	11.23	14.23	1.61	39.91	12.30
9/10/2018 2:43:06 PM	2.84	1.25	0.51	0.00	0.00	0.00	0.00	0.13	4.60	74.55	6.31	32.34	1505	1253	228	0	0	0	0	0	2985	129.96	4.66	2.08	10.12	7.06	10.65	12.36	1.62	39.85	12.30
9/10/2018 2:43:09 PM	2.82	1.28	0.51	0.00	0.00	0.00	0.00	0.12	4.61	74.91	6.37	32.22	1497	1277	231	0	0	0	0	0	3004	130.58	4.66	2.12	10.25	6.98	10.70	12.28	1.62	39.86	12.27
9/10/2018 2:43:11 PM	2.93	1.31	0.53	0.00	0.00	0.00	0.00	0.15	4.77	74.76	6.42	31.93	1555	1310	236	0	0	0	0	0	3102	130.33	4.87	2.18	10.44	7.55	11.06	12.98	1.63	39.81	12.30
9/10/2018 2:43:14 PM	2.75	1.22	0.43	0.00	0.00	0.00	0.00	0.13	4.40	74.90	6.47	31.56	1460	1217	194	0	0	0	0	0	2870	130.57	4.39	2.11	9.77	6.83	10.38	11.78	1.63	39.80	12.30
9/10/2018 2:43:16 PM	2.88	1.30	0.51	0.00	0.00	0.00	0.00	0.10	4.69	74.33	6.53	31.69	1528	1304	228	0	0	0	0	0	3060	129.59	4.67	2.08	10.40	6.94	10.87	12.34	1.64	39.78	12.27
9/10/2018 2:43:18 PM	2.92	1.30	0.56	0.00	0.00	0.00	0.00	0.10	4.78	74.66	6.58	31.90	1548	1303	252	0	0	0	0	0	3103	130.15	4.79	2.19	10.36	7.04	11.07	12.67	1.64	39.73	12.29
9/10/2018 2:43:21 PM	2.70	1.28	0.54	0.00	0.00	0.00	0.00	0.08	4.51	73.84	6.63	31.81	1429	1279	242	0	0	0	0	0	2950	128.72	4.53	2.06	10.09	6.42	10.69	11.65	1.65	39.71	12.27
9/10/2018 2:43:23 PM	2.60	1.30	0.48	0.00	0.00	0.00	0.00	0.10	4.38	73.58	6.70	31.54	1379	1300	215	0	0	0	0	0	2894	128.27	4.42	2.00	10.14	6.43	10.56	11.27	1.66	39.69	12.27
9/10/2018 2:43:25 PM	2.62	1.32	0.48	0.00	0.00	0.00	0.00	0.09	4.42	74.13	6.76	31.58	1391	1321	214	0	0	0	0	0	2926	129.23	4.43	2.08	10.37	6.37	10.51	11.25	1.66	39.63	12.30
9/10/2018 2:43:28 PM	2.57	1.31	0.49	0.00	0.00	0.00	0.00	0.08	4.37	74.14	6.83	31.79	1363	1311	218	0	0	0	0	0	2892	129.24	4.38	2.06	10.09	6.26	10.65	11.09	1.67	39.60	12.29
9/10/2018 2:43:30 PM	2.33	1.26	0.53	0.00	0.00	0.00	0.00	0.09	4.12	74.16	6.89	31.24	1233	1265	239	0	0	0	0	0	2737	129.27	4.31	2.07	9.74	5.98	10.27	10.51	1.68	39.60	12.27
9/10/2018 2:43:33 PM	2.61	1.29	0.42	0.00	0.00	0.00	0.00	0.08	4.32	74.16	6.93	30.80	1383	1287	190	0	0	0	0	0	2860	129.28	4.23	1.99	10.05	6.14	10.40	10.88	1.68	39.54	12.29
9/10/2018 2:43:35 PM	2.38	1.27	0.45	0.00	0.00	0.00	0.00	0.10	4.10	74.20	7.00	31.52	1261	1270	205	0	0	0	0	0	2736	129.36	4.23	1.96	9.84	6.10	10.17	10.47	1.69	39.50	12.29
9/10/2018 2:43:37 PM	2.46	1.33	0.49	0.00	0.00	0.00	0.00	0.08	4.28	74.08	7.04	31.15	1303	1332	220	0	0	0	0	0	2854	129.15	4.34	2.00	10.17	6.08	10.57	10.72	1.69	39.48	12.25
9/10/2018 2:43:40 PM	2.45	1.33	0.51	0.00	0.00	0.00	0.00	0.07	4.28	74.35	7.09	30.33	1297	1326	229	0	0	0	0	0	2852	129.62	4.35	2.06	10.18	5.99	10.51	10.69	1.70	39.42	12.25
9/10/2018 2:43:42 PM	2.37	1.30	0.49	0.00	0.00	0.00	0.00	0.09	4.16	73.94	7.15	30.61	1256	1298	222	0	0	0	0	0	2776	128.89	4.29	2.07	9.93	6.06	10.37	10.54	1.70	39.41	12.25
9/10/2018 2:43:44 PM	2.33	1.26	0.48	0.00	0.00	0.00	0.00	0.09	4.07	74.04	7.19	30.67	1233	1265	215	0	0	0	0	0	2712	129.07	4.20	2.01	9.74	5.91	10.16	10.29	1.70	39.35	12.25
9/10/2018 2:43:47 PM	2.27	1.30	0.47	0.00	0.00	0.00	0.00	0.09	4.04	74.39	7.24	31.21	1206	1302	210	0	0	0	0	0	2717	129.68	4.17	2.01	9.95	5.81	10.16	10.06	1.71	39.31	12.23
9/10/2018 2:43:49 PM	2.38	1.30	0.57	0.00	0.00	0.00	0.00	0.07	4.25	72.02	7.29	31.62	1264	1300	256	0	0	0	0	0	2820	125.55	4.43	2.02	9.92	6.01	10.57	10.76	1.71	39.27	12.25
9/10/2018 2:43:52 PM	2.31	1.29	0.58	0.00	0.00	0.00	0.00	0.10	4.17	70.11	7.33	31.71	1222	1294	259	0	0	0	0	0	2774	122.23	4.45	2.06	9.83	6.14	10.51	10.72	1.72	39.21	12.24
9/10/2018 2:43:54 PM	2.24	1.22	0.44	0.00	0.00	0.00	0.00	0.11	3.90	73.81	7.37	32.01	1187	1222	196	0	0	0	0	0	2605	128.68	4.07	1.84	9.32	5.94	10.02	10.01	1.72	39.20	12.20
9/10/2018 2:43:56 PM	2.17	1.22	0.36	0.00	0.00	0.00	0.00	0.12	3.75	74.09	7.40	31.60	1151	1221	160	0	0	0	0	0	2532	129.16	3.85	1.90	9.24	5.77	9.80	9.49	1.73	39.16	12.21
9/10/2018 2:43:59 PM	2.31	1.24	0.46	0.00	0.00	0.00	0.00	0.09	4.00	73.86	7.45	31.11	1222	1243	205	0	0	0	0	0	2670	128.76	4.12	1.97	9.55	5.85	10.09	10.14	1.73	39.09	12.25
9/10/2018 2:44:01 PM	2.22	1.26	0.43	0.00	0.00	0.00	0.00	0.11	3.91	74.19	7.50	30.69	1178	1256	193	0	0	0	0	0	2627	129.34	4.07	1.94	9.53	5.91	10.05	9.93	1.73	39.06	12.22
9/10/2018 2:44:03 PM	2.32	1.35	0.54	0.00	0.00	0.00	0.00	0.08	4.21	73.70	7.55	30.71	1230	1345	243	0	0	0	0	0	2818	128.48	4.40	2.12	10.18	6.02	10.54	10.54	1.74	39.03	12.20
9/10/2018 2:44:06 PM	2.38	1.30	0.59	0.00	0.00	0.00	0.00	0.07	4.26	73.68	7.60	30.77	1260	1298	263	0	0	0	0	0	2821	128.44	4.45	2.03	9.91	5.99	10.58	10.78	1.74	38.98	12.20
9/10/2018 2:44:08 PM	2.49	1.33	0.58	0.00	0.00	0.00	0.00	0.07	4.40	73.98	7.65	30.85	1317	1330	262	0	0	0	0	0	2909	128.97	4.55	2.06	10.19	6.18	10.76	11.14	1.75	38.95	12.18
9/10/2018 2:44:11 PM	2.30	1.30	0.48	0.00	0.00	0.00	0.00	0.10	4.08	74.16	7.69	30.99	1218	1304	215	0	0	0	0	0	2737	129.27	4.24	2.01	9.80	6.03	10.42	10.32	1.75	38.87	12.20
9/10/2018 2:44:13 PM	2.35	1.32	0.48	0.00	0.00	0.00	0.00	0.08	4.16	73.56	7.71	30.94	1246	1324	216	0	0	0	0	0	2786	128.23	4.26	2.00	10.18	5.88	10.27	10.31	1.76	38.84	12.18
9/10/2018 2:44:15 PM	2.44	1.34	0.52	0.00	0.00	0.00	0.00	0.08	4.29	73.69	7.78	31.21	1291	1336	232	0	0	0	0	0	2859	128.46	4.41	2.04	10.30	6.12	10.48	10.78	1.76	38.80	12.21
9/10/2018 2:44:18 PM	2.17	1.27	0.43	0.00	0.00	0.00	0.00	0.10	3.88	73.47	7.82	30.89	1150	1275	195	0	0	0	0	0	2620	128.09	4.04	1.97	9.58	5.77	10.07	9.72	1.77	38.77	12.17
9/10/2018 2:44:20 PM	2.59	1.42	0.60	0.00	0.00	0.00	0.00	0.06	4.61	73.54	7.88	30.95	1371	1419	272	0	0	0	0	0	3062	128.20	4.71	2.20	10.74	6.35	11.19	11.53	1.77	38.69	12.18
9/10/2018 2:44:22 PM	2.38	1.33	0.64	0.00	0.00	0.00	0.00	0.06	4.36	72.84	7.93	31.04	1260	1334	290	0	0	0	0	0	2884	126.98	4.61	2.08	10.07	6.07	10.87	11.02	1.78	38.65	12.15
9/10/2018 2:44:25 PM	2.28	1.32	0.51	0.00	0.00	0.00	0.00	0.08	4.12	73.64	7.97	31.02	1208	1322	231	0	0	0	0	0	2762	128.37	4.30	2.05	10.04	5.90	10.35	10.28	1.78	38.62	12.16
9/10/2018 2:44:27 PM	2.40	1.31	0.57	0.00	0.00	0.00	0.00	0.08	4.27	73.89	8.03	30.99	1270	1306	256	0	0	0	0	0	2832	128.82	4.45	2.11	10.01	6.08	10.55	10.84	1.79	38.57	12.16
9/10/2018 2:44:30 PM	2.54	1.35	0.55	0.00	0.00	0.00	0.00	0.09	4.43	72.92	8.07	30.81	1347	1347	246	0	0	0	0	0	2940	127.13	4.55	2.21	10.30	6.44	10.82	11.34	1.79	38.51	12.16
9/10/2018 2:44:32 PM	2.78	1.44	0.72	0.00	0.00	0.00	0.00	0.03	4.94	73.93	8.11	31.05	1474	1436	325	0	0	0	0	0	3234	128.88	5.02	2.35	11.03	6.47	11.57	12.39	1.79	38.46	12.16
9/10/2018 2:44:34 PM	2.53	1.35	0.56	0.00	0.00	0.00	0.00	0.07	4.45	74.28	8.17	31.40	1343	1354	252	0	0	0	0	0	2948	129.50	4.55	2.13	10.33	6.27	10.86	11.23	1.80	38.43	12.16
9/10/2018 2:44:37 PM	2.26	1.28	0.51	0.00	0.00	0.00	0.00	0.08	4.05	74.23	8.20	31.54	1196	1284	228	0	0	0	0	0	2707	129.40	4.22	1.91	9.78	5.78	10.23	10.12	1.80	38.38	12.14
9/10/2018 2:44:39 PM	2.32	1.30	0.45	0.00	0.00	0.00	0.00	0.09	4.07	73.38	8.25	31.53	1228	1304	202	0	0	0	0	0	2733	127.91	4.16	2.03	9.84	5.91	10.33	10.18	1.81	38.33	12.13
9/10/2018 2:44:41 PM	2.58	1.37	0.50	0.00	0.00	0.00	0.00	0.08	4.44	74.16	8.30	31.50	1365	1367	225	0	0	0	0	0	2958	129.29	4.47	2.17	10.40	6.32	10.86	11.18	1.81	38.30	12.11
9/10/2018 2:44:44 PM	2.48	1.26	0.52	0.00	0.00	0.00	0.00	0.08	4.26	73.33	8.35	31.49	1317	1256	233	0	0	0	0	0	2807	127.84	4.36	1.95	9.65	6.15	10.56	10.95	1.82	38.25	12.14
9/10/2018 2:44:46 PM	2.59	1.42	0.49	0.00	0.00	0.00	0.00	0.07	4.50	73.48	8.40	31.41	1375	1418	220	0	0	0	0	0	3013	128.10	4.47	2.24	10.88	6.24	10.79	11.10	1.82	38.19	12.14
9/10/2018 2:44:49 PM	2.42	1.39	0.45	0.00	0.00	0.00	0.00	0.09	4.27	74.12	8.44	31.42	1282	1394	204	0	0	0	0	0	2879	129.21	4.32	2.07	10.58	6.10	10.54	10.52	1.83	38.14	12.12
9/10/2018 2:44:51 PM	2.57	1.43	0.55	0.00	0.00	0.00	0.00	0.06	4.55	74.07	8.48	31.34	1362	1432	246	0	0	0	0	0	3039	129.12	4.57	2.19	10.76	6.21	11.12	11.20	1.83	38.08	12.10
9/10/2018 2:44:53 PM	2.43	1.34	0.56	0.00	0.00	0.00	0.00	0.08	4.33	72.93	8.52	31.35	1288	1340	252	0	0	0	0	0	2879	127.13	4.49	2.14	10.26	6.15	10.63	10.92	1.83	38.06	12.10
9/10/2018 2:44:56 PM	2.75	1.42	0.60	0.00	0.00	0.00	0.00	0.06	4.78	74.23	8.57	31.36	1459	1423	271	0	0	0	0	0	3153	129.41	4.78	2.14	10.72	6.51	11.54	12.00	1.84	37.98	12.07
9/10/2018 2:44:58 PM	3.35	1.59	0.62	0.00	0.00	0.00	0.00	0.00	5.55	74.45	8.64	31.20	1773	1586	279	0	0	0	0	0	3638	129.78	5.22	2.30	12.41	6.97	12.23	13.60	1.85	37.94	12.06
9/10/2018 2:45:00 PM	2.74	1.34	0.54	0.00	0.00	0.00	0.00	0.05	4.61	74.13	8.70	31.13	1450	1337	243	0	0	0	0	0	3030	129.23	4.55	2.15	10.47	6.25	10.84	11.59	1.85	37.91	12.08
9/10/2018 2:45:03 PM	2.47	1.32	0.56	0.00	0.00	0.00	0.00	0.08	4.35	74.00	8.78	31.04	1307	1320	254	0	0	0	0	0	2881	129.00	4.49	2.18	9.98	6.22	10.81	11.08	1.86	37.86	12.08
9/10/2018 2:45:05 PM	2.51	1.31	0.52	0.00	0.00	0.00	0.00	0.08	4.34	73.93	8.83	30.61	1330	1309	236	0	0	0	0	0	2875	128.88	4.43	2.02	10.08	6.19	10.62	11.02	1.86	37.81	12.04
9/10/2018 2:45:08 PM	2.52	1.33	0.49	0.00	0.00	0.00	0.00	0.08	4.34	74.19	8.89	30.14	1336	1328	219	0	0	0	0	0	2883	129.34	4.35	2.09	10.06	6.13	10.73	10.89	1.87	37.76	12.04
9/10/2018 2:45:10 PM	2.31	1.28	0.41	0.00	0.00	0.00	0.00	0.11	4.00	74.13	8.91	29.99	1224	1276	184	0	0	0	0	0	2684	129.23	4.08	2.00	9.64	5.98	10.21	10.10	1.87	37.72	12.02
9/10/2018 2:45:12 PM	2.44	1.31	0.41	0.00	0.00	0.00	0.00	0.10	4.16	72.85	8.94	30.14	1292	1313	182	0	0	0	0	0	2788	127.00	4.17	1.95	10.09	6.08	10.29	10.42	1.88	37.64	12.03
9/10/2018 2:45:15 PM	2.35	1.31	0.50	0.00	0.00	0.00	0.00	0.10	4.15	74.07	8.98	30.44	1245	1307	225	0	0	0	0	0	2777	129.12	4.31	2.05	9.85	6.09	10.52	10.53	1.88	37.60	12.03
9/10/2018 2:45:17 PM	2.64	1.35	0.52	0.00	0.00	0.00	0.00	0.09	4.51	73.96	9.01	30.67	1398	1353	235	0	0	0	0	0	2986	128.93	4.55	2.14	10.36	6.48	10.93	11.50	1.88	37.56	12.01
9/10/2018 2:45:19 PM	2.47	1.30	0.59	0.00	0.00	0.00	0.00	0.10	4.36	72.11	9.05	30.86	1310	1301	266	0	0	0	0	0	2877	125.71	4.60	2.10	9.91	6.47	10.83	11.38	1.89	37.52	12.00
9/10/2018 2:45:22 PM	2.45	1.28	0.53	0.00	0.00	0.00	0.00	0.10	4.26	73.35	9.09	30.96	1297	1285	237	0	0	0	0	0	2819	127.87	4.41	2.04	9.73	6.30	10.69	11.00	1.89	37.48	12.00
9/10/2018 2:45:24 PM	2.47	1.36	0.48	0.00	0.00	0.00	0.00	0.11	4.32	73.90	9.13	31.01	1310	1364	217	0	0	0	0	0	2891	128.84	4.44	2.02	10.42	6.38	10.63	10.95	1.89	37.42	11.99
9/10/2018 2:45:27 PM	2.53	1.34	0.52	0.00	0.00	0.00	0.00	0.08	4.39	71.75	9.16	31.09	1341	1344	233	0	0	0	0	0	2918	125.09	4.46	2.19	10.34	6.27	10.67	11.10	1.90	37.35	11.99
9/10/2018 2:45:29 PM	2.63	1.45	0.65	0.00	0.00	0.00	0.00	0.06	4.72	73.68	9.19	31.20	1392	1450	292	0	0	0	0	0	3134	128.44	4.89	2.25	11.19	6.52	11.16	11.86	1.90	37.32	11.99
9/10/2018 2:45:31 PM	2.42	1.32	0.53	0.00	0.00	0.00	0.00	0.12	4.27	74.14	9.22	31.24	1282	1320	238	0	0	0	0	0	2840	129.25	4.51	2.08	10.08	6.52	10.61	11.11	1.90	37.29	11.98
9/10/2018 2:45:34 PM	2.28	1.24	0.44	0.00	0.00	0.00	0.00	0.12	3.96	74.32	9.26	31.30	1207	1242	200	0	0	0	0	0	2649	129.55	4.16	1.86	9.51	6.09	10.10	10.24	1.91	37.20	11.98
9/10/2018 2:45:36 PM	2.29	1.35	0.49	0.00	0.00	0.00	0.00	0.12	4.13	74.08	9.30	31.29	1214	1349	219	0	0	0	0	0	2781	129.15	4.37	2.07	10.23	6.29	10.39	10.51	1.91	37.20	11.95
9/10/2018 2:45:38 PM	2.38	1.39	0.55	0.00	0.00	0.00	0.00	0.10	4.33	74.17	9.34	31.28	1264	1390	250	0	0	0	0	0	2903	129.29	4.56	2.09	10.55	6.32	10.73	10.93	1.92	37.15	11.97
9/10/2018 2:45:41 PM	2.54	1.32	0.63	0.00	0.00	0.00	0.00	0.08	4.49	74.51	9.39	31.19	1348	1317	282	0	0	0	0	0	2948	129.89	4.70	2.06	10.16	6.44	10.89	11.61	1.92	37.10	11.94
9/10/2018 2:45:43 PM	2.58	1.44	0.54	0.00	0.00	0.00	0.00	0.07	4.55	74.18	9.41	31.06	1365	1436	243	0	0	0	0	0	3043	129.31	4.62	2.13	11.02	6.33	10.90	11.28	1.92	37.06	11.93
9/10/2018 2:45:46 PM	2.89	1.59	0.44	0.00	0.00	0.00	0.00	0.05	4.91	74.39	9.46	31.05	1531	1587	197	0	0	0	0	0	3315	129.68	4.69	2.28	12.37	6.55	11.13	11.75	1.93	37.02	11.92
9/10/2018 2:45:48 PM	2.53	1.32	0.41	0.00	0.00	0.00	0.00	0.10	4.26	74.48	9.51	31.04	1341	1316	186	0	0	0	0	0	2843	129.84	4.26	1.95	10.07	6.29	10.53	10.80	1.93	36.96	11.96
9/10/2018 2:45:50 PM	2.48	1.33	0.45	0.00	0.00	0.00	0.00	0.11	4.26	74.64	9.56	31.03	1317	1332	200	0	0	0	0	0	2849	130.12	4.33	2.06	10.21	6.36	10.50	10.85	1.94	36.93	11.92
9/10/2018 2:45:53 PM	2.56	1.36	0.49	0.00	0.00	0.00	0.00	0.10	4.41	74.71	9.61	30.83	1354	1359	221	0	0	0	0	0	2934	130.25	4.47	2.14	10.45	6.44	10.70	11.20	1.94	36.87	11.93
9/10/2018 2:45:55 PM	2.42	1.30	0.43	0.00	0.00	0.00	0.00	0.13	4.14	74.38	9.66	30.57	1282	1296	193	0	0	0	0	0	2771	129.66	4.27	2.03	9.91	6.42	10.37	10.73	1.95	36.83	11.89
9/10/2018 2:45:58 PM	2.55	1.41	0.52	0.00	0.00	0.00	0.00	0.11	4.48	74.37	9.72	30.41	1352	1408	233	0	0	0	0	0	2993	129.64	4.60	2.29	10.67	6.64	10.95	11.41	1.95	36.78	11.89
9/10/2018 2:46:00 PM	2.83	1.41	0.45	0.00	0.00	0.00	0.00	0.08	4.69	74.34	9.77	30.50	1499	1413	203	0	0	0	0	0	3115	129.60	4.55	2.16	11.04	6.59	10.93	11.75	1.96	36.74	11.89
9/10/2018 2:46:02 PM	2.57	1.29	0.47	0.00	0.00	0.00	0.00	0.11	4.33	74.68	9.83	30.47	1362	1292	213	0	0	0	0	0	2867	130.18	4.41	2.03	10.02	6.48	10.56	11.23	1.96	36.69	11.89
9/10/2018 2:46:05 PM	2.26	1.32	0.42	0.00	0.00	0.00	0.00	0.15	4.00	74.84	9.87	30.07	1199	1319	187	0	0	0	0	0	2705	130.47	4.23	2.00	9.82	6.43	10.40	10.36	1.97	36.65	11.86
9/10/2018 2:46:07 PM	2.42	1.34	0.33	0.00	0.00	0.00	0.00	0.14	4.09	74.34	9.91	30.09	1283	1344	147	0	0	0	0	0	2774	129.59	4.13	1.95	10.26	6.41	10.24	10.39	1.97	36.61	11.87
9/10/2018 2:46:09 PM	2.52	1.32	0.41	0.00	0.00	0.00	0.00	0.14	4.25	74.30	9.96	30.29	1335	1320	185	0	0	0	0	0	2841	129.52	4.34	2.05	10.19	6.64	10.44	11.05	1.98	36.57	11.87
9/10/2018 2:46:12 PM	2.46	1.32	0.39	0.00	0.00	0.00	0.00	0.15	4.16	74.05	10.05	30.44	1301	1318	175	0	0	0	0	0	2794	129.08	4.27	2.04	10.21	6.58	10.24	10.79	1.99	36.49	11.87
9/10/2018 2:46:14 PM	2.52	1.34	0.40	0.00	0.00	0.00	0.00	0.14	4.26	73.62	10.12	30.28	1334	1340	179	0	0	0	0	0	2854	128.33	4.31	2.14	10.27	6.60	10.49	10.97	1.99	36.46	11.84
9/10/2018 2:46:17 PM	2.53	1.30	0.39	0.00	0.00	0.00	0.00	0.14	4.22	74.29	10.21	30.00	1339	1302	177	0	0	0	0	0	2819	129.51	4.29	1.99	10.04	6.61	10.41	10.99	2.00	36.44	11.83
9/10/2018 2:46:19 PM	2.36	1.26	0.37	0.00	0.00	0.00	0.00	0.19	3.98	75.10	10.30	29.90	1252	1255	165	0	0	0	0	0	2672	130.92	4.21	1.97	9.62	6.80	10.15	10.72	2.01	36.38	11.81
9/10/2018 2:46:21 PM	2.54	1.33	0.51	0.00	0.00	0.00	0.00	0.16	4.38	74.86	10.37	29.92	1346	1330	231	0	0	0	0	0	2907	130.51	4.64	2.16	10.24	7.03	10.73	11.70	2.02	36.36	11.83
9/10/2018 2:46:24 PM	2.62	1.39	0.43	0.00	0.00	0.00	0.00	0.17	4.44	75.30	10.43	29.82	1388	1387	194	0	0	0	0	0	2969	131.27	4.59	2.16	10.78	7.15	10.66	11.70	2.02	36.29	11.80
9/10/2018 2:46:26 PM	2.34	1.28	0.39	0.00	0.00	0.00	0.00	0.19	4.02	75.48	10.50	30.02	1242	1284	175	0	0	0	0	0	2701	131.59	4.27	2.02	9.85	6.81	10.17	10.75	2.03	36.25	11.82
9/10/2018 2:46:28 PM	2.39	1.27	0.39	0.00	0.00	0.00	0.00	0.18	4.05	75.02	10.56	30.02	1265	1269	178	0	0	0	0	0	2712	130.78	4.30	1.96	9.85	6.83	10.13	10.88	2.04	36.21	11.78
9/10/2018 2:46:31 PM	3.61	2.72	0.29	0.00	0.00	0.00	0.00	0.00	6.62	74.63	10.62	29.66	1913	2717	132	0	0	0	0	0	4761	130.09	5.58	2.97	18.41	7.28	15.87	13.49	2.04	36.18	11.79
