Date/Time	Green Algae	Bluegreen	Diatoms	Cryptophyta	#5	#6	#7	Yellow substances	Total conc.	Transmission	Depth	Temp. Sample	Green Algae	Bluegreen	Diatoms	Cryptophyta	#5	#6	#7	Yellow substances	Total cell count	Trans. 700 nm	LED 3 [525 nm]	LED 4 [570 nm]	LED 5 [610 nm]	LED 6 [370 nm]	LED 7 [590 nm]	LED 8 [470 nm]	Pressure	Temp. LEDs	Temp. Sensor
date	µg/l	µg/l	µg/l	µg/l	µg/l	µg/l	µg/l	r.u.	µg/l	%	m	°C	cells/ml	cells/ml	cells/ml	cells/ml	cells/ml	cells/ml	cells/ml	r.u.	cells/ml	digits	digits	digits	digits	digits	digits	digits	bar	°C	°C
8/16/2018 10:27:53 AM	35.98	0.00	2.37	0.81	0.00	0.00	0.00	0.00	39.17	81.24	0.38	52.00	19071	0	1068	24	0	0	0	0	20164	141.61	29.42	7.69	35.93	52.48	39.15	131.05	1.04	44.78	13.93
8/16/2018 10:27:55 AM	39.44	0.00	1.47	0.73	0.00	0.00	0.00	0.00	41.64	81.24	0.40	52.00	20906	0	660	22	0	0	0	0	21588	141.61	28.87	7.92	37.99	54.60	40.59	138.27	1.04	44.80	13.82
8/16/2018 10:27:57 AM	40.51	0.00	2.08	0.60	0.00	0.00	0.00	0.00	43.19	83.00	0.40	52.04	21470	0	937	18	0	0	0	0	22425	144.68	30.49	9.17	38.50	57.56	41.62	143.72	1.04	44.83	13.85
8/16/2018 10:28:00 AM	40.02	0.00	2.83	0.36	0.00	0.00	0.00	0.00	43.22	82.61	0.45	52.00	21213	0	1273	11	0	0	0	0	22497	144.00	31.29	7.64	38.43	56.87	41.61	144.71	1.04	44.90	13.92
8/16/2018 10:28:02 AM	40.47	0.00	1.96	0.79	0.00	0.00	0.00	0.00	43.21	82.36	0.60	51.96	21447	0	881	24	0	0	0	0	22351	143.56	30.76	8.68	38.77	57.05	42.51	144.09	1.06	44.90	13.97
8/16/2018 10:28:05 AM	40.70	0.00	2.27	0.58	0.00	0.00	0.00	0.00	43.55	82.87	0.74	51.92	21573	0	1020	17	0	0	0	0	22611	144.45	31.15	7.82	39.43	57.81	42.13	145.03	1.07	44.98	13.87
8/16/2018 10:28:07 AM	41.29	0.00	1.95	0.77	0.00	0.00	0.00	0.00	44.00	82.89	0.87	51.88	21882	0	877	23	0	0	0	0	22782	144.49	31.20	8.26	39.57	58.00	43.21	146.61	1.08	45.03	13.85
8/16/2018 10:28:09 AM	41.65	0.00	2.11	0.78	0.00	0.00	0.00	0.00	44.54	83.00	0.96	51.84	22074	0	947	23	0	0	0	0	23045	144.67	31.66	8.92	40.17	57.95	43.53	148.93	1.09	45.10	13.87
8/16/2018 10:28:12 AM	42.20	0.00	2.04	0.69	0.00	0.00	0.00	0.00	44.94	83.41	1.07	51.79	22368	0	918	21	0	0	0	0	23307	145.39	31.53	9.55	40.40	58.78	43.28	149.93	1.10	45.09	13.99
8/16/2018 10:28:14 AM	41.04	0.00	2.32	0.91	0.00	0.00	0.00	0.00	44.26	83.04	1.20	51.75	21749	0	1043	27	0	0	0	0	22819	144.75	32.45	9.14	40.01	59.42	43.72	147.69	1.12	45.12	13.89
8/16/2018 10:28:16 AM	41.62	0.00	2.23	0.57	0.00	0.00	0.00	0.00	44.42	82.61	1.30	51.76	22056	0	1006	17	0	0	0	0	23079	144.00	31.41	8.22	39.46	58.44	43.12	148.18	1.13	45.18	13.88
8/16/2018 10:28:19 AM	40.95	0.00	2.63	0.62	0.00	0.00	0.00	0.00	44.20	83.13	1.36	51.79	21704	0	1184	18	0	0	0	0	22906	144.91	32.20	8.41	40.00	58.54	42.82	147.77	1.13	45.26	13.91
8/16/2018 10:28:21 AM	40.85	0.00	2.16	0.89	0.00	0.00	0.00	0.00	43.90	83.37	1.42	51.81	21650	0	973	27	0	0	0	0	22650	145.32	31.83	8.85	40.11	57.87	43.20	146.70	1.14	45.24	13.89
8/16/2018 10:28:24 AM	41.00	0.00	2.49	0.57	0.00	0.00	0.00	0.00	44.06	83.11	1.50	51.71	21729	0	1122	17	0	0	0	0	22868	144.87	31.66	8.94	39.47	58.33	42.45	147.19	1.15	45.32	13.89
8/16/2018 10:28:26 AM	39.86	0.00	2.46	0.85	0.00	0.00	0.00	0.00	43.17	82.77	1.60	51.72	21125	0	1108	25	0	0	0	0	22258	144.27	31.91	8.64	39.51	57.46	42.51	144.37	1.16	45.31	13.91
8/16/2018 10:28:28 AM	39.18	0.00	2.36	0.95	0.00	0.00	0.00	0.00	42.48	83.09	1.69	51.75	20764	0	1061	28	0	0	0	0	21853	144.83	31.57	8.79	38.80	56.74	42.28	142.09	1.17	45.39	13.91
8/16/2018 10:28:31 AM	38.80	0.00	2.53	0.84	0.00	0.00	0.00	0.00	42.16	83.05	1.78	51.73	20563	0	1139	25	0	0	0	0	21727	144.77	31.42	8.59	38.57	56.22	41.65	141.16	1.17	45.40	13.97
8/16/2018 10:28:33 AM	38.37	0.00	2.58	0.92	0.00	0.00	0.00	0.00	41.87	83.12	1.88	51.70	20335	0	1161	28	0	0	0	0	21523	144.89	31.60	8.57	38.37	56.16	41.74	140.24	1.18	45.42	13.97
8/16/2018 10:28:35 AM	37.49	0.00	2.61	0.96	0.00	0.00	0.00	0.00	41.07	83.10	1.95	51.70	19871	0	1176	29	0	0	0	0	21076	144.86	31.35	8.40	38.23	55.03	41.00	137.69	1.19	45.49	13.93
8/16/2018 10:28:38 AM	37.88	0.00	2.49	1.03	0.00	0.00	0.00	0.00	41.40	83.05	2.01	51.70	20074	0	1121	31	0	0	0	0	21226	144.76	31.44	8.62	38.66	55.21	41.38	138.79	1.20	45.50	13.95
8/16/2018 10:28:40 AM	38.53	0.00	2.03	0.92	0.00	0.00	0.00	0.00	41.48	83.03	2.10	51.67	20420	0	914	28	0	0	0	0	21362	144.72	30.41	8.02	37.94	55.48	41.39	138.28	1.21	45.57	13.94
8/16/2018 10:28:43 AM	37.27	0.00	2.27	0.97	0.00	0.00	0.00	0.00	40.51	83.02	2.19	51.66	19753	0	1023	29	0	0	0	0	20805	144.71	30.42	8.44	37.88	54.21	40.29	135.45	1.21	45.55	14.01
8/16/2018 10:28:45 AM	36.92	0.00	2.43	0.87	0.00	0.00	0.00	0.00	40.22	83.01	2.26	51.67	19569	0	1093	26	0	0	0	0	20688	144.70	30.27	8.18	37.11	53.87	40.05	134.62	1.22	45.60	13.97
8/16/2018 10:28:47 AM	37.54	0.00	2.24	1.00	0.00	0.00	0.00	0.00	40.78	83.09	2.28	51.69	19896	0	1009	30	0	0	0	0	20935	144.84	30.59	8.55	38.03	54.60	40.66	136.33	1.22	45.66	13.98
8/16/2018 10:28:50 AM	36.90	0.00	2.31	0.98	0.00	0.00	0.00	0.00	40.19	82.88	2.25	51.66	19559	0	1038	29	0	0	0	0	20626	144.47	30.36	8.37	37.46	54.11	40.14	134.33	1.22	45.67	13.97
8/16/2018 10:28:52 AM	36.97	0.01	2.26	0.98	0.00	0.00	0.00	0.00	40.22	83.05	2.31	51.68	19596	8	1016	29	0	0	0	0	20651	144.76	30.29	7.79	37.62	53.67	40.37	134.50	1.23	45.69	14.01
8/16/2018 10:28:54 AM	36.55	0.00	2.30	1.09	0.00	0.00	0.00	0.00	39.93	82.78	2.33	51.68	19372	0	1033	33	0	0	0	0	20438	144.30	30.47	8.18	37.16	53.79	40.50	133.64	1.23	45.75	14.02
8/16/2018 10:28:57 AM	36.65	0.00	2.55	0.88	0.00	0.00	0.00	0.00	40.08	83.14	2.35	51.68	19423	0	1147	27	0	0	0	0	20597	144.91	30.48	8.23	37.30	53.88	39.83	134.20	1.23	45.80	14.00
8/16/2018 10:28:59 AM	36.55	0.00	2.45	0.90	0.00	0.00	0.00	0.00	39.91	82.74	2.40	51.68	19374	0	1103	27	0	0	0	0	20504	144.22	30.27	8.11	37.06	53.76	39.81	133.50	1.24	45.79	14.03
8/16/2018 10:29:02 AM	35.73	0.15	2.27	0.89	0.00	0.00	0.00	0.00	39.04	82.89	2.54	51.67	18937	149	1021	27	0	0	0	0	20133	144.48	29.49	8.24	37.09	52.72	39.27	129.87	1.25	45.84	14.03
8/16/2018 10:29:04 AM	35.27	0.21	2.09	0.85	0.00	0.00	0.00	0.00	38.42	82.91	2.64	51.36	18695	205	940	26	0	0	0	0	19865	144.52	28.75	7.87	36.53	52.00	38.90	127.32	1.26	45.89	13.99
8/16/2018 10:29:06 AM	35.30	0.44	1.57	0.93	0.00	0.00	0.00	0.00	38.25	83.14	2.75	51.07	18710	440	707	28	0	0	0	0	19885	144.92	28.00	8.09	37.28	51.69	39.62	125.49	1.27	45.91	14.05
8/16/2018 10:29:09 AM	36.04	0.27	0.99	1.31	0.00	0.00	0.00	0.00	38.60	82.98	2.83	51.10	19101	269	445	39	0	0	0	0	19854	144.65	28.05	8.26	37.42	52.10	40.39	126.93	1.28	45.95	14.03
8/16/2018 10:29:11 AM	36.40	0.65	1.39	0.75	0.00	0.00	0.00	0.00	39.20	83.02	2.90	51.01	19294	655	625	23	0	0	0	0	20596	144.72	27.81	8.15	38.57	52.77	40.52	127.50	1.28	45.99	14.06
8/16/2018 10:29:13 AM	36.61	0.68	0.89	1.15	0.00	0.00	0.00	0.00	39.33	82.86	2.97	50.50	19402	682	402	34	0	0	0	0	20521	144.44	28.05	8.47	39.21	53.16	41.90	127.63	1.29	46.03	14.03
8/16/2018 10:29:16 AM	36.79	1.12	1.60	0.83	0.00	0.00	0.00	0.00	40.34	83.00	3.07	49.81	19500	1120	719	25	0	0	0	0	21364	144.69	29.24	8.83	41.27	54.70	43.40	129.96	1.30	46.05	14.04
8/16/2018 10:29:18 AM	36.41	1.63	1.96	0.69	0.00	0.00	0.00	0.00	40.69	83.02	3.16	49.54	19297	1635	882	21	0	0	0	0	21834	144.71	29.97	9.07	43.07	55.70	45.20	129.54	1.31	46.07	14.07
8/16/2018 10:29:21 AM	35.84	1.66	1.98	0.62	0.00	0.00	0.00	0.00	40.09	83.22	3.21	49.49	18993	1655	890	19	0	0	0	0	21557	145.06	29.49	9.05	42.57	54.94	44.49	127.44	1.31	46.09	14.07
8/16/2018 10:29:23 AM	34.43	1.55	1.64	0.86	0.00	0.00	0.00	0.00	38.48	83.08	3.27	49.55	18245	1553	740	26	0	0	0	0	20564	144.82	28.53	9.17	41.15	53.07	43.30	122.26	1.32	46.13	14.09
8/16/2018 10:29:25 AM	30.99	1.72	2.12	0.50	0.00	0.00	0.00	0.00	35.35	83.71	3.34	49.46	16426	1725	956	15	0	0	0	0	19121	145.92	26.79	8.51	38.49	49.44	40.31	111.47	1.33	46.14	14.08
8/16/2018 10:29:28 AM	30.83	1.63	1.67	0.63	0.00	0.00	0.00	0.00	34.76	83.92	3.38	49.30	16341	1632	750	19	0	0	0	0	18741	146.28	25.90	8.02	37.68	48.35	39.96	109.54	1.33	46.19	14.08
8/16/2018 10:29:30 AM	28.13	1.53	1.31	0.90	0.00	0.00	0.00	0.00	31.87	84.15	3.48	48.78	14910	1531	588	27	0	0	0	0	17056	146.67	24.26	8.03	35.21	44.88	37.80	100.19	1.34	46.20	14.10
8/16/2018 10:29:32 AM	24.61	1.36	0.97	1.59	0.00	0.00	0.00	0.00	28.53	84.46	3.57	47.23	13042	1359	437	48	0	0	0	0	14886	147.22	23.39	8.18	32.78	40.30	36.46	90.42	1.35	46.24	14.10
8/16/2018 10:29:35 AM	23.78	1.57	1.26	1.49	0.00	0.00	0.00	0.00	28.10	84.50	3.64	46.41	12601	1573	568	45	0	0	0	0	14787	147.28	23.42	8.06	33.06	39.41	36.63	88.71	1.36	46.26	14.12
8/16/2018 10:29:37 AM	20.60	1.76	0.99	1.66	0.00	0.00	0.00	0.00	25.02	84.68	3.72	46.09	10920	1763	445	50	0	0	0	0	13178	147.60	21.63	8.03	31.39	35.16	35.09	78.05	1.36	46.28	14.10
8/16/2018 10:29:40 AM	20.53	1.78	1.08	1.53	0.00	0.00	0.00	0.00	24.91	85.03	3.75	45.72	10879	1777	488	46	0	0	0	0	13190	148.21	21.36	8.07	31.24	34.92	34.51	77.64	1.37	46.32	14.10
8/16/2018 10:29:42 AM	17.37	1.82	0.66	1.72	0.00	0.00	0.00	0.05	21.57	85.35	3.82	44.99	9207	1816	299	51	0	0	0	0	11374	148.77	19.27	7.64	28.76	30.71	32.40	66.89	1.37	46.34	14.10
8/16/2018 10:29:44 AM	15.20	2.40	1.23	3.05	0.00	0.00	0.00	0.04	21.88	85.14	3.86	43.40	8055	2400	555	91	0	0	0	0	11100	148.40	23.98	9.68	33.11	31.23	39.04	68.35	1.38	46.33	14.16
8/16/2018 10:29:47 AM	15.66	2.43	1.45	2.56	0.00	0.00	0.00	0.05	22.11	85.08	3.91	43.66	8301	2432	654	77	0	0	0	0	11463	148.31	23.29	9.54	32.88	31.57	37.70	68.79	1.38	46.35	14.10
8/16/2018 10:29:49 AM	13.14	2.80	1.16	2.73	0.00	0.00	0.00	0.00	19.82	85.59	3.96	44.23	6962	2799	522	82	0	0	0	0	10364	149.20	21.76	9.34	32.42	27.30	37.53	59.90	1.39	46.35	14.16
8/16/2018 10:29:52 AM	11.63	2.78	1.07	2.68	0.00	0.00	0.00	0.05	18.16	85.89	4.01	42.84	6162	2775	481	81	0	0	0	0	9499	149.72	20.65	9.14	30.89	25.63	35.86	54.78	1.39	46.38	14.14
8/16/2018 10:29:54 AM	11.47	2.98	1.43	2.42	0.00	0.00	0.00	0.06	18.31	86.24	4.06	41.97	6080	2985	645	73	0	0	0	0	9783	150.32	20.81	9.16	31.49	25.87	35.95	54.92	1.40	46.38	14.18
8/16/2018 10:29:56 AM	10.81	3.04	1.02	2.51	0.00	0.00	0.00	0.07	17.37	86.56	4.12	42.36	5729	3037	460	75	0	0	0	0	9301	150.88	19.76	8.97	30.92	24.48	35.54	51.42	1.40	46.41	14.14
8/16/2018 10:29:59 AM	9.32	3.29	1.31	2.06	0.00	0.00	0.00	0.01	15.98	86.70	4.20	42.27	4941	3290	589	62	0	0	0	0	8881	151.12	18.21	8.49	30.04	21.67	33.84	45.56	1.41	46.42	14.16
8/16/2018 10:30:01 AM	8.42	3.56	0.90	1.90	0.00	0.00	0.00	0.06	14.78	86.89	4.29	41.64	4462	3558	406	57	0	0	0	0	8483	151.46	16.55	8.14	29.70	20.12	33.21	40.66	1.42	46.39	14.18
8/16/2018 10:30:03 AM	8.00	4.40	1.68	1.38	0.00	0.00	0.00	0.05	15.46	86.51	4.38	41.02	4239	4403	755	42	0	0	0	0	9438	150.79	17.19	8.47	32.72	20.40	35.20	40.59	1.43	46.41	14.20
8/16/2018 10:30:06 AM	8.06	5.89	0.72	2.09	0.00	0.00	0.00	0.00	16.76	86.03	4.45	40.02	4269	5886	326	63	0	0	0	0	10544	149.96	18.28	10.11	39.99	20.72	43.41	39.84	1.44	46.43	14.17
8/16/2018 10:30:08 AM	7.51	15.08	0.63	1.89	0.00	0.00	0.00	0.00	25.11	85.34	4.50	40.29	3980	15081	285	57	0	0	0	0	19403	148.75	24.52	18.02	80.40	25.63	80.79	40.18	1.44	46.45	14.16
8/16/2018 10:30:11 AM	4.54	56.29	0.00	3.47	0.00	0.00	0.00	0.00	64.30	79.32	4.56	39.76	2405	56290	0	104	0	0	0	0	58799	138.27	59.57	52.79	264.69	51.35	260.19	49.80	1.45	46.42	14.18
8/16/2018 10:30:13 AM	3.68	78.95	2.77	0.00	0.00	0.00	0.00	0.00	85.40	78.07	4.62	37.44	1950	78953	1245	0	0	0	0	0	82147	136.09	73.56	70.90	367.13	62.77	337.53	52.84	1.45	46.44	14.21
8/16/2018 10:30:15 AM	1.17	96.14	0.00	4.70	0.00	0.00	0.00	0.00	102.01	73.20	4.68	36.87	621	96138	0	141	0	0	0	0	96900	127.60	92.75	87.96	442.45	75.22	432.66	59.39	1.46	46.43	14.22
8/16/2018 10:30:18 AM	5.25	115.80	1.35	0.00	0.00	0.00	0.00	0.00	122.40	70.80	4.76	36.25	2784	115801	606	0	0	0	0	0	119190	123.43	101.08	104.21	537.91	86.19	487.65	65.74	1.47	46.41	14.20
8/16/2018 10:30:20 AM	1.24	135.32	0.00	5.70	0.00	0.00	0.00	0.00	142.26	68.35	4.82	35.42	658	135322	0	171	0	0	0	0	136150	119.16	128.38	120.25	619.99	104.00	603.88	78.14	1.47	46.41	14.20
8/16/2018 10:30:22 AM	2.22	135.83	2.26	3.31	0.00	0.00	0.00	0.00	143.61	69.02	4.92	34.86	1174	135832	1017	99	0	0	0	0	138123	120.32	127.71	121.26	622.05	104.16	597.12	81.37	1.48	46.39	14.22
8/16/2018 10:30:25 AM	1.35	140.41	2.82	3.75	0.00	0.00	0.00	0.00	148.33	68.10	5.00	33.28	715	140414	1268	113	0	0	0	0	142509	118.73	133.84	124.52	642.75	108.56	619.06	84.33	1.49	46.37	14.20
8/16/2018 10:30:27 AM	2.37	124.69	0.84	4.37	0.00	0.00	0.00	0.00	132.27	71.06	5.08	32.30	1255	124693	378	131	0	0	0	0	126458	123.89	119.04	111.18	572.25	98.20	553.62	75.35	1.50	46.36	14.21
8/16/2018 10:30:30 AM	0.80	114.43	0.00	6.07	0.00	0.00	0.00	0.00	121.30	72.44	5.16	32.38	425	114426	0	182	0	0	0	0	115034	126.29	112.28	104.16	526.93	90.93	515.75	70.28	1.51	46.34	14.21
8/16/2018 10:30:32 AM	1.60	111.24	0.00	4.95	0.00	0.00	0.00	0.00	117.80	73.09	5.22	33.14	849	111245	0	148	0	0	0	0	112242	127.42	106.93	99.97	511.23	87.37	497.98	66.94	1.51	46.32	14.22
8/16/2018 10:30:34 AM	2.44	110.44	3.02	1.58	0.00	0.00	0.00	0.00	117.49	72.83	5.33	33.11	1295	110445	1359	48	0	0	0	0	113147	126.97	103.56	98.76	505.65	85.40	482.86	68.63	1.52	46.28	14.22
8/16/2018 10:30:37 AM	0.68	94.22	0.00	5.66	0.00	0.00	0.00	0.00	100.55	73.54	5.42	33.09	360	94217	0	170	0	0	0	0	94747	128.20	93.67	86.59	434.75	75.40	428.94	61.11	1.53	46.26	14.23
8/16/2018 10:30:39 AM	1.55	100.21	4.47	0.30	0.00	0.00	0.00	0.00	106.54	74.43	5.50	33.52	824	100206	2012	9	0	0	0	0	103051	129.76	94.38	88.64	457.08	79.00	435.32	62.12	1.54	46.21	14.20
8/16/2018 10:30:41 AM	1.80	83.66	0.00	5.07	0.00	0.00	0.00	0.00	90.53	75.93	5.59	32.22	956	83659	0	152	0	0	0	0	84766	132.37	83.71	75.49	385.51	70.33	384.36	57.68	1.55	46.19	14.22
8/16/2018 10:30:44 AM	5.16	77.97	2.00	0.99	0.00	0.00	0.00	0.00	86.13	77.18	5.65	31.81	2737	77967	901	30	0	0	0	0	81635	134.54	75.17	68.24	358.15	68.70	345.27	56.54	1.55	46.16	14.23
8/16/2018 10:30:46 AM	4.08	90.82	3.48	0.00	0.00	0.00	0.00	0.00	98.37	75.81	5.73	32.55	2161	90817	1564	0	0	0	0	0	94542	132.15	85.19	79.70	415.83	75.26	394.69	60.50	1.56	46.13	14.22
8/16/2018 10:30:49 AM	4.10	84.73	0.00	3.90	0.00	0.00	0.00	0.00	92.73	75.98	5.80	31.89	2170	84734	0	117	0	0	0	0	87021	132.45	83.79	76.61	391.26	74.14	383.61	59.32	1.57	46.08	14.23
8/16/2018 10:30:51 AM	5.38	79.88	0.00	3.27	0.00	0.00	0.00	0.00	88.53	76.34	5.88	31.98	2854	79881	0	98	0	0	0	0	82833	133.07	78.63	72.62	369.49	71.60	361.08	58.90	1.58	46.05	14.24
8/16/2018 10:30:53 AM	4.24	68.23	2.73	0.58	0.00	0.00	0.00	0.00	75.78	76.59	5.96	32.37	2248	68231	1229	17	0	0	0	0	71726	133.51	67.09	61.69	314.21	61.88	301.07	51.16	1.58	46.02	14.23
8/16/2018 10:30:56 AM	1.15	55.29	0.00	4.69	0.00	0.00	0.00	0.34	61.13	78.90	6.04	31.40	607	55294	0	141	0	0	0	0	56041	137.54	58.97	51.43	255.31	55.45	263.59	45.36	1.59	45.96	14.23
8/16/2018 10:30:58 AM	0.00	52.33	0.00	5.31	0.00	0.00	0.00	0.39	57.64	79.66	6.11	30.15	0	52333	0	159	0	0	0	0	52492	138.86	56.86	50.14	241.42	53.38	253.82	43.81	1.60	45.93	14.22
8/16/2018 10:31:00 AM	4.10	55.44	1.14	1.29	0.00	0.00	0.00	0.18	61.98	80.42	6.16	30.92	2175	55443	515	39	0	0	0	0	58171	140.18	55.64	49.87	256.33	53.63	248.62	43.49	1.60	45.88	14.22
8/16/2018 10:31:03 AM	4.22	52.47	0.00	2.23	0.00	0.00	0.00	0.25	58.93	80.54	6.24	31.78	2238	52473	1	67	0	0	0	0	54779	140.39	53.72	47.70	244.04	51.97	238.94	42.57	1.61	45.81	14.20
8/16/2018 10:31:05 AM	2.52	51.42	0.00	3.28	0.00	0.00	0.00	0.34	57.21	80.80	6.32	31.02	1336	51415	0	98	0	0	0	0	52850	140.85	53.62	48.35	238.49	51.73	239.35	42.14	1.62	45.78	14.20
8/16/2018 10:31:08 AM	3.42	53.33	0.00	2.59	0.00	0.00	0.00	0.38	59.34	80.77	6.41	30.45	1811	53330	0	78	0	0	0	0	55219	140.79	54.15	48.98	246.68	53.59	245.07	42.95	1.63	45.74	14.20
8/16/2018 10:31:10 AM	2.37	45.79	0.00	3.03	0.00	0.00	0.00	0.43	51.20	81.41	6.52	29.97	1259	45795	0	91	0	0	0	0	47144	141.91	48.87	42.77	213.07	47.74	214.09	39.43	1.64	45.66	14.19
8/16/2018 10:31:12 AM	1.65	41.44	0.00	3.45	0.00	0.00	0.00	0.43	46.54	82.09	6.62	29.33	876	41444	0	103	0	0	0	0	42423	143.10	45.65	39.39	193.33	44.19	197.41	37.48	1.65	45.61	14.22
8/16/2018 10:31:15 AM	2.81	42.06	0.00	2.51	0.00	0.00	0.00	0.41	47.39	82.26	6.70	29.30	1492	42064	0	75	0	0	0	0	43632	143.39	44.37	38.77	195.49	44.39	196.61	37.10	1.66	45.55	14.20
8/16/2018 10:31:17 AM	2.45	36.10	0.00	2.42	0.00	0.00	0.00	0.43	40.97	83.28	6.82	28.55	1298	36102	0	73	0	0	0	0	37473	145.16	39.24	33.40	168.51	39.44	170.46	33.74	1.67	45.49	14.18
8/16/2018 10:31:19 AM	2.07	37.03	0.00	2.78	0.00	0.00	0.00	0.43	41.88	82.80	6.97	27.46	1097	37031	0	83	0	0	0	0	38212	144.33	40.49	35.06	172.91	40.27	175.78	34.42	1.68	45.43	14.20
8/16/2018 10:31:22 AM	1.93	37.69	0.00	2.95	0.00	0.00	0.00	0.47	42.57	82.96	7.11	26.73	1021	37695	0	89	0	0	0	0	38804	144.61	41.60	36.00	176.24	41.29	179.06	35.25	1.70	45.36	14.17
8/16/2018 10:31:24 AM	2.82	37.31	0.00	2.16	0.00	0.00	0.00	0.43	42.29	83.04	7.25	26.33	1493	37309	0	65	0	0	0	0	38866	144.76	39.96	35.11	174.47	40.33	173.71	34.12	1.71	45.29	14.19
8/16/2018 10:31:27 AM	3.72	36.17	0.07	1.34	0.00	0.00	0.00	0.42	41.30	83.33	7.36	27.00	1973	36167	31	40	0	0	0	0	38211	145.25	37.79	33.27	169.12	39.26	165.47	33.23	1.72	45.22	14.16
8/16/2018 10:31:29 AM	3.30	33.65	0.00	1.74	0.00	0.00	0.00	0.44	38.69	82.92	7.52	27.28	1748	33653	0	52	0	0	0	0	35453	144.55	36.37	30.88	157.77	37.62	156.75	32.68	1.74	45.12	14.16
8/16/2018 10:31:31 AM	1.78	31.13	0.00	2.64	0.00	0.00	0.00	0.51	35.55	82.84	7.65	26.25	944	31132	0	79	0	0	0	0	32155	144.40	35.72	29.95	146.62	35.95	149.22	31.53	1.75	45.05	14.15
8/16/2018 10:31:34 AM	1.55	32.66	0.00	3.15	0.00	0.00	0.00	0.58	37.36	82.88	7.78	25.62	819	32657	0	95	0	0	0	0	33570	144.48	37.74	31.77	153.34	38.53	158.92	34.17	1.76	44.98	14.14
8/16/2018 10:31:36 AM	2.81	32.61	0.00	2.20	0.00	0.00	0.00	0.49	37.62	82.44	7.85	25.18	1487	32610	0	66	0	0	0	0	34164	143.70	36.20	30.68	153.15	37.50	154.51	33.19	1.77	44.91	14.14
8/16/2018 10:31:38 AM	3.09	32.40	0.00	1.90	0.00	0.00	0.00	0.51	37.39	82.32	7.94	25.60	1636	32400	0	57	0	0	0	0	34093	143.49	35.74	30.57	152.46	37.41	151.82	32.88	1.78	44.81	14.12
8/16/2018 10:31:41 AM	3.89	29.55	0.89	0.50	0.00	0.00	0.00	0.40	34.82	82.37	8.06	25.26	2060	29549	401	15	0	0	0	0	32025	143.57	31.69	27.31	138.73	34.24	134.75	31.30	1.79	44.72	14.10
8/16/2018 10:31:43 AM	3.05	30.69	0.00	1.90	0.00	0.00	0.00	0.48	35.63	81.20	8.20	23.96	1615	30688	0	57	0	0	0	0	32359	141.55	33.90	28.96	144.33	35.75	144.98	31.90	1.80	44.64	14.13
8/16/2018 10:31:46 AM	3.35	31.00	0.00	2.01	0.00	0.00	0.00	0.52	36.36	81.34	8.29	24.28	1775	31004	0	60	0	0	0	0	32840	141.79	34.94	29.78	146.60	37.00	146.62	33.77	1.81	44.54	14.09
8/16/2018 10:31:48 AM	4.04	30.72	1.13	0.51	0.00	0.00	0.00	0.40	36.40	81.15	8.41	25.00	2141	30718	510	15	0	0	0	0	33385	141.45	33.36	28.64	144.43	35.81	140.06	33.34	1.82	44.46	14.12
8/16/2018 10:31:50 AM	3.94	30.17	0.00	1.69	0.00	0.00	0.00	0.42	35.80	81.08	8.52	24.84	2088	30172	0	51	0	0	0	0	32311	141.34	33.59	29.05	143.04	35.61	141.70	33.20	1.83	44.37	14.08
8/16/2018 10:31:53 AM	2.65	28.83	0.00	2.33	0.00	0.00	0.00	0.57	33.81	80.29	8.64	24.99	1405	28835	0	70	0	0	0	0	30310	139.96	33.30	27.46	136.03	35.50	139.43	32.63	1.85	44.27	14.06
8/16/2018 10:31:55 AM	3.75	27.21	0.00	1.82	0.00	0.00	0.00	0.49	32.78	79.76	8.81	24.71	1989	27209	0	55	0	0	0	0	29253	139.04	31.50	26.18	129.59	34.02	130.03	32.70	1.86	44.17	14.06
8/16/2018 10:31:57 AM	2.95	27.19	0.00	2.22	0.00	0.00	0.00	0.53	32.36	79.73	8.93	24.31	1564	27195	0	67	0	0	0	0	28825	138.98	31.82	26.32	129.01	34.14	131.86	32.29	1.88	44.10	14.05
8/16/2018 10:32:00 AM	3.15	26.36	0.00	1.75	0.00	0.00	0.00	0.52	31.27	79.87	9.07	25.09	1672	26362	0	53	0	0	0	0	28086	139.22	30.39	24.96	125.09	32.74	125.78	30.46	1.89	44.00	14.05
8/16/2018 10:32:02 AM	3.78	27.31	0.00	1.94	0.00	0.00	0.00	0.50	33.03	79.15	9.18	24.57	2005	27308	0	58	0	0	0	0	29371	137.97	32.10	26.31	130.38	34.50	130.94	33.49	1.90	43.89	14.03
8/16/2018 10:32:05 AM	3.22	28.32	0.00	1.78	0.00	0.00	0.00	0.54	33.32	79.18	9.30	24.29	1707	28321	0	53	0	0	0	0	30082	138.02	32.18	27.26	134.25	34.59	133.89	31.62	1.91	43.79	14.01
8/16/2018 10:32:07 AM	3.43	28.69	0.00	1.76	0.00	0.00	0.00	0.51	33.88	78.61	9.46	24.22	1820	28687	0	53	0	0	0	0	30560	137.03	32.42	27.30	135.83	34.78	135.78	32.08	1.93	43.69	14.03
8/16/2018 10:32:09 AM	2.72	26.93	0.00	2.76	0.00	0.00	0.00	0.51	32.41	79.01	9.59	23.53	1441	26932	0	83	0	0	0	0	28455	137.74	32.19	26.29	127.58	34.45	134.25	33.68	1.94	43.59	13.99
8/16/2018 10:32:12 AM	2.36	27.53	0.00	2.43	0.00	0.00	0.00	0.58	32.33	79.00	9.73	23.25	1253	27532	0	73	0	0	0	0	28858	137.71	32.14	26.79	130.05	34.47	134.22	31.85	1.95	43.49	13.98
8/16/2018 10:32:14 AM	2.73	27.29	0.00	1.90	0.00	0.00	0.00	0.54	31.92	79.10	9.85	23.69	1446	27293	0	57	0	0	0	0	28796	137.88	31.18	26.36	129.18	33.34	130.02	30.24	1.96	43.41	13.97
8/16/2018 10:32:16 AM	3.49	27.79	0.00	1.84	0.00	0.00	0.00	0.52	33.11	79.16	9.99	24.19	1848	27790	0	55	0	0	0	0	29692	137.99	31.89	27.08	132.13	34.48	132.16	32.39	1.98	43.28	13.97
8/16/2018 10:32:19 AM	4.10	28.64	0.31	1.19	0.00	0.00	0.00	0.51	34.24	78.93	10.13	24.23	2174	28641	141	36	0	0	0	0	30992	137.59	32.17	26.91	135.77	35.21	133.48	33.07	1.99	43.20	13.95
8/16/2018 10:32:21 AM	4.05	27.75	0.00	1.36	0.00	0.00	0.00	0.51	33.16	79.02	10.25	24.02	2146	27753	0	41	0	0	0	0	29940	137.75	31.12	26.83	132.02	34.27	129.74	32.00	2.00	43.09	13.95
8/16/2018 10:32:24 AM	2.65	27.12	0.00	2.38	0.00	0.00	0.00	0.57	32.15	78.71	10.35	23.80	1403	27124	0	71	0	0	0	0	28598	137.21	31.86	27.39	128.87	34.43	131.81	32.36	2.01	42.98	13.93
8/16/2018 10:32:26 AM	3.87	27.83	0.00	1.68	0.00	0.00	0.00	0.53	33.37	78.85	10.43	23.68	2049	27829	0	50	0	0	0	0	29928	137.45	31.72	26.83	132.24	34.90	132.07	33.03	2.02	42.89	13.88
8/16/2018 10:32:28 AM	3.62	29.29	1.71	0.00	0.00	0.00	0.00	0.47	34.62	78.84	10.53	23.77	1921	29287	769	0	0	0	0	0	31977	137.44	31.90	27.01	137.40	34.91	131.95	32.34	2.03	42.77	13.91
8/16/2018 10:32:31 AM	3.37	27.49	0.00	1.88	0.00	0.00	0.00	0.59	32.74	79.07	10.64	24.06	1787	27489	0	56	0	0	0	0	29332	137.84	31.89	26.79	130.76	34.91	131.08	32.69	2.04	42.65	13.88
8/16/2018 10:32:33 AM	3.75	27.45	0.00	1.87	0.00	0.00	0.00	0.57	33.07	78.58	10.74	23.64	1987	27445	0	56	0	0	0	0	29489	136.98	31.89	26.56	130.63	35.18	131.48	33.69	2.05	42.54	13.87
8/16/2018 10:32:35 AM	4.08	28.60	0.84	0.70	0.00	0.00	0.00	0.54	34.22	78.44	10.78	23.54	2164	28602	376	21	0	0	0	0	31164	136.73	31.91	26.66	135.08	35.46	131.84	33.37	2.06	42.45	13.87
8/16/2018 10:32:38 AM	4.10	29.80	0.00	1.40	0.00	0.00	0.00	0.56	35.30	78.37	10.87	24.12	2175	29798	0	42	0	0	0	0	32015	136.61	32.96	27.80	140.79	36.42	139.36	33.39	2.06	42.34	13.85
8/16/2018 10:32:40 AM	3.49	29.76	0.00	2.31	0.00	0.00	0.00	0.52	35.55	78.20	10.95	24.27	1849	29756	0	69	0	0	0	0	31674	136.31	34.29	27.86	140.47	36.86	144.39	35.16	2.07	42.22	13.84
8/16/2018 10:32:43 AM	3.13	28.94	0.00	2.09	0.00	0.00	0.00	0.62	34.16	78.31	11.02	24.27	1657	28944	0	63	0	0	0	0	30664	136.51	33.18	27.43	136.57	36.41	139.17	33.59	2.08	42.11	13.80
8/16/2018 10:32:45 AM	2.61	29.67	0.00	2.28	0.00	0.00	0.00	0.64	34.56	78.30	11.08	24.44	1386	29666	0	69	0	0	0	0	31120	136.49	33.67	28.85	139.57	36.87	142.84	33.25	2.09	42.02	13.78
8/16/2018 10:32:47 AM	3.86	30.91	0.00	1.46	0.00	0.00	0.00	0.56	36.22	78.38	11.14	24.95	2044	30907	0	44	0	0	0	0	32995	136.63	33.59	29.38	145.54	37.14	144.22	33.32	2.09	41.91	13.76
8/16/2018 10:32:50 AM	2.95	29.70	0.00	2.44	0.00	0.00	0.00	0.60	35.10	78.28	11.22	24.53	1566	29698	0	73	0	0	0	0	31338	136.46	34.18	29.10	140.20	37.22	144.05	34.71	2.10	41.80	13.74
8/16/2018 10:32:52 AM	4.01	31.56	0.00	2.45	0.00	0.00	0.00	0.52	38.02	77.33	11.33	23.61	2127	31557	0	73	0	0	0	0	33757	134.80	36.69	30.56	149.89	39.25	152.22	38.09	2.11	41.69	13.73
