Date/Time	Green Algae	Bluegreen	Diatoms	Cryptophyta	#5	#6	#7	Yellow substances	Total conc.	Transmission	Depth	Temp. Sample	Green Algae	Bluegreen	Diatoms	Cryptophyta	#5	#6	#7	Yellow substances	Total cell count	Trans. 700 nm	LED 3 [525 nm]	LED 4 [570 nm]	LED 5 [610 nm]	LED 6 [370 nm]	LED 7 [590 nm]	LED 8 [470 nm]	Pressure	Temp. LEDs	Temp. Sensor
date	µg/l	µg/l	µg/l	µg/l	µg/l	µg/l	µg/l	r.u.	µg/l	%	m	°C	cells/ml	cells/ml	cells/ml	cells/ml	cells/ml	cells/ml	cells/ml	r.u.	cells/ml	digits	digits	digits	digits	digits	digits	digits	bar	°C	°C
10/22/2018 11:25:21 AM	3.11	1.25	4.21	0.50	0.00	0.00	0.00	0.34	9.07	84.72	0.64	32.92	1647	1252	1897	15	0	0	0	0	4810	147.67	15.78	4.76	15.07	16.88	17.25	33.49	1.06	21.67	6.84
10/22/2018 11:25:24 AM	3.45	0.81	2.74	1.38	0.00	0.00	0.00	0.52	8.38	85.61	0.97	33.05	1830	805	1234	41	0	0	0	0	3911	149.22	15.32	5.44	14.17	17.91	17.45	33.29	1.09	21.76	6.87
10/22/2018 11:25:26 AM	3.73	0.96	2.95	1.30	0.00	0.00	0.00	0.52	8.94	85.19	1.12	33.04	1977	959	1330	39	0	0	0	0	4305	148.49	15.89	5.18	14.94	18.67	18.49	34.83	1.11	21.84	6.85
10/22/2018 11:25:28 AM	3.65	0.87	2.95	1.52	0.00	0.00	0.00	0.52	8.99	85.05	1.22	32.99	1933	865	1330	46	0	0	0	0	4173	148.25	16.48	5.42	14.99	18.91	18.90	35.55	1.12	21.93	6.87
10/22/2018 11:25:31 AM	4.12	0.92	3.03	1.41	0.00	0.00	0.00	0.49	9.48	85.32	1.39	32.96	2183	923	1364	42	0	0	0	0	4513	148.71	16.52	5.92	15.64	19.25	18.85	36.67	1.14	22.01	6.87
10/22/2018 11:25:33 AM	4.19	0.65	2.57	1.95	0.00	0.00	0.00	0.50	9.35	85.22	1.48	32.95	2219	648	1157	58	0	0	0	0	4083	148.55	16.92	6.29	15.27	19.31	19.34	37.15	1.14	22.08	6.87
10/22/2018 11:25:35 AM	4.19	0.91	3.18	1.48	0.00	0.00	0.00	0.43	9.77	85.29	1.57	32.85	2220	914	1433	44	0	0	0	0	4612	148.67	16.96	6.02	15.93	19.04	19.30	37.33	1.15	22.19	6.90
10/22/2018 11:25:38 AM	4.41	0.91	3.11	1.51	0.00	0.00	0.00	0.42	9.94	85.21	1.65	32.80	2339	907	1401	45	0	0	0	0	4692	148.53	16.98	6.31	16.18	19.18	19.35	37.79	1.16	22.25	6.91
10/22/2018 11:25:40 AM	4.32	0.77	3.24	1.74	0.00	0.00	0.00	0.53	10.07	85.21	1.79	32.82	2289	769	1459	52	0	0	0	0	4569	148.53	18.15	6.55	16.19	20.73	19.85	39.94	1.18	22.32	6.91
10/22/2018 11:25:43 AM	4.57	0.97	3.49	1.33	0.00	0.00	0.00	0.44	10.35	85.31	1.97	32.83	2422	969	1570	40	0	0	0	0	5001	148.69	17.52	5.90	16.39	19.99	19.67	39.33	1.19	22.40	6.91
10/22/2018 11:25:45 AM	4.35	0.83	2.79	1.69	0.00	0.00	0.00	0.46	9.67	85.00	2.13	32.88	2308	828	1257	51	0	0	0	0	4444	148.16	16.83	5.73	15.65	19.25	19.74	37.32	1.21	22.46	6.95
10/22/2018 11:25:47 AM	4.58	0.96	2.88	1.35	0.00	0.00	0.00	0.48	9.78	85.30	2.37	32.86	2429	963	1295	41	0	0	0	0	4728	148.69	16.25	5.81	15.89	19.42	19.06	37.13	1.23	22.54	6.95
10/22/2018 11:25:50 AM	3.17	1.17	4.08	0.99	0.00	0.00	0.00	0.47	9.42	85.10	2.57	32.85	1683	1170	1836	30	0	0	0	0	4719	148.34	17.30	5.97	16.07	18.96	18.51	36.35	1.25	22.60	6.95
10/22/2018 11:25:52 AM	3.29	0.92	3.15	1.39	0.00	0.00	0.00	0.61	8.75	85.13	2.81	32.87	1744	923	1416	42	0	0	0	0	4125	148.39	16.51	5.99	15.11	19.39	18.18	35.32	1.28	22.69	6.95
10/22/2018 11:25:54 AM	3.85	1.02	3.38	1.14	0.00	0.00	0.00	0.51	9.38	85.26	2.99	32.87	2041	1018	1520	34	0	0	0	0	4612	148.61	16.47	5.57	15.50	19.25	18.44	36.32	1.29	22.78	6.95
10/22/2018 11:25:57 AM	3.65	0.99	3.24	1.41	0.00	0.00	0.00	0.56	9.30	85.46	3.20	32.79	1936	993	1459	42	0	0	0	0	4430	148.97	16.99	5.68	15.67	19.65	19.23	36.64	1.31	22.81	6.98
10/22/2018 11:25:59 AM	3.46	1.00	3.40	1.41	0.00	0.00	0.00	0.59	9.28	85.05	3.40	32.77	1836	1001	1530	42	0	0	0	0	4409	148.24	17.34	5.98	15.82	19.98	19.16	36.99	1.33	22.88	6.97
10/22/2018 11:26:02 AM	3.64	0.93	3.59	1.46	0.00	0.00	0.00	0.54	9.62	85.44	3.61	32.75	1928	935	1615	44	0	0	0	0	4521	148.93	17.84	6.09	15.94	20.07	19.36	38.15	1.35	22.98	6.99
10/22/2018 11:26:04 AM	3.36	1.02	3.75	1.55	0.00	0.00	0.00	0.59	9.68	85.20	3.81	32.75	1783	1016	1688	47	0	0	0	0	4534	148.50	18.60	5.87	16.30	20.72	20.34	38.86	1.37	23.03	7.01
10/22/2018 11:26:06 AM	3.72	0.83	3.28	1.86	0.00	0.00	0.00	0.61	9.70	85.34	4.05	32.73	1974	832	1476	56	0	0	0	0	4338	148.75	18.53	6.62	16.29	21.01	20.25	39.38	1.40	23.11	7.02
10/22/2018 11:26:09 AM	3.72	1.08	4.02	1.52	0.00	0.00	0.00	0.59	10.33	85.52	4.28	32.69	1969	1077	1808	46	0	0	0	0	4899	149.07	19.39	6.34	17.19	21.65	20.91	41.04	1.42	23.17	7.02
10/22/2018 11:26:11 AM	3.86	0.95	3.64	1.81	0.00	0.00	0.00	0.58	10.26	85.38	4.48	32.67	2046	947	1637	54	0	0	0	0	4685	148.83	19.32	6.78	17.13	21.52	21.02	40.97	1.44	23.25	7.03
10/22/2018 11:26:13 AM	4.07	0.90	3.65	1.95	0.00	0.00	0.00	0.57	10.56	85.50	4.70	32.63	2157	900	1641	58	0	0	0	0	4757	149.04	19.84	6.86	17.38	21.98	21.60	42.22	1.46	23.29	7.03
10/22/2018 11:26:16 AM	3.68	0.86	3.47	1.79	0.00	0.00	0.00	0.61	9.80	85.49	5.00	32.64	1950	858	1562	54	0	0	0	0	4424	149.02	18.78	6.45	16.33	21.23	20.34	39.82	1.49	23.36	7.04
10/22/2018 11:26:18 AM	3.55	0.90	3.62	1.70	0.00	0.00	0.00	0.62	9.78	85.43	5.21	32.63	1881	902	1629	51	0	0	0	0	4463	148.91	18.84	6.25	16.30	21.21	20.33	39.71	1.51	23.44	7.05
10/22/2018 11:26:21 AM	3.50	0.90	3.49	1.62	0.00	0.00	0.00	0.60	9.51	85.50	5.45	32.61	1857	903	1570	49	0	0	0	0	4379	149.03	18.17	6.30	16.02	20.61	19.66	38.48	1.53	23.51	7.05
10/22/2018 11:26:23 AM	3.70	0.86	3.05	1.75	0.00	0.00	0.00	0.64	9.37	85.54	5.82	32.59	1962	856	1375	53	0	0	0	0	4244	149.10	17.73	6.24	15.84	20.73	19.75	38.09	1.57	23.57	7.07
10/22/2018 11:26:25 AM	3.70	0.89	3.27	1.64	0.00	0.00	0.00	0.63	9.51	85.51	6.16	32.51	1962	894	1470	49	0	0	0	0	4376	149.04	17.92	6.15	15.95	20.87	19.75	38.51	1.60	23.64	7.08
10/22/2018 11:26:28 AM	3.57	0.90	3.43	1.56	0.00	0.00	0.00	0.65	9.45	85.72	6.46	32.44	1892	896	1541	47	0	0	0	0	4375	149.42	18.03	6.04	15.80	21.03	19.54	38.59	1.63	23.69	7.06
10/22/2018 11:26:30 AM	3.49	0.89	3.30	1.52	0.00	0.00	0.00	0.67	9.20	85.68	6.75	32.33	1851	886	1485	45	0	0	0	0	4268	149.34	17.55	6.00	15.50	20.75	19.06	37.69	1.66	23.76	7.09
10/22/2018 11:26:32 AM	3.33	0.90	3.19	1.31	0.00	0.00	0.00	0.70	8.73	85.81	6.99	32.19	1766	896	1436	39	0	0	0	0	4136	149.58	16.67	5.55	14.80	20.34	18.14	36.08	1.69	23.82	7.09
10/22/2018 11:26:35 AM	3.38	0.94	3.08	1.26	0.00	0.00	0.00	0.69	8.65	85.82	7.12	32.14	1790	937	1384	38	0	0	0	0	4149	149.59	16.26	5.49	14.79	20.02	18.01	35.41	1.70	23.87	7.10
10/22/2018 11:26:37 AM	3.28	0.92	3.09	1.33	0.00	0.00	0.00	0.71	8.61	85.78	7.25	32.15	1738	920	1388	40	0	0	0	0	4086	149.52	16.45	5.54	14.79	20.17	18.13	35.55	1.71	23.93	7.09
10/22/2018 11:26:40 AM	3.08	0.91	2.81	1.22	0.00	0.00	0.00	0.73	8.02	85.75	7.59	32.05	1630	907	1265	37	0	0	0	0	3838	149.46	15.42	5.12	14.01	19.48	17.29	33.44	1.74	24.01	7.10
10/22/2018 11:26:42 AM	2.91	0.97	2.82	1.05	0.00	0.00	0.00	0.74	7.74	85.73	7.93	31.90	1543	966	1267	31	0	0	0	0	3807	149.43	14.86	4.91	13.74	19.11	16.72	32.27	1.78	24.06	7.12
10/22/2018 11:26:44 AM	2.79	1.08	2.90	0.82	0.00	0.00	0.00	0.77	7.59	85.56	8.27	31.82	1481	1077	1305	25	0	0	0	0	3887	149.14	14.44	4.84	13.76	19.07	16.24	31.54	1.81	24.10	7.12
10/22/2018 11:26:47 AM	2.83	0.98	2.81	0.90	0.00	0.00	0.00	0.75	7.53	85.67	8.54	31.82	1502	982	1264	27	0	0	0	0	3775	149.34	14.37	4.71	13.40	18.78	16.14	31.39	1.84	24.16	7.12
10/22/2018 11:26:49 AM	2.80	1.00	2.83	0.85	0.00	0.00	0.00	0.75	7.49	85.75	8.66	31.79	1486	1003	1274	26	0	0	0	0	3789	149.47	14.28	4.66	13.38	18.79	16.04	31.25	1.85	24.22	7.16
10/22/2018 11:26:51 AM	3.07	1.04	2.81	0.90	0.00	0.00	0.00	0.74	7.82	85.61	8.77	31.75	1624	1041	1267	27	0	0	0	0	3959	149.23	14.52	4.93	13.90	19.10	16.48	32.10	1.86	24.27	7.16
