Date/Time	Green Algae	Bluegreen	Diatoms	Cryptophyta	#5	#6	#7	Yellow substances	Total conc.	Transmission	Depth	Temp. Sample	Green Algae	Bluegreen	Diatoms	Cryptophyta	#5	#6	#7	Yellow substances	Total cell count	Trans. 700 nm	LED 3 [525 nm]	LED 4 [570 nm]	LED 5 [610 nm]	LED 6 [370 nm]	LED 7 [590 nm]	LED 8 [470 nm]	Pressure	Temp. LEDs	Temp. Sensor
date	µg/l	µg/l	µg/l	µg/l	µg/l	µg/l	µg/l	r.u.	µg/l	%	m	°C	cells/ml	cells/ml	cells/ml	cells/ml	cells/ml	cells/ml	cells/ml	r.u.	cells/ml	digits	digits	digits	digits	digits	digits	digits	bar	°C	°C
7/19/2018 10:08:30 AM	2.67	1.70	4.49	0.03	0.00	0.00	0.00	0.58	8.88	83.57	0.22	49.72	1416	1696	2019	1	0	0	0	0	5132	145.68	15.68	4.55	15.95	18.70	17.39	33.28	1.02	38.41	11.82
7/19/2018 10:08:32 AM	2.25	1.64	4.66	0.54	0.00	0.00	0.00	0.50	9.10	81.87	0.26	52.71	1195	1639	2098	16	0	0	0	0	4949	142.71	17.30	4.33	16.34	18.51	19.50	34.39	1.02	38.46	11.82
7/19/2018 10:08:35 AM	4.86	1.92	4.83	0.00	0.00	0.00	0.00	0.29	11.60	84.09	0.37	52.95	2575	1916	2171	0	0	0	0	0	6663	146.59	17.18	4.77	18.95	19.59	20.28	39.48	1.04	38.54	11.83
7/19/2018 10:08:37 AM	2.83	1.72	6.03	0.04	0.00	0.00	0.00	0.47	10.62	84.50	0.50	53.18	1501	1722	2712	1	0	0	0	0	5936	147.29	19.28	4.65	17.49	20.47	19.64	39.76	1.05	38.59	11.83
7/19/2018 10:08:39 AM	1.56	1.44	6.17	0.10	0.00	0.00	0.00	0.69	9.28	83.21	0.61	53.17	829	1442	2776	3	0	0	0	0	5050	145.05	19.39	4.91	15.76	21.11	17.65	38.30	1.06	38.66	11.84
7/19/2018 10:08:42 AM	3.60	1.45	5.72	0.00	0.00	0.00	0.00	0.46	10.78	84.44	0.65	53.01	1910	1453	2575	0	0	0	0	0	5938	147.18	18.60	5.30	17.11	20.72	17.90	40.58	1.06	38.71	11.84
7/19/2018 10:08:44 AM	3.31	1.65	6.02	0.34	0.00	0.00	0.00	0.32	11.32	84.44	0.66	52.68	1754	1651	2708	10	0	0	0	0	6123	147.19	20.01	5.55	18.40	20.10	20.53	41.37	1.06	38.79	11.87
7/19/2018 10:08:47 AM	2.58	1.35	5.13	0.62	0.00	0.00	0.00	0.57	9.69	84.09	0.68	52.32	1368	1349	2309	19	0	0	0	0	5046	146.58	18.77	4.84	16.16	20.35	19.21	38.27	1.07	38.84	11.85
7/19/2018 10:08:49 AM	3.99	1.46	4.60	0.78	0.00	0.00	0.00	0.54	10.83	84.72	0.69	52.02	2116	1462	2070	23	0	0	0	0	5671	147.68	18.80	5.61	17.85	21.49	20.59	40.92	1.07	38.90	11.87
7/19/2018 10:08:51 AM	3.19	1.87	6.10	0.00	0.00	0.00	0.00	0.34	11.17	83.75	0.70	52.25	1692	1872	2746	0	0	0	0	0	6309	145.98	19.38	4.36	18.42	19.81	20.46	40.08	1.07	38.97	11.86
7/19/2018 10:08:54 AM	4.18	1.48	6.01	0.00	0.00	0.00	0.00	0.37	11.68	84.62	0.71	52.46	2218	1482	2704	0	0	0	0	0	6404	147.50	19.48	5.17	18.29	21.11	18.49	42.97	1.07	39.03	11.89
7/19/2018 10:08:56 AM	4.07	1.68	6.07	0.00	0.00	0.00	0.00	0.27	11.83	83.99	0.73	52.39	2157	1685	2734	0	0	0	0	0	6576	146.40	19.53	3.66	17.82	20.20	20.93	42.21	1.07	39.09	11.88
7/19/2018 10:08:58 AM	5.92	1.35	4.29	0.55	0.00	0.00	0.00	0.21	12.11	83.80	0.74	52.45	3139	1346	1931	17	0	0	0	0	6432	146.08	17.56	4.84	17.80	19.81	20.54	42.06	1.07	39.17	11.91
7/19/2018 10:09:01 AM	5.89	1.63	4.77	0.00	0.00	0.00	0.00	0.29	12.29	82.73	0.76	52.46	3122	1632	2144	0	0	0	0	0	6898	144.21	17.55	4.01	19.19	20.74	19.25	42.42	1.07	39.22	11.91
7/19/2018 10:09:03 AM	5.34	1.17	5.09	0.28	0.00	0.00	0.00	0.21	11.88	84.81	0.76	52.39	2832	1170	2288	8	0	0	0	0	6299	147.84	18.12	4.93	16.84	19.82	18.88	42.51	1.07	39.29	11.94
7/19/2018 10:09:06 AM	4.88	1.52	5.93	0.00	0.00	0.00	0.00	0.20	12.33	83.79	0.76	52.10	2588	1523	2667	0	0	0	0	0	6778	146.06	19.27	5.57	18.91	20.31	18.99	43.55	1.07	39.36	11.95
7/19/2018 10:09:08 AM	4.07	1.83	5.70	0.00	0.00	0.00	0.00	0.42	11.60	84.17	0.76	51.84	2156	1834	2563	0	0	0	0	0	6553	146.73	19.02	5.54	18.95	21.22	20.10	41.77	1.07	39.43	11.91
7/19/2018 10:09:10 AM	4.97	1.80	5.93	0.00	0.00	0.00	0.00	0.13	12.70	84.52	0.77	51.74	2632	1802	2670	0	0	0	0	0	7104	147.33	19.36	6.26	20.50	19.94	19.81	43.37	1.08	39.50	11.93
7/19/2018 10:09:13 AM	3.94	1.53	6.72	0.00	0.00	0.00	0.00	0.20	12.18	85.14	0.79	52.13	2086	1532	3023	0	0	0	0	0	6640	148.40	20.85	2.67	18.46	20.24	20.11	43.94	1.08	39.55	11.97
7/19/2018 10:09:15 AM	4.31	1.55	5.26	0.00	0.00	0.00	0.00	0.48	11.12	85.05	0.82	52.43	2286	1551	2365	0	0	0	0	0	6203	148.25	18.35	2.55	18.14	21.16	18.40	40.96	1.08	39.61	11.95
7/19/2018 10:09:17 AM	4.67	1.55	5.26	0.55	0.00	0.00	0.00	0.22	12.03	85.28	0.84	52.32	2474	1555	2366	16	0	0	0	0	6412	148.65	19.34	5.02	18.55	20.00	21.53	42.47	1.08	39.66	11.97
7/19/2018 10:09:20 AM	2.52	1.13	6.28	0.50	0.00	0.00	0.00	0.50	10.43	83.73	0.87	52.24	1335	1130	2826	15	0	0	0	0	5306	145.95	20.73	5.57	16.22	21.22	18.59	42.03	1.09	39.73	11.97
7/19/2018 10:09:22 AM	3.43	1.40	5.15	1.00	0.00	0.00	0.00	0.47	10.97	84.22	0.88	52.46	1817	1396	2319	30	0	0	0	0	5562	146.81	20.23	6.30	18.24	21.28	21.09	41.94	1.09	39.81	11.98
7/19/2018 10:09:25 AM	3.75	2.06	6.61	0.00	0.00	0.00	0.00	0.37	12.42	84.59	0.90	52.58	1989	2060	2974	0	0	0	0	0	7022	147.45	21.10	6.75	21.53	22.04	20.64	44.46	1.09	39.87	11.98
7/19/2018 10:09:27 AM	3.37	1.67	5.50	0.62	0.00	0.00	0.00	0.39	11.16	84.76	0.91	52.51	1785	1673	2474	19	0	0	0	0	5950	147.74	19.95	4.71	18.30	20.51	21.89	41.09	1.09	39.94	12.00
7/19/2018 10:09:29 AM	2.99	2.27	6.74	0.00	0.00	0.00	0.00	0.43	12.00	84.70	0.92	52.57	1583	2273	3035	0	0	0	0	0	6891	147.64	21.36	5.65	21.32	21.91	22.02	43.14	1.09	40.01	12.02
7/19/2018 10:09:32 AM	2.20	1.94	6.84	0.00	0.00	0.00	0.00	0.48	10.98	84.89	0.95	52.46	1166	1939	3077	0	0	0	0	0	6182	147.98	20.95	4.96	18.67	21.19	20.78	41.31	1.09	40.06	12.02
7/19/2018 10:09:34 AM	3.92	1.68	4.80	0.69	0.00	0.00	0.00	0.64	11.09	84.79	0.99	52.29	2078	1675	2159	21	0	0	0	0	5933	147.79	19.43	5.44	18.65	22.80	21.59	42.10	1.10	40.14	12.02
7/19/2018 10:09:36 AM	4.96	1.16	5.02	0.73	0.00	0.00	0.00	0.19	11.86	85.19	1.01	52.21	2628	1155	2259	22	0	0	0	0	6064	148.50	19.15	4.26	16.95	19.72	20.87	42.79	1.10	40.19	12.03
7/19/2018 10:09:39 AM	3.85	1.90	5.74	0.13	0.00	0.00	0.00	0.41	11.62	85.00	1.03	52.22	2040	1902	2583	4	0	0	0	0	6529	148.16	19.46	5.23	19.16	21.15	21.11	41.77	1.10	40.27	12.03
7/19/2018 10:09:41 AM	3.19	1.95	6.50	0.00	0.00	0.00	0.00	0.43	11.63	84.30	1.05	52.15	1691	1946	2923	0	0	0	0	0	6560	146.95	20.66	4.64	19.59	21.51	20.84	42.58	1.10	40.33	12.04
7/19/2018 10:09:44 AM	5.36	2.19	5.77	0.00	0.00	0.00	0.00	0.27	13.32	84.52	1.07	51.96	2842	2189	2597	0	0	0	0	0	7628	147.32	19.96	5.92	22.63	21.90	21.64	45.14	1.10	40.39	12.08
7/19/2018 10:09:46 AM	3.74	2.22	6.38	0.00	0.00	0.00	0.00	0.37	12.34	84.74	1.09	51.79	1981	2216	2872	0	0	0	0	0	7068	147.71	20.79	5.14	21.42	21.71	21.92	43.47	1.11	40.45	12.06
7/19/2018 10:09:48 AM	3.60	2.14	6.37	0.00	0.00	0.00	0.00	0.37	12.11	83.75	1.12	51.58	1907	2140	2866	0	0	0	0	0	6913	145.98	20.57	5.73	21.26	21.43	21.02	42.92	1.11	40.52	12.07
7/19/2018 10:09:51 AM	3.28	1.82	6.98	0.00	0.00	0.00	0.00	0.40	12.09	84.19	1.16	51.52	1741	1819	3142	0	0	0	0	0	6702	146.75	21.65	5.70	20.04	22.11	20.25	44.76	1.11	40.59	12.09
7/19/2018 10:09:53 AM	2.91	1.81	6.67	0.00	0.00	0.00	0.00	0.48	11.39	84.29	1.18	51.56	1544	1808	3000	0	0	0	0	0	6351	146.93	20.86	5.09	18.71	21.85	20.39	42.84	1.12	40.65	12.09
7/19/2018 10:09:55 AM	5.04	1.73	4.82	0.55	0.00	0.00	0.00	0.28	12.15	84.78	1.21	51.51	2672	1729	2170	17	0	0	0	0	6588	147.78	18.73	6.53	19.83	20.50	21.31	42.27	1.12	40.71	12.11
7/19/2018 10:09:58 AM	3.99	1.50	6.18	0.00	0.00	0.00	0.00	0.28	11.68	84.86	1.21	51.71	2116	1501	2782	0	0	0	0	0	6400	147.93	19.70	3.72	18.20	20.21	18.95	42.40	1.12	40.76	12.12
7/19/2018 10:10:00 AM	4.44	1.55	5.59	0.03	0.00	0.00	0.00	0.31	11.62	85.04	1.23	51.81	2355	1551	2518	1	0	0	0	0	6425	148.23	18.67	3.93	17.33	20.27	20.03	41.70	1.12	40.83	12.14
7/19/2018 10:10:03 AM	3.05	1.93	6.52	0.05	0.00	0.00	0.00	0.50	11.54	85.01	1.24	51.69	1615	1926	2934	1	0	0	0	0	6476	148.18	20.79	6.27	19.58	22.14	20.59	43.00	1.12	40.89	12.15
7/19/2018 10:10:05 AM	3.88	1.68	6.42	0.00	0.00	0.00	0.00	0.26	11.98	85.12	1.24	51.63	2055	1681	2889	0	0	0	0	0	6624	148.37	20.18	5.17	19.17	20.43	19.61	43.00	1.12	40.96	12.14
7/19/2018 10:10:07 AM	2.97	1.97	6.91	0.00	0.00	0.00	0.00	0.45	11.84	85.30	1.24	51.63	1573	1968	3108	0	0	0	0	0	6649	148.68	21.55	6.07	20.81	22.19	20.06	43.88	1.12	41.02	12.14
7/19/2018 10:10:10 AM	3.93	1.93	5.77	0.00	0.00	0.00	0.00	0.52	11.63	84.24	1.25	51.60	2081	1930	2599	0	0	0	0	0	6609	146.83	19.60	4.17	19.17	22.26	21.02	42.51	1.12	41.09	12.16
7/19/2018 10:10:12 AM	3.21	1.14	5.66	1.04	0.00	0.00	0.00	0.43	11.06	85.34	1.29	51.53	1703	1145	2546	31	0	0	0	0	5425	148.76	21.16	6.01	17.41	21.30	20.73	43.27	1.13	41.15	12.18
7/19/2018 10:10:14 AM	3.06	1.51	5.41	1.08	0.00	0.00	0.00	0.39	11.05	85.11	1.31	51.58	1621	1507	2434	32	0	0	0	0	5594	148.36	20.76	6.71	18.90	20.64	21.69	41.66	1.13	41.22	12.18
7/19/2018 10:10:17 AM	3.48	1.24	5.34	1.23	0.00	0.00	0.00	0.51	11.30	83.80	1.34	51.76	1847	1243	2401	37	0	0	0	0	5527	146.07	21.45	6.50	18.31	22.45	21.71	44.29	1.13	41.27	12.18
7/19/2018 10:10:19 AM	3.68	1.82	6.61	0.00	0.00	0.00	0.00	0.44	12.11	84.30	1.35	51.91	1952	1820	2973	0	0	0	0	0	6745	146.94	21.00	6.03	19.54	22.39	20.64	44.68	1.13	41.32	12.21
7/19/2018 10:10:22 AM	4.72	1.59	6.10	0.00	0.00	0.00	0.00	0.27	12.42	84.43	1.39	51.90	2502	1589	2747	0	0	0	0	0	6838	147.18	19.95	5.35	20.23	21.12	18.41	44.34	1.14	41.37	12.21
7/19/2018 10:10:24 AM	4.36	2.00	6.12	0.00	0.00	0.00	0.00	0.37	12.48	84.93	1.42	52.01	2311	1999	2755	0	0	0	0	0	7065	148.04	20.32	5.35	20.84	21.96	21.04	44.22	1.14	41.45	12.23
7/19/2018 10:10:26 AM	3.71	1.76	5.68	0.65	0.00	0.00	0.00	0.63	11.81	84.94	1.42	52.26	1967	1765	2555	20	0	0	0	0	6306	148.07	21.42	4.66	19.21	23.89	23.27	45.08	1.14	41.48	12.25
7/19/2018 10:10:29 AM	5.68	1.30	5.47	0.93	0.00	0.00	0.00	0.11	13.38	85.08	1.44	52.32	3012	1305	2459	28	0	0	0	0	6804	148.30	20.98	8.32	20.44	21.22	21.37	47.37	1.14	41.55	12.26
7/19/2018 10:10:31 AM	5.45	1.24	4.21	1.16	0.00	0.00	0.00	0.24	12.06	85.33	1.45	52.17	2889	1236	1893	35	0	0	0	0	6053	148.74	19.01	5.12	18.11	20.29	22.23	43.07	1.14	41.62	12.27
7/19/2018 10:10:33 AM	3.02	1.38	6.41	0.36	0.00	0.00	0.00	0.54	11.18	85.08	1.48	51.96	1602	1383	2884	11	0	0	0	0	5880	148.31	21.14	6.44	17.87	22.44	19.27	43.92	1.14	41.68	12.25
7/19/2018 10:10:36 AM	3.80	1.79	4.83	0.79	0.00	0.00	0.00	0.54	11.20	84.34	1.49	51.74	2012	1787	2172	24	0	0	0	0	5994	147.02	19.53	6.15	19.46	21.91	21.99	41.48	1.15	41.74	12.28
7/19/2018 10:10:38 AM	3.66	2.01	6.42	0.00	0.00	0.00	0.00	0.18	12.09	84.81	1.49	51.63	1940	2011	2890	0	0	0	0	0	6841	147.83	20.19	3.54	19.37	19.46	22.21	41.74	1.15	41.81	12.29
7/19/2018 10:10:41 AM	4.94	1.56	5.87	0.57	0.00	0.00	0.00	0.20	12.94	84.63	1.51	51.63	2618	1559	2643	17	0	0	0	0	6837	147.52	21.01	5.11	19.37	21.25	22.67	45.98	1.15	41.86	12.30
7/19/2018 10:10:43 AM	3.45	2.22	6.60	0.00	0.00	0.00	0.00	0.29	12.27	85.16	1.54	51.69	1829	2220	2972	0	0	0	0	0	7021	148.44	20.85	6.76	22.09	20.89	20.88	42.88	1.15	41.92	12.31
7/19/2018 10:10:45 AM	2.18	2.05	7.43	0.00	0.00	0.00	0.00	0.21	11.65	85.10	1.56	51.86	1154	2046	3343	0	0	0	0	0	6544	148.34	21.65	6.62	20.29	19.49	20.71	41.70	1.15	41.97	12.32
7/19/2018 10:10:48 AM	5.19	2.03	5.57	0.00	0.00	0.00	0.00	0.17	12.79	85.73	1.59	51.95	2750	2034	2505	0	0	0	0	0	7289	149.44	18.99	5.16	20.93	20.20	21.28	42.88	1.16	42.01	12.33
7/19/2018 10:10:50 AM	3.08	2.39	6.43	0.00	0.00	0.00	0.00	0.52	11.89	87.29	1.61	52.09	1631	2388	2892	0	0	0	0	0	6911	152.15	21.15	4.34	22.13	22.47	21.99	42.76	1.16	42.07	12.34
7/19/2018 10:10:52 AM	3.96	1.82	6.07	0.41	0.00	0.00	0.00	0.31	12.26	87.09	1.63	52.25	2099	1816	2733	12	0	0	0	0	6660	151.81	20.86	5.96	19.92	21.30	22.07	44.01	1.16	42.14	12.36
7/19/2018 10:10:55 AM	3.77	1.65	6.15	0.19	0.00	0.00	0.00	0.37	11.75	86.47	1.63	52.26	1996	1651	2766	6	0	0	0	0	6419	150.73	20.26	5.27	18.51	21.18	20.62	43.12	1.16	42.19	12.36
7/19/2018 10:10:57 AM	3.71	1.80	6.52	0.00	0.00	0.00	0.00	0.47	12.04	86.38	1.65	52.24	1966	1803	2936	0	0	0	0	0	6705	150.57	20.89	6.11	19.48	22.64	20.44	44.68	1.16	42.26	12.39
7/19/2018 10:11:00 AM	3.64	1.62	6.11	0.55	0.00	0.00	0.00	0.40	11.92	87.29	1.67	52.19	1932	1618	2747	17	0	0	0	0	6314	152.15	21.27	5.98	19.18	21.91	21.64	44.41	1.16	42.30	12.39
7/19/2018 10:11:02 AM	3.78	1.63	6.01	0.58	0.00	0.00	0.00	0.40	12.00	86.97	1.68	52.23	2004	1631	2704	17	0	0	0	0	6356	151.60	21.20	6.23	19.41	21.98	21.68	44.54	1.16	42.37	12.38
7/19/2018 10:11:04 AM	4.24	1.71	6.76	0.00	0.00	0.00	0.00	0.18	12.70	87.41	1.71	52.32	2245	1706	3041	0	0	0	0	0	6992	152.36	20.99	4.83	19.05	20.71	21.32	45.03	1.17	42.41	12.40
7/19/2018 10:11:07 AM	4.00	1.91	6.42	0.00	0.00	0.00	0.00	0.25	12.33	87.16	1.72	52.24	2120	1910	2887	0	0	0	0	0	6917	151.92	20.30	5.98	19.90	20.62	20.98	43.34	1.17	42.47	12.41
7/19/2018 10:11:09 AM	4.38	1.81	6.21	0.00	0.00	0.00	0.00	0.38	12.40	88.31	1.75	52.19	2324	1812	2792	0	0	0	0	0	6928	153.92	20.38	4.94	19.55	22.09	21.00	44.69	1.17	42.52	12.41
7/19/2018 10:11:12 AM	3.92	2.14	6.52	0.00	0.00	0.00	0.00	0.36	12.58	88.77	1.76	52.25	2077	2143	2934	0	0	0	0	0	7154	154.74	21.05	5.39	20.76	22.01	22.52	44.53	1.17	42.58	12.44
7/19/2018 10:11:14 AM	3.39	2.28	6.82	0.00	0.00	0.00	0.00	0.43	12.48	88.00	1.76	52.19	1794	2278	3068	0	0	0	0	0	7140	153.39	21.90	5.51	22.89	22.62	21.30	44.73	1.17	42.62	12.44
7/19/2018 10:11:16 AM	4.20	2.21	6.47	0.00	0.00	0.00	0.00	0.43	12.89	87.43	1.77	52.06	2228	2215	2911	0	0	0	0	0	7353	152.39	21.39	5.56	22.09	23.07	22.21	45.77	1.17	42.67	12.47
7/19/2018 10:11:19 AM	2.81	1.88	7.28	0.00	0.00	0.00	0.00	0.39	11.96	88.17	1.80	51.96	1488	1876	3276	0	0	0	0	0	6640	153.69	22.14	5.05	19.74	21.89	21.01	44.49	1.18	42.72	12.46
7/19/2018 10:11:21 AM	3.84	1.70	6.43	0.18	0.00	0.00	0.00	0.37	12.15	88.55	1.84	51.94	2037	1697	2893	6	0	0	0	0	6632	154.35	21.03	5.19	18.95	21.86	21.30	44.65	1.18	42.78	12.46
7/19/2018 10:11:23 AM	3.64	1.85	6.96	0.00	0.00	0.00	0.00	0.23	12.44	88.27	1.86	51.96	1929	1845	3130	0	0	0	0	0	6904	153.87	21.30	5.85	19.82	20.81	21.05	44.41	1.18	42.81	12.48
7/19/2018 10:11:26 AM	3.90	1.90	6.47	0.14	0.00	0.00	0.00	0.32	12.41	87.53	1.88	52.03	2066	1900	2913	4	0	0	0	0	6884	152.57	21.00	5.96	20.08	21.52	21.67	44.44	1.18	42.89	12.52
7/19/2018 10:11:28 AM	4.18	1.86	6.46	0.00	0.00	0.00	0.00	0.41	12.50	88.57	1.89	52.02	2216	1856	2909	0	0	0	0	0	6981	154.38	21.15	4.61	21.11	22.59	20.08	45.41	1.19	42.93	12.51
7/19/2018 10:11:31 AM	4.92	1.86	6.15	0.00	0.00	0.00	0.00	0.33	12.93	88.56	1.90	52.11	2609	1862	2767	0	0	0	0	0	7239	154.36	20.42	5.45	20.14	22.25	21.51	45.75	1.19	42.98	12.51
7/19/2018 10:11:33 AM	4.15	1.68	6.78	0.00	0.00	0.00	0.00	0.19	12.61	88.50	1.92	52.17	2198	1679	3052	0	0	0	0	0	6928	154.26	21.09	5.24	20.35	20.71	19.53	44.88	1.19	43.03	12.52
7/19/2018 10:11:35 AM	3.12	1.73	7.23	0.05	0.00	0.00	0.00	0.32	12.14	88.36	1.95	52.09	1656	1731	3255	1	0	0	0	0	6643	154.02	22.01	4.97	18.86	21.48	21.32	44.90	1.19	43.10	12.54
7/19/2018 10:11:38 AM	4.46	1.96	6.53	0.00	0.00	0.00	0.00	0.33	12.95	88.12	1.96	52.04	2362	1959	2939	0	0	0	0	0	7260	153.60	21.17	5.56	20.75	22.31	21.76	45.97	1.19	43.11	12.57
7/19/2018 10:11:40 AM	3.65	2.08	7.59	0.00	0.00	0.00	0.00	0.13	13.32	88.18	1.99	51.96	1935	2078	3415	0	0	0	0	0	7428	153.71	22.93	5.09	21.97	21.10	22.34	46.53	1.20	43.17	12.56
7/19/2018 10:11:42 AM	5.31	2.03	6.31	0.00	0.00	0.00	0.00	0.26	13.65	87.76	2.00	51.87	2815	2031	2838	0	0	0	0	0	7683	152.96	21.10	5.14	21.89	22.51	22.20	47.20	1.20	43.23	12.55
7/19/2018 10:11:45 AM	4.32	1.96	6.55	0.01	0.00	0.00	0.00	0.24	12.84	88.79	2.03	51.95	2289	1960	2948	0	0	0	0	0	7197	154.76	20.87	6.01	20.47	21.29	21.72	44.96	1.20	43.28	12.56
7/19/2018 10:11:47 AM	4.63	1.86	6.46	0.00	0.00	0.00	0.00	0.18	12.95	88.56	2.03	52.12	2456	1857	2906	0	0	0	0	0	7219	154.36	20.69	4.19	19.55	20.88	22.31	45.04	1.20	43.33	12.58
7/19/2018 10:11:50 AM	5.20	1.95	5.83	0.00	0.00	0.00	0.00	0.27	12.97	88.22	2.05	52.12	2754	1950	2621	0	0	0	0	0	7326	153.77	19.84	4.36	20.33	21.59	22.00	44.81	1.20	43.36	12.61
7/19/2018 10:11:52 AM	3.27	1.96	6.92	0.00	0.00	0.00	0.00	0.41	12.16	88.45	2.07	52.09	1735	1963	3115	0	0	0	0	0	6813	154.17	21.81	3.74	20.13	22.20	21.66	44.61	1.20	43.40	12.61
7/19/2018 10:11:54 AM	3.57	1.89	6.38	0.32	0.00	0.00	0.00	0.38	12.16	89.08	2.10	52.09	1890	1891	2870	10	0	0	0	0	6660	155.26	21.37	5.28	19.78	21.85	22.52	44.28	1.21	43.47	12.61
7/19/2018 10:11:57 AM	3.76	2.06	6.67	0.00	0.00	0.00	0.00	0.29	12.49	88.41	2.11	52.18	1991	2063	3001	0	0	0	0	0	7056	154.10	21.22	4.20	20.93	21.26	21.78	44.07	1.21	43.49	12.63
7/19/2018 10:11:59 AM	4.43	2.13	6.88	0.09	0.00	0.00	0.00	0.21	13.52	88.43	2.11	52.19	2348	2128	3094	3	0	0	0	0	7573	154.13	22.01	6.40	21.82	21.95	23.18	46.90	1.21	43.55	12.65
7/19/2018 10:12:01 AM	2.92	2.28	7.86	0.00	0.00	0.00	0.00	0.40	13.06	88.72	2.14	52.12	1548	2282	3535	0	0	0	0	0	7365	154.65	23.99	5.45	22.50	23.44	23.21	47.61	1.21	43.58	12.66
7/19/2018 10:12:04 AM	5.11	2.12	7.75	0.00	0.00	0.00	0.00	0.17	14.98	89.22	2.16	52.02	2709	2121	3487	0	0	0	0	0	8316	155.52	24.45	4.28	23.79	23.88	23.91	52.25	1.21	43.62	12.65
7/19/2018 10:12:06 AM	4.18	2.16	7.99	0.00	0.00	0.00	0.00	0.27	14.33	88.02	2.18	51.96	2214	2161	3597	0	0	0	0	0	7972	153.42	24.70	5.07	23.42	24.05	23.57	51.16	1.21	43.69	12.68
7/19/2018 10:12:09 AM	3.58	2.00	7.66	0.02	0.00	0.00	0.00	0.60	13.26	88.52	2.21	51.89	1900	1996	3446	1	0	0	0	0	7343	154.29	24.25	4.41	20.49	25.90	24.01	50.49	1.22	43.73	12.69
7/19/2018 10:12:11 AM	3.72	1.86	7.98	0.00	0.00	0.00	0.00	0.39	13.56	89.10	2.27	51.88	1971	1863	3589	0	0	0	0	0	7423	155.31	24.55	3.29	21.32	24.28	22.66	50.42	1.22	43.77	12.68
7/19/2018 10:12:13 AM	5.44	1.71	8.48	0.00	0.00	0.00	0.00	0.13	15.63	88.65	2.27	51.94	2885	1709	3815	0	0	0	0	0	8409	154.51	25.79	5.50	22.48	24.87	23.49	56.07	1.22	43.81	12.70
7/19/2018 10:12:16 AM	3.75	1.90	8.83	0.00	0.00	0.00	0.00	0.39	14.49	88.13	2.30	51.81	1990	1904	3976	0	0	0	0	0	7870	153.62	26.54	4.97	22.17	25.92	23.83	54.40	1.23	43.84	12.73
7/19/2018 10:12:18 AM	4.97	1.60	9.06	0.00	0.00	0.00	0.00	0.38	15.63	87.84	2.30	51.71	2634	1602	4077	0	0	0	0	0	8313	153.11	27.50	5.07	22.14	27.62	23.72	59.05	1.23	43.89	12.72
7/19/2018 10:12:20 AM	4.34	1.60	9.99	0.00	0.00	0.00	0.00	0.25	15.94	88.43	2.31	51.67	2301	1600	4497	0	0	0	0	0	8398	154.15	28.89	6.53	22.17	27.05	24.24	60.15	1.23	43.94	12.73
7/19/2018 10:12:23 AM	5.95	1.97	9.52	0.00	0.00	0.00	0.00	0.18	17.44	88.74	2.33	51.49	3152	1970	4285	0	0	0	0	0	9407	154.68	29.17	4.80	26.14	28.06	25.40	62.74	1.23	43.97	12.74
7/19/2018 10:12:25 AM	4.32	1.98	10.03	0.00	0.00	0.00	0.00	0.36	16.33	88.71	2.36	51.25	2290	1978	4513	0	0	0	0	0	8781	154.63	29.68	6.64	25.01	28.49	24.83	61.22	1.23	44.01	12.75
7/19/2018 10:12:28 AM	3.77	1.34	11.75	0.00	0.00	0.00	0.00	0.24	16.86	88.66	2.38	51.09	1998	1340	5286	0	0	0	0	0	8623	154.53	32.69	5.51	22.53	28.97	24.54	65.88	1.23	44.07	12.75
7/19/2018 10:12:30 AM	3.71	1.56	11.85	0.00	0.00	0.00	0.00	0.43	17.12	88.29	2.39	51.02	1969	1555	5333	0	0	0	0	0	8857	153.89	33.61	5.59	23.85	31.17	25.46	67.75	1.23	44.11	12.77
7/19/2018 10:12:32 AM	4.93	1.32	13.07	0.15	0.00	0.00	0.00	0.48	19.47	87.92	2.41	50.98	2613	1320	5881	5	0	0	0	0	9819	153.26	37.49	7.42	24.66	35.55	28.08	78.01	1.24	44.13	12.75
7/19/2018 10:12:35 AM	4.43	1.63	13.60	0.00	0.00	0.00	0.00	0.51	19.65	88.33	2.44	51.00	2345	1628	6119	0	0	0	0	0	10092	153.97	38.32	7.77	26.07	36.05	28.64	78.40	1.24	44.17	12.81
7/19/2018 10:12:37 AM	4.72	1.62	13.89	0.00	0.00	0.00	0.00	0.56	20.24	87.99	2.48	50.86	2501	1625	6253	0	0	0	0	0	10378	153.38	39.42	7.70	27.27	37.48	28.59	81.03	1.24	44.21	12.81
7/19/2018 10:12:39 AM	3.69	1.42	14.87	0.00	0.00	0.00	0.00	0.69	19.98	88.27	2.49	50.70	1957	1423	6690	0	0	0	0	0	10070	153.87	41.37	6.86	26.13	38.85	28.61	83.00	1.24	44.26	12.81
7/19/2018 10:12:42 AM	4.06	1.51	14.77	0.00	0.00	0.00	0.00	0.56	20.33	88.01	2.49	50.61	2151	1507	6645	0	0	0	0	0	10303	153.41	41.07	6.96	26.51	37.98	29.23	82.77	1.24	44.28	12.82
7/19/2018 10:12:44 AM	3.87	1.48	14.67	0.00	0.00	0.00	0.00	0.59	20.02	87.96	2.52	50.56	2054	1479	6602	0	0	0	0	0	10135	153.31	40.69	7.47	25.75	37.83	29.19	81.98	1.25	44.33	12.83
7/19/2018 10:12:47 AM	4.91	1.35	14.16	0.00	0.00	0.00	0.00	0.61	20.42	88.22	2.57	50.49	2601	1350	6371	0	0	0	0	0	10323	153.77	40.09	7.34	26.35	38.53	28.10	83.14	1.25	44.34	12.84
7/19/2018 10:12:49 AM	3.65	1.21	15.76	0.00	0.00	0.00	0.00	0.67	20.62	87.97	2.61	50.21	1936	1211	7092	0	0	0	0	0	10239	153.33	43.15	8.04	25.87	39.98	28.65	86.60	1.26	44.39	12.85
7/19/2018 10:12:51 AM	3.65	1.37	15.01	0.00	0.00	0.00	0.00	0.62	20.04	87.80	2.63	50.10	1937	1371	6756	0	0	0	0	0	10063	153.03	41.35	7.63	25.44	38.31	28.91	82.97	1.26	44.43	12.86
7/19/2018 10:12:54 AM	4.18	1.24	15.02	0.09	0.00	0.00	0.00	0.65	20.52	87.58	2.68	50.19	2216	1237	6758	3	0	0	0	0	10214	152.66	41.90	7.89	25.48	39.46	29.15	85.28	1.26	44.46	12.88
7/19/2018 10:12:56 AM	3.94	1.39	15.31	0.00	0.00	0.00	0.00	0.63	20.65	86.97	2.70	49.81	2088	1395	6890	0	0	0	0	0	10373	151.59	42.35	7.76	26.64	39.40	29.02	85.32	1.26	44.48	12.88
7/19/2018 10:12:58 AM	5.08	1.31	16.20	0.00	0.00	0.00	0.00	0.60	22.59	87.58	2.71	49.08	2694	1308	7289	0	0	0	0	0	11292	152.66	45.07	7.26	27.96	42.11	30.86	92.58	1.27	44.52	12.89
7/19/2018 10:13:01 AM	4.52	1.14	16.37	0.40	0.00	0.00	0.00	0.67	22.43	87.08	2.72	48.69	2393	1142	7368	12	0	0	0	0	10914	151.79	46.20	10.31	27.99	42.93	30.91	93.80	1.27	44.56	12.90
7/19/2018 10:13:03 AM	4.93	1.18	16.82	0.00	0.00	0.00	0.00	0.52	22.93	87.80	2.72	48.66	2611	1183	7568	0	0	0	0	0	11362	153.04	46.01	8.65	27.65	42.04	30.82	94.13	1.27	44.59	12.90
7/19/2018 10:13:06 AM	4.71	0.66	16.04	0.72	0.00	0.00	0.00	0.63	22.14	87.29	2.74	48.61	2496	664	7219	22	0	0	0	0	10400	152.15	46.16	8.62	25.79	42.45	30.89	93.94	1.27	44.61	12.90
7/19/2018 10:13:08 AM	4.64	1.40	17.06	0.00	0.00	0.00	0.00	0.60	23.10	87.06	2.74	48.57	2459	1403	7678	0	0	0	0	0	11540	151.76	46.80	9.16	28.82	43.05	31.64	95.00	1.27	44.66	12.93
7/19/2018 10:13:10 AM	4.50	1.06	17.36	0.00	0.00	0.00	0.00	0.59	22.92	87.51	2.74	48.59	2384	1056	7814	0	0	0	0	0	11253	152.54	47.15	8.63	27.22	43.03	30.67	95.71	1.27	44.67	12.93
7/19/2018 10:13:13 AM	4.77	1.18	17.16	0.25	0.00	0.00	0.00	0.43	23.35	87.49	2.73	48.70	2527	1184	7720	7	0	0	0	0	11438	152.49	47.27	8.89	28.11	41.96	32.32	95.52	1.27	44.72	12.94
7/19/2018 10:13:15 AM	3.81	1.18	17.97	0.43	0.00	0.00	0.00	0.58	23.39	88.06	2.74	48.76	2020	1177	8088	13	0	0	0	0	11297	153.49	49.57	10.01	28.84	43.82	32.82	98.02	1.27	44.74	12.96
7/19/2018 10:13:17 AM	5.99	1.24	16.96	0.00	0.00	0.00	0.00	0.60	24.18	87.46	2.75	48.73	3173	1237	7630	0	0	0	0	0	12040	152.46	47.22	8.93	28.78	44.69	32.34	98.84	1.27	44.78	12.97
7/19/2018 10:13:20 AM	5.86	1.10	17.51	0.00	0.00	0.00	0.00	0.37	24.46	87.29	2.78	48.58	3104	1101	7878	0	0	0	0	0	12083	152.16	47.75	9.27	28.83	43.00	31.71	98.96	1.27	44.78	12.96
7/19/2018 10:13:22 AM	4.47	1.58	17.02	0.00	0.00	0.00	0.00	0.66	23.07	87.27	2.81	48.27	2369	1580	7658	0	0	0	0	0	11607	152.12	46.89	9.28	29.33	43.48	32.36	94.81	1.28	44.82	12.98
7/19/2018 10:13:25 AM	5.21	0.96	15.70	0.80	0.00	0.00	0.00	0.62	22.67	86.60	2.83	48.03	2759	956	7067	24	0	0	0	0	10806	150.94	46.10	9.24	27.48	42.87	32.30	94.44	1.28	44.86	12.99
7/19/2018 10:13:27 AM	5.32	1.11	16.41	0.35	0.00	0.00	0.00	0.62	23.18	87.86	2.85	47.78	2818	1110	7385	10	0	0	0	0	11323	153.15	46.57	8.36	27.64	43.46	32.42	95.89	1.28	44.86	13.00
7/19/2018 10:13:29 AM	6.63	1.41	16.01	0.00	0.00	0.00	0.00	0.49	24.05	87.22	2.87	47.62	3513	1412	7203	0	0	0	0	0	12128	152.03	45.28	7.89	29.32	42.96	32.43	95.87	1.28	44.90	13.00
7/19/2018 10:13:32 AM	7.84	1.48	15.40	0.00	0.00	0.00	0.00	0.41	24.71	87.44	2.90	47.44	4153	1476	6931	0	0	0	0	0	12560	152.41	44.35	8.39	30.06	42.88	32.84	96.47	1.28	44.91	13.03
7/19/2018 10:13:34 AM	6.89	1.46	15.59	0.00	0.00	0.00	0.00	0.51	23.95	87.01	2.90	47.19	3653	1462	7017	0	0	0	0	0	12132	151.66	44.50	7.81	28.88	42.88	32.94	95.10	1.28	44.94	13.05
7/19/2018 10:13:36 AM	9.41	1.44	14.35	0.00	0.00	0.00	0.00	0.37	25.20	87.15	2.92	47.06	4986	1445	6456	0	0	0	0	0	12887	151.92	42.66	7.68	30.09	42.86	33.01	96.53	1.29	44.96	13.05
7/19/2018 10:13:39 AM	7.81	1.86	15.03	0.00	0.00	0.00	0.00	0.55	24.69	87.08	2.93	46.65	4138	1857	6763	0	0	0	0	0	12758	151.79	44.15	8.80	31.97	43.95	33.51	96.00	1.29	44.98	13.05
7/19/2018 10:13:41 AM	8.64	1.86	13.83	0.00	0.00	0.00	0.00	0.50	24.33	87.41	2.94	46.37	4579	1864	6222	0	0	0	0	0	12666	152.36	41.48	9.30	30.92	42.50	33.32	92.94	1.29	44.98	13.07
7/19/2018 10:13:44 AM	8.96	1.60	12.90	0.36	0.00	0.00	0.00	0.45	23.82	87.38	2.96	46.60	4751	1604	5804	11	0	0	0	0	12170	152.30	40.29	8.35	29.55	41.33	33.37	91.00	1.29	45.03	13.05
7/19/2018 10:13:46 AM	9.32	2.14	13.43	0.00	0.00	0.00	0.00	0.49	24.89	86.81	2.99	46.79	4941	2141	6044	0	0	0	0	0	13125	151.31	41.25	8.81	32.70	42.95	34.35	93.42	1.29	45.03	13.06
7/19/2018 10:13:48 AM	9.30	1.88	12.58	0.00	0.00	0.00	0.00	0.52	23.77	87.41	3.02	46.65	4931	1881	5662	0	0	0	0	0	12474	152.37	38.99	9.11	30.81	41.55	32.04	89.75	1.30	45.04	13.09
7/19/2018 10:13:51 AM	9.31	1.85	12.87	0.00	0.00	0.00	0.00	0.48	24.04	86.84	3.03	46.48	4935	1854	5792	0	0	0	0	0	12581	151.37	39.65	8.33	31.07	41.60	32.26	90.70	1.30	45.05	13.09
7/19/2018 10:13:53 AM	9.77	1.69	13.27	0.00	0.00	0.00	0.00	0.33	24.73	86.93	3.04	46.57	5180	1686	5970	0	0	0	0	0	12836	151.53	40.36	8.23	31.04	41.32	32.29	92.70	1.30	45.07	13.10
7/19/2018 10:13:55 AM	10.50	1.57	13.17	0.00	0.00	0.00	0.00	0.40	25.25	87.25	3.06	46.63	5567	1574	5927	0	0	0	0	0	13068	152.08	40.57	8.40	30.39	42.76	33.09	95.12	1.30	45.09	13.10
7/19/2018 10:13:58 AM	10.80	1.83	13.13	0.00	0.00	0.00	0.00	0.39	25.76	86.99	3.07	46.53	5723	1830	5908	0	0	0	0	0	13461	151.62	40.83	9.08	32.10	43.28	33.92	95.93	1.30	45.10	13.12
7/19/2018 10:14:00 AM	9.26	1.73	13.01	0.00	0.00	0.00	0.00	0.55	24.00	86.98	3.11	46.41	4909	1726	5855	0	0	0	0	0	12489	151.62	40.00	8.22	30.06	42.43	32.49	91.72	1.30	45.10	13.13
7/19/2018 10:14:03 AM	9.51	1.42	13.20	0.00	0.00	0.00	0.00	0.39	24.13	87.23	3.13	46.26	5038	1422	5941	0	0	0	0	0	12401	152.04	39.95	8.15	29.32	41.23	31.18	91.95	1.31	45.12	13.15
7/19/2018 10:14:05 AM	9.62	1.35	12.53	0.00	0.00	0.00	0.00	0.50	23.50	86.80	3.16	45.92	5098	1348	5639	0	0	0	0	0	12085	151.30	38.60	7.53	27.89	41.27	30.95	90.19	1.31	45.12	13.15
7/19/2018 10:14:07 AM	9.47	1.27	12.53	0.00	0.00	0.00	0.00	0.48	23.27	87.30	3.19	45.04	5018	1268	5638	0	0	0	0	0	11925	152.17	38.44	7.04	27.38	40.80	30.56	89.53	1.31	45.14	13.17
7/19/2018 10:14:10 AM	9.93	0.92	12.12	0.00	0.00	0.00	0.00	0.51	22.98	87.40	3.22	44.25	5265	924	5454	0	0	0	0	0	11643	152.35	37.63	6.34	26.71	40.80	28.19	89.31	1.32	45.17	13.15
7/19/2018 10:14:12 AM	10.46	0.69	12.88	0.00	0.00	0.00	0.00	0.47	24.03	87.31	3.24	44.31	5545	693	5796	0	0	0	0	0	12034	152.18	39.30	7.82	26.19	42.34	28.97	94.03	1.32	45.16	13.16
7/19/2018 10:14:14 AM	10.06	0.85	12.79	0.00	0.00	0.00	0.00	0.37	23.70	87.50	3.27	43.80	5332	848	5757	0	0	0	0	0	11938	152.52	38.78	7.64	27.05	40.66	28.48	91.56	1.32	45.18	13.16
7/19/2018 10:14:17 AM	9.74	0.74	12.54	0.00	0.00	0.00	0.00	0.54	23.03	87.61	3.29	42.86	5161	744	5645	0	0	0	0	0	11550	152.72	38.34	7.19	25.68	41.44	28.13	90.76	1.32	45.15	13.21
7/19/2018 10:14:19 AM	10.21	0.75	12.56	0.00	0.00	0.00	0.00	0.40	23.52	87.29	3.33	42.92	5410	750	5654	0	0	0	0	0	11814	152.15	38.32	7.34	26.45	40.71	28.05	91.22	1.33	45.16	13.19
7/19/2018 10:14:22 AM	9.73	0.66	11.23	0.00	0.00	0.00	0.00	0.44	21.62	87.05	3.35	42.87	5157	663	5053	0	0	0	0	0	10874	151.74	34.96	5.41	23.96	38.05	26.45	84.09	1.33	45.17	13.19
7/19/2018 10:14:24 AM	10.16	0.73	10.45	0.00	0.00	0.00	0.00	0.43	21.33	87.17	3.39	42.58	5383	725	4704	0	0	0	0	0	10812	151.95	33.24	6.86	24.05	37.33	25.69	82.01	1.33	45.16	13.21
7/19/2018 10:14:26 AM	9.41	0.72	10.11	0.00	0.00	0.00	0.00	0.45	20.24	87.11	3.44	42.42	4987	717	4549	0	0	0	0	0	10253	151.85	32.10	5.90	23.10	35.89	24.73	78.27	1.34	45.16	13.23
7/19/2018 10:14:29 AM	10.24	0.83	10.57	0.00	0.00	0.00	0.00	0.27	21.64	87.28	3.46	41.56	5425	828	4758	0	0	0	0	0	11011	152.13	33.33	5.90	24.39	36.10	26.66	81.56	1.34	45.18	13.19
7/19/2018 10:14:31 AM	9.00	0.82	10.92	0.00	0.00	0.00	0.00	0.44	20.73	87.40	3.49	41.08	4768	821	4912	0	0	0	0	0	10501	152.34	33.73	6.91	23.63	36.58	25.99	80.39	1.34	45.16	13.20
7/19/2018 10:14:34 AM	8.60	0.93	10.59	0.00	0.00	0.00	0.00	0.47	20.12	87.79	3.51	41.17	4556	930	4768	0	0	0	0	0	10254	153.02	33.01	5.94	23.62	35.92	25.79	78.02	1.34	45.17	13.22
7/19/2018 10:14:36 AM	9.49	0.91	10.48	0.00	0.00	0.00	0.00	0.34	20.88	87.89	3.52	41.13	5031	908	4714	0	0	0	0	0	10654	153.20	32.86	6.57	24.46	35.61	25.75	79.29	1.35	45.16	13.19
7/19/2018 10:14:38 AM	9.36	0.91	9.88	0.00	0.00	0.00	0.00	0.38	20.16	87.72	3.57	41.24	4963	915	4445	0	0	0	0	0	10323	152.91	31.51	6.23	24.23	34.83	24.60	76.57	1.35	45.18	13.21
7/19/2018 10:14:41 AM	8.01	0.81	10.25	0.00	0.00	0.00	0.00	0.43	19.06	87.23	3.61	40.53	4244	806	4612	0	0	0	0	0	9662	152.06	31.53	6.53	22.26	33.96	24.14	74.23	1.35	45.14	13.24
7/19/2018 10:14:43 AM	8.83	0.77	9.90	0.00	0.00	0.00	0.00	0.30	19.51	87.70	3.64	39.69	4682	771	4456	0	0	0	0	0	9909	152.86	30.85	5.82	22.02	33.20	24.72	74.32	1.36	45.16	13.24
7/19/2018 10:14:45 AM	9.64	0.76	9.53	0.00	0.00	0.00	0.00	0.24	19.93	87.67	3.67	40.04	5109	761	4290	0	0	0	0	0	10160	152.81	30.30	5.82	22.61	33.08	24.53	74.78	1.36	45.11	13.21
7/19/2018 10:14:48 AM	8.78	0.89	10.01	0.00	0.00	0.00	0.00	0.31	19.68	87.71	3.68	40.49	4652	894	4503	0	0	0	0	0	10050	152.88	31.13	6.87	22.91	33.49	24.88	74.71	1.36	45.10	13.30
7/19/2018 10:14:50 AM	9.09	0.92	9.34	0.00	0.00	0.00	0.00	0.30	19.34	87.67	3.74	39.44	4815	915	4202	0	0	0	0	0	9932	152.82	29.81	5.74	23.05	32.63	24.14	72.62	1.37	45.10	13.25
7/19/2018 10:14:53 AM	8.08	0.92	8.69	0.00	0.00	0.00	0.00	0.35	17.68	88.20	3.77	38.39	4280	921	3909	0	0	0	0	0	9110	153.73	27.78	5.14	21.11	30.66	23.18	66.98	1.37	45.10	13.23
7/19/2018 10:14:55 AM	8.64	0.95	8.83	0.00	0.00	0.00	0.00	0.31	18.42	87.89	3.79	38.40	4578	950	3974	0	0	0	0	0	9502	153.20	28.34	5.41	21.65	31.29	24.09	69.08	1.37	45.10	13.26
7/19/2018 10:14:57 AM	8.04	0.94	9.52	0.00	0.00	0.00	0.00	0.35	18.50	87.83	3.82	38.61	4261	941	4282	0	0	0	0	0	9484	153.09	29.74	6.03	22.33	32.07	23.71	70.53	1.37	45.03	13.26
7/19/2018 10:15:00 AM	8.14	0.93	8.90	0.00	0.00	0.00	0.00	0.34	17.97	88.10	3.85	38.66	4316	926	4004	0	0	0	0	0	9246	153.57	28.27	5.54	21.53	30.96	23.30	67.99	1.38	45.05	13.26
7/19/2018 10:15:02 AM	7.81	0.93	8.89	0.07	0.00	0.00	0.00	0.25	17.70	87.98	3.87	38.03	4140	926	4002	2	0	0	0	0	9070	153.35	27.97	6.05	21.01	29.69	23.52	66.51	1.38	45.01	13.25
7/19/2018 10:15:04 AM	7.85	1.03	8.69	0.00	0.00	0.00	0.00	0.21	17.57	88.25	3.89	37.94	4161	1029	3912	0	0	0	0	0	9101	153.82	27.34	5.22	21.19	28.91	23.51	65.13	1.38	44.96	13.29
7/19/2018 10:15:07 AM	7.36	0.98	8.87	0.00	0.00	0.00	0.00	0.22	17.21	88.17	3.91	38.59	3903	975	3993	0	0	0	0	0	8871	153.69	27.41	6.09	21.01	28.62	22.63	64.43	1.38	45.03	13.30
7/19/2018 10:15:09 AM	8.05	0.99	8.26	0.00	0.00	0.00	0.00	0.18	17.30	88.58	3.93	39.29	4269	987	3717	0	0	0	0	0	8972	154.41	26.30	5.53	21.12	28.15	22.51	63.63	1.38	44.94	13.30
7/19/2018 10:15:12 AM	7.97	1.00	8.43	0.00	0.00	0.00	0.00	0.23	17.41	88.18	3.94	39.13	4227	1003	3795	0	0	0	0	0	9025	153.70	26.80	5.72	21.09	28.89	22.98	64.58	1.39	44.90	13.33
7/19/2018 10:15:14 AM	7.96	1.12	8.92	0.06	0.00	0.00	0.00	0.26	18.06	87.86	3.95	38.59	4220	1119	4016	2	0	0	0	0	9356	153.14	28.28	6.06	21.94	30.18	24.54	67.21	1.39	44.90	13.27
7/19/2018 10:15:16 AM	7.35	1.12	9.12	0.00	0.00	0.00	0.00	0.33	17.58	88.13	3.96	38.72	3896	1116	4102	0	0	0	0	0	9115	153.62	28.38	6.25	21.66	30.26	23.85	66.41	1.39	44.85	13.36
7/19/2018 10:15:19 AM	7.40	1.13	8.78	0.00	0.00	0.00	0.00	0.27	17.31	87.87	3.99	38.90	3920	1133	3950	0	0	0	0	0	9004	153.16	27.53	5.72	21.83	29.16	23.18	64.60	1.39	44.83	13.34
7/19/2018 10:15:21 AM	7.70	1.07	8.68	0.00	0.00	0.00	0.00	0.22	17.45	87.88	3.99	37.99	4082	1075	3905	0	0	0	0	0	9061	153.18	27.30	5.31	21.52	28.85	23.29	64.70	1.39	44.83	13.28
7/19/2018 10:15:23 AM	7.02	1.04	8.35	0.00	0.00	0.00	0.00	0.31	16.40	88.27	3.98	37.13	3719	1035	3757	0	0	0	0	0	8511	153.86	26.25	5.63	20.33	28.21	22.30	61.77	1.39	44.78	13.31
7/19/2018 10:15:26 AM	7.10	1.07	8.16	0.00	0.00	0.00	0.00	0.24	16.33	88.55	4.00	37.46	3761	1067	3673	0	0	0	0	0	8502	154.35	25.69	5.75	20.54	27.29	21.99	60.64	1.39	44.83	13.31
7/19/2018 10:15:28 AM	6.45	0.88	7.62	0.00	0.00	0.00	0.00	0.26	14.95	88.31	4.02	38.07	3417	879	3431	0	0	0	0	0	7727	153.92	23.95	4.72	18.48	25.52	20.32	56.29	1.39	44.71	13.32
7/19/2018 10:15:31 AM	7.71	1.13	6.89	0.00	0.00	0.00	0.00	0.17	15.72	88.14	4.03	37.75	4086	1127	3098	0	0	0	0	0	8311	153.63	22.88	5.07	19.95	25.33	21.43	56.45	1.39	44.71	13.32
7/19/2018 10:15:33 AM	6.54	0.95	7.09	0.19	0.00	0.00	0.00	0.19	14.77	87.78	4.02	37.08	3465	949	3188	6	0	0	0	0	7608	153.00	23.17	4.80	18.31	24.42	21.28	54.54	1.39	44.67	13.28
7/19/2018 10:15:35 AM	5.62	1.09	7.71	0.04	0.00	0.00	0.00	0.26	14.46	88.13	4.06	37.04	2979	1085	3472	1	0	0	0	0	7537	153.62	23.96	4.84	18.46	24.76	21.23	54.33	1.40	44.65	13.32
7/19/2018 10:15:38 AM	6.42	1.24	7.50	0.00	0.00	0.00	0.00	0.18	15.15	88.41	4.06	37.49	3400	1237	3374	0	0	0	0	0	8011	154.10	23.73	5.22	20.20	24.75	21.24	55.13	1.40	44.58	13.32
7/19/2018 10:15:40 AM	7.14	1.01	6.85	0.07	0.00	0.00	0.00	0.23	15.07	88.01	4.05	37.62	3785	1010	3082	2	0	0	0	0	7879	153.40	22.71	4.80	18.62	25.11	21.24	55.22	1.40	44.52	13.32
7/19/2018 10:15:42 AM	5.99	1.21	7.87	0.01	0.00	0.00	0.00	0.24	15.07	88.53	4.08	37.39	3176	1209	3540	0	0	0	0	0	7926	154.32	24.41	5.98	19.77	25.35	21.50	55.88	1.40	44.52	13.30
7/19/2018 10:15:45 AM	5.76	1.16	7.47	0.00	0.00	0.00	0.00	0.27	14.39	88.29	4.09	37.02	3053	1164	3360	0	0	0	0	0	7577	153.89	23.37	5.47	19.07	24.62	20.61	53.59	1.40	44.47	13.36
7/19/2018 10:15:47 AM	5.40	1.34	7.87	0.00	0.00	0.00	0.00	0.26	14.61	88.73	4.16	37.07	2861	1337	3544	0	0	0	0	0	7741	154.67	24.22	6.07	19.89	24.85	21.48	54.21	1.41	44.45	13.30
7/19/2018 10:15:50 AM	6.40	1.09	7.50	0.17	0.00	0.00	0.00	0.22	15.16	88.21	4.22	37.12	3389	1094	3374	5	0	0	0	0	7862	153.75	24.14	5.91	19.55	25.28	21.65	56.06	1.41	44.44	13.32
7/19/2018 10:15:52 AM	6.49	1.10	7.52	0.00	0.00	0.00	0.00	0.28	15.10	87.77	4.22	36.84	3439	1100	3382	0	0	0	0	0	7921	152.99	23.90	5.22	19.30	25.74	21.23	56.16	1.41	44.39	13.31
7/19/2018 10:15:54 AM	5.91	1.35	7.45	0.00	0.00	0.00	0.00	0.31	14.71	88.13	4.24	36.20	3133	1348	3351	0	0	0	0	0	7832	153.61	23.72	5.17	20.17	25.30	21.44	54.32	1.42	44.32	13.41
7/19/2018 10:15:57 AM	5.69	1.40	7.09	0.00	0.00	0.00	0.00	0.34	14.17	88.04	4.25	35.85	3015	1400	3189	0	0	0	0	0	7604	153.47	22.77	5.35	19.47	24.69	21.46	52.27	1.42	44.26	13.32
7/19/2018 10:15:59 AM	5.09	1.34	7.47	0.00	0.00	0.00	0.00	0.37	13.90	87.96	4.30	36.24	2697	1341	3360	0	0	0	0	0	7398	153.32	23.42	5.32	19.63	24.77	20.59	52.24	1.42	44.26	13.38
7/19/2018 10:16:01 AM	5.28	1.05	6.21	0.34	0.00	0.00	0.00	0.33	12.88	88.06	4.33	36.08	2799	1049	2793	10	0	0	0	0	6651	153.50	21.18	5.17	17.47	22.90	20.00	48.43	1.42	44.19	13.32
7/19/2018 10:16:04 AM	5.85	1.11	6.59	0.00	0.00	0.00	0.00	0.22	13.56	88.29	4.36	35.88	3101	1110	2967	0	0	0	0	0	7178	153.90	21.18	4.74	18.06	22.64	19.46	49.56	1.43	44.14	13.36
7/19/2018 10:16:06 AM	5.35	0.92	6.90	0.27	0.00	0.00	0.00	0.24	13.44	87.96	4.37	35.92	2836	918	3105	8	0	0	0	0	6867	153.31	22.37	4.76	17.25	23.06	20.22	50.67	1.43	44.13	13.30
7/19/2018 10:16:09 AM	5.42	1.23	7.09	0.00	0.00	0.00	0.00	0.24	13.75	88.46	4.39	36.12	2874	1234	3191	0	0	0	0	0	7300	154.19	22.28	5.39	19.08	23.26	19.80	50.64	1.43	44.09	13.30
7/19/2018 10:16:11 AM	5.20	1.16	7.37	0.08	0.00	0.00	0.00	0.32	13.81	87.88	4.42	36.45	2757	1161	3315	3	0	0	0	0	7236	153.18	23.14	5.85	18.65	24.26	20.38	52.08	1.43	44.08	13.32
7/19/2018 10:16:13 AM	4.88	1.18	6.87	0.00	0.00	0.00	0.00	0.32	12.93	88.18	4.44	35.44	2585	1179	3092	0	0	0	0	0	6856	153.71	21.50	5.62	17.83	22.82	19.21	48.49	1.44	44.03	13.32
7/19/2018 10:16:16 AM	4.88	1.20	6.46	0.00	0.00	0.00	0.00	0.29	12.54	88.32	4.49	34.34	2588	1203	2906	0	0	0	0	0	6696	153.95	20.50	4.88	17.29	21.85	19.18	46.48	1.44	43.95	13.32
7/19/2018 10:16:18 AM	4.79	1.22	6.44	0.00	0.00	0.00	0.00	0.25	12.45	88.10	4.50	34.37	2538	1216	2900	0	0	0	0	0	6654	153.56	20.38	4.75	17.74	21.32	18.61	45.81	1.44	43.87	13.32
7/19/2018 10:16:20 AM	5.13	1.19	5.85	0.00	0.00	0.00	0.00	0.27	12.17	88.32	4.53	34.57	2716	1187	2635	0	0	0	0	0	6538	153.95	19.16	4.48	17.02	20.91	18.44	44.40	1.44	43.84	13.30
7/19/2018 10:16:23 AM	3.33	1.20	5.53	0.00	0.00	0.00	0.00	0.30	10.06	87.55	4.62	32.89	1766	1204	2486	0	0	0	0	0	5456	152.61	17.37	4.28	15.11	18.13	16.81	37.46	1.45	43.75	13.32
7/19/2018 10:16:25 AM	4.30	1.03	5.04	0.00	0.00	0.00	0.00	0.24	10.37	87.42	4.63	32.11	2277	1030	2269	0	0	0	0	0	5576	152.38	16.48	4.11	14.61	17.95	16.33	37.91	1.45	43.75	13.31
7/19/2018 10:16:28 AM	4.15	1.16	5.47	0.00	0.00	0.00	0.00	0.31	10.79	87.47	4.65	32.76	2202	1162	2464	0	0	0	0	0	5827	152.46	17.77	4.21	15.72	19.35	17.14	39.99	1.46	43.70	13.30
7/19/2018 10:16:30 AM	4.20	1.18	5.46	0.00	0.00	0.00	0.00	0.33	10.84	87.41	4.65	33.45	2226	1179	2456	0	0	0	0	0	5862	152.36	17.81	4.43	15.86	19.59	17.18	40.22	1.46	43.66	13.28
7/19/2018 10:16:32 AM	4.10	1.10	5.24	0.00	0.00	0.00	0.00	0.29	10.43	87.62	4.67	34.00	2171	1099	2358	0	0	0	0	0	5628	152.74	17.06	4.02	15.17	18.55	16.52	38.53	1.46	43.55	13.32
7/19/2018 10:16:35 AM	4.10	1.08	5.69	0.00	0.00	0.00	0.00	0.31	10.88	87.89	4.70	34.42	2175	1085	2560	0	0	0	0	0	5820	153.20	18.16	4.33	15.36	19.55	17.19	40.73	1.46	43.49	13.30
7/19/2018 10:16:37 AM	4.49	1.16	5.60	0.00	0.00	0.00	0.00	0.31	11.25	87.18	4.73	34.63	2379	1165	2519	0	0	0	0	0	6063	151.96	18.22	4.63	16.01	20.00	17.64	41.58	1.46	43.46	13.31
7/19/2018 10:16:39 AM	4.06	1.17	5.60	0.00	0.00	0.00	0.00	0.30	10.84	87.44	4.75	34.76	2154	1171	2522	0	0	0	0	0	5847	152.42	18.01	4.25	15.80	19.35	17.26	40.19	1.47	43.44	13.28
7/19/2018 10:16:42 AM	4.36	1.17	5.73	0.00	0.00	0.00	0.00	0.32	11.26	87.81	4.76	34.98	2309	1173	2579	0	0	0	0	0	6061	153.06	18.51	4.32	16.06	20.11	17.80	41.80	1.47	43.35	13.27
7/19/2018 10:16:44 AM	4.18	1.11	6.05	0.00	0.00	0.00	0.00	0.27	11.33	87.60	4.77	35.14	2213	1110	2720	0	0	0	0	0	6044	152.69	18.98	4.49	15.94	19.90	17.66	42.23	1.47	43.29	13.30
7/19/2018 10:16:47 AM	4.66	1.21	5.60	0.00	0.00	0.00	0.00	0.30	11.47	87.48	4.82	34.83	2468	1209	2521	0	0	0	0	0	6198	152.48	18.41	4.28	16.83	20.15	17.53	42.03	1.47	43.22	13.30
7/19/2018 10:16:49 AM	4.27	1.20	5.84	0.00	0.00	0.00	0.00	0.27	11.32	87.35	4.87	33.37	2264	1204	2630	0	0	0	0	0	6098	152.25	18.63	4.58	16.42	19.72	17.70	41.65	1.48	43.20	13.30
7/19/2018 10:16:51 AM	4.12	1.14	5.08	0.00	0.00	0.00	0.00	0.37	10.33	87.27	4.87	32.54	2183	1137	2285	0	0	0	0	0	5606	152.13	16.93	4.03	15.14	19.20	16.69	38.59	1.48	43.09	13.30
7/19/2018 10:16:54 AM	3.59	1.08	4.38	0.00	0.00	0.00	0.00	0.30	9.05	86.86	4.88	33.12	1903	1081	1971	0	0	0	0	0	4955	151.40	14.68	3.84	13.66	16.49	15.21	33.24	1.48	43.03	13.31
7/19/2018 10:16:56 AM	2.67	1.05	3.24	0.00	0.00	0.00	0.00	0.27	6.97	86.55	4.94	33.28	1414	1054	1459	0	0	0	0	0	3928	150.86	11.35	2.86	11.81	12.87	12.88	24.98	1.48	43.03	13.26
7/19/2018 10:16:58 AM	2.01	0.93	3.19	0.00	0.00	0.00	0.00	0.38	6.13	85.96	4.99	32.34	1067	929	1434	0	0	0	0	0	3429	149.84	10.94	3.23	10.70	12.82	11.70	23.43	1.49	42.91	13.27
7/19/2018 10:17:01 AM	2.54	0.85	2.75	0.06	0.00	0.00	0.00	0.29	6.19	86.22	5.00	30.95	1346	847	1235	2	0	0	0	0	3430	150.29	10.08	2.97	10.21	11.97	11.73	22.71	1.49	42.91	13.25
7/19/2018 10:17:03 AM	2.58	0.99	3.11	0.00	0.00	0.00	0.00	0.29	6.67	86.39	5.03	30.84	1367	986	1397	0	0	0	0	0	3751	150.59	10.93	3.33	11.58	12.65	11.99	24.22	1.49	42.82	13.28
7/19/2018 10:17:06 AM	2.30	0.92	3.30	0.00	0.00	0.00	0.00	0.31	6.53	86.48	5.03	31.54	1220	920	1487	0	0	0	0	0	3627	150.73	11.24	3.02	10.84	12.78	12.20	24.38	1.49	42.72	13.28
7/19/2018 10:17:08 AM	2.30	1.08	3.36	0.00	0.00	0.00	0.00	0.30	6.74	86.21	5.05	32.04	1218	1077	1514	0	0	0	0	0	3809	150.26	11.49	3.28	12.10	12.82	12.37	24.53	1.49	42.69	13.26
7/19/2018 10:17:10 AM	2.02	1.00	3.32	0.00	0.00	0.00	0.00	0.30	6.34	86.12	5.07	32.40	1073	996	1493	0	0	0	0	0	3563	150.11	11.12	3.35	11.04	12.38	12.17	23.50	1.50	42.63	13.24
7/19/2018 10:17:13 AM	2.41	1.00	2.89	0.00	0.00	0.00	0.00	0.28	6.29	86.32	5.09	32.30	1277	999	1299	0	0	0	0	0	3574	150.46	10.25	3.12	10.83	11.92	12.13	22.62	1.50	42.56	13.23
7/19/2018 10:17:15 AM	2.18	0.92	2.97	0.00	0.00	0.00	0.00	0.28	6.06	85.90	5.14	31.82	1157	917	1335	0	0	0	0	0	3408	149.73	10.29	2.74	10.67	11.65	11.40	22.19	1.50	42.46	13.24
7/19/2018 10:17:17 AM	1.98	0.94	2.98	0.00	0.00	0.00	0.00	0.29	5.90	86.00	5.18	31.77	1050	935	1342	0	0	0	0	0	3327	149.91	10.24	2.71	10.23	11.58	11.73	21.77	1.51	42.40	13.26
7/19/2018 10:17:20 AM	1.87	0.85	2.81	0.00	0.00	0.00	0.00	0.28	5.53	85.84	5.22	31.32	991	850	1264	0	0	0	0	0	3105	149.63	9.65	2.66	9.65	10.93	10.98	20.52	1.51	42.36	13.23
7/19/2018 10:17:22 AM	1.94	0.90	2.46	0.00	0.00	0.00	0.00	0.26	5.30	85.69	5.25	30.87	1026	901	1107	0	0	0	0	0	3034	149.36	8.81	3.15	9.77	10.30	10.56	19.08	1.51	42.29	13.23
7/19/2018 10:17:25 AM	1.80	0.95	2.67	0.00	0.00	0.00	0.00	0.30	5.43	85.71	5.29	30.82	956	949	1203	0	0	0	0	0	3109	149.40	9.40	2.86	9.87	10.86	11.24	19.89	1.52	42.19	13.25
7/19/2018 10:17:27 AM	1.38	0.77	1.82	0.00	0.00	0.00	0.00	0.31	3.98	85.65	5.42	29.70	733	773	821	0	0	0	0	0	2327	149.29	7.04	1.91	8.02	8.78	9.12	14.81	1.53	42.14	13.25
7/19/2018 10:17:29 AM	1.56	0.77	1.82	0.00	0.00	0.00	0.00	0.30	4.15	85.45	5.43	28.99	825	774	819	0	0	0	0	0	2418	148.94	7.08	2.08	8.06	8.90	9.34	15.26	1.53	42.06	13.23
7/19/2018 10:17:32 AM	1.59	0.78	2.00	0.00	0.00	0.00	0.00	0.30	4.38	85.60	5.45	29.57	844	783	902	0	0	0	0	0	2529	149.22	7.55	2.41	8.33	9.34	9.56	16.24	1.53	42.01	13.21
7/19/2018 10:17:34 AM	1.84	0.82	2.17	0.05	0.00	0.00	0.00	0.31	4.88	85.61	5.46	29.84	977	823	976	1	0	0	0	0	2778	149.23	8.30	2.59	8.94	10.19	10.39	18.08	1.53	41.92	13.22
7/19/2018 10:17:36 AM	1.61	0.84	2.11	0.00	0.00	0.00	0.00	0.35	4.56	85.85	5.46	29.92	851	837	951	0	0	0	0	0	2639	149.65	7.99	2.57	8.88	10.07	9.76	17.16	1.54	41.87	13.19
7/19/2018 10:17:39 AM	1.76	0.78	2.17	0.13	0.00	0.00	0.00	0.29	4.84	85.75	5.46	30.28	933	783	978	4	0	0	0	0	2698	149.47	8.40	2.77	8.91	9.94	10.38	17.97	1.54	41.79	13.21
7/19/2018 10:17:41 AM	1.87	0.94	2.47	0.00	0.00	0.00	0.00	0.27	5.27	85.75	5.49	30.77	990	936	1111	0	0	0	0	0	3037	149.47	8.88	2.89	9.92	10.35	10.67	18.99	1.54	41.68	13.21
7/19/2018 10:17:44 AM	1.59	0.90	2.65	0.00	0.00	0.00	0.00	0.31	5.14	85.60	5.53	30.64	843	899	1192	0	0	0	0	0	2934	149.20	9.20	2.82	9.46	10.58	10.81	19.17	1.54	41.65	13.21
7/19/2018 10:17:46 AM	1.95	0.87	2.36	0.00	0.00	0.00	0.00	0.31	5.18	85.58	5.56	30.43	1033	867	1064	0	0	0	0	0	2964	149.17	8.67	3.04	9.51	10.56	10.40	19.02	1.55	41.57	13.18
7/19/2018 10:17:48 AM	1.86	0.90	2.84	0.00	0.00	0.00	0.00	0.29	5.60	85.66	5.60	30.82	984	899	1279	0	0	0	0	0	3162	149.31	9.77	2.98	10.00	11.08	11.06	20.69	1.55	41.48	13.20
7/19/2018 10:17:51 AM	1.96	0.96	2.96	0.00	0.00	0.00	0.00	0.29	5.88	85.34	5.65	31.18	1041	958	1333	0	0	0	0	0	3332	148.75	10.13	3.52	10.54	11.50	11.40	21.60	1.55	41.41	13.19
7/19/2018 10:17:53 AM	1.91	0.92	2.90	0.00	0.00	0.00	0.00	0.28	5.73	85.60	5.71	30.99	1010	923	1307	0	0	0	0	0	3240	149.22	9.93	3.39	10.31	11.24	11.11	21.10	1.56	41.38	13.13
7/19/2018 10:17:55 AM	1.85	0.92	2.50	0.00	0.00	0.00	0.00	0.33	5.27	85.79	5.77	30.76	979	923	1123	0	0	0	0	0	3025	149.53	9.06	2.96	9.79	10.94	10.77	19.50	1.57	41.29	13.16
7/19/2018 10:17:58 AM	1.44	0.86	2.30	0.00	0.00	0.00	0.00	0.34	4.60	85.61	5.85	30.96	761	863	1035	0	0	0	0	0	2660	149.22	8.31	2.85	8.98	10.07	9.95	17.37	1.57	41.21	13.15
7/19/2018 10:18:00 AM	1.32	0.82	2.00	0.00	0.00	0.00	0.00	0.35	4.13	85.45	5.93	29.78	698	817	900	0	0	0	0	0	2415	148.94	7.50	2.89	8.42	9.50	9.26	15.76	1.58	41.16	13.13
7/19/2018 10:18:03 AM	1.28	0.71	1.62	0.07	0.00	0.00	0.00	0.34	3.68	85.45	5.97	28.59	678	708	731	2	0	0	0	0	2119	148.94	6.66	2.61	7.62	8.65	8.70	14.11	1.58	41.06	13.15
7/19/2018 10:18:05 AM	1.37	0.73	1.52	0.00	0.00	0.00	0.00	0.35	3.62	85.43	6.00	28.89	726	732	685	0	0	0	0	0	2143	148.91	6.31	2.53	7.69	8.60	8.34	13.73	1.59	41.00	13.11
7/19/2018 10:18:07 AM	1.05	0.76	1.84	0.00	0.00	0.00	0.00	0.35	3.64	85.49	6.00	29.49	555	760	827	0	0	0	0	0	2142	149.02	6.91	2.55	7.74	8.75	8.67	14.13	1.59	40.93	13.10
7/19/2018 10:18:10 AM	1.49	0.80	1.58	0.00	0.00	0.00	0.00	0.36	3.88	85.47	6.02	29.99	791	802	711	0	0	0	0	0	2305	148.97	6.62	2.55	8.20	9.04	8.79	14.49	1.59	40.85	13.09
7/19/2018 10:18:12 AM	1.22	0.75	1.71	0.09	0.00	0.00	0.00	0.35	3.78	85.62	6.05	30.57	649	748	771	3	0	0	0	0	2171	149.25	6.99	2.76	7.93	8.94	9.00	14.55	1.59	40.79	13.05
7/19/2018 10:18:15 AM	1.38	0.76	1.73	0.00	0.00	0.00	0.00	0.34	3.86	85.69	6.07	30.95	729	758	779	0	0	0	0	0	2266	149.37	6.82	2.60	7.93	8.96	8.78	14.65	1.60	40.69	13.09
7/19/2018 10:18:17 AM	1.29	0.83	1.91	0.00	0.00	0.00	0.00	0.36	4.04	85.61	6.11	30.98	683	832	862	0	0	0	0	0	2376	149.23	7.31	2.89	8.40	9.39	9.18	15.35	1.60	40.63	13.07
7/19/2018 10:18:19 AM	1.20	0.83	1.93	0.00	0.00	0.00	0.00	0.35	3.97	85.41	6.14	30.76	638	833	870	0	0	0	0	0	2341	148.88	7.28	2.83	8.36	9.20	9.13	15.08	1.60	40.57	13.09
7/19/2018 10:18:22 AM	1.18	0.77	1.92	0.07	0.00	0.00	0.00	0.35	3.94	85.62	6.17	30.58	625	768	866	2	0	0	0	0	2261	149.25	7.41	2.93	8.17	9.25	9.12	15.27	1.60	40.50	13.05
7/19/2018 10:18:24 AM	1.10	0.74	1.93	0.06	0.00	0.00	0.00	0.36	3.84	85.38	6.19	30.50	585	738	870	2	0	0	0	0	2194	148.83	7.34	2.96	7.99	9.15	8.87	15.04	1.61	40.41	13.09
7/19/2018 10:18:26 AM	0.85	0.78	1.84	0.03	0.00	0.00	0.00	0.39	3.50	85.37	6.22	30.54	449	784	828	1	0	0	0	0	2062	148.80	7.02	2.79	7.80	8.99	8.71	14.00	1.61	40.35	13.04
7/19/2018 10:18:29 AM	1.01	0.64	1.49	0.08	0.00	0.00	0.00	0.35	3.22	85.11	6.25	30.63	537	640	670	2	0	0	0	0	1850	148.36	6.21	2.42	6.97	8.18	8.12	12.82	1.61	40.28	13.02
7/19/2018 10:18:31 AM	0.98	0.77	1.56	0.00	0.00	0.00	0.00	0.33	3.31	85.26	6.28	30.67	518	771	701	0	0	0	0	0	1990	148.62	6.14	2.68	7.67	7.95	8.06	12.48	1.62	40.22	13.01
7/19/2018 10:18:34 AM	0.99	0.78	1.58	0.00	0.00	0.00	0.00	0.36	3.35	85.13	6.31	30.63	527	779	710	0	0	0	0	0	2016	148.40	6.29	2.61	7.66	8.36	8.26	12.90	1.62	40.12	13.03
7/19/2018 10:18:36 AM	0.97	0.74	1.38	0.00	0.00	0.00	0.00	0.39	3.09	85.47	6.34	30.52	514	745	620	0	0	0	0	0	1879	148.99	5.84	2.49	7.29	8.21	7.91	12.14	1.62	40.05	13.02
7/19/2018 10:18:38 AM	1.04	0.79	1.49	0.00	0.00	0.00	0.00	0.37	3.32	85.38	6.38	30.60	553	787	673	0	0	0	0	0	2013	148.83	6.15	2.74	7.69	8.42	8.20	12.80	1.63	40.00	12.99
7/19/2018 10:18:41 AM	1.09	0.61	1.23	0.10	0.00	0.00	0.00	0.39	3.02	85.22	6.43	30.32	575	607	553	3	0	0	0	0	1738	148.55	5.74	2.39	6.70	8.17	7.82	12.23	1.63	39.92	13.02
7/19/2018 10:18:43 AM	0.83	0.73	1.25	0.00	0.00	0.00	0.00	0.40	2.82	85.46	6.47	30.04	440	734	563	0	0	0	0	0	1737	148.96	5.47	2.49	6.92	7.92	7.70	11.23	1.63	39.86	12.99
7/19/2018 10:18:45 AM	0.82	0.69	1.03	0.11	0.00	0.00	0.00	0.42	2.64	85.41	6.51	29.65	435	685	463	3	0	0	0	0	1586	148.87	5.27	2.37	6.67	7.85	7.75	10.81	1.64	39.78	13.00
7/19/2018 10:18:48 AM	0.74	0.71	1.29	0.00	0.00	0.00	0.00	0.40	2.73	85.22	6.52	29.30	393	708	579	0	0	0	0	0	1679	148.54	5.49	2.43	6.89	7.85	7.41	11.10	1.64	39.68	12.98
7/19/2018 10:18:50 AM	0.96	0.78	1.13	0.00	0.00	0.00	0.00	0.39	2.87	85.21	6.53	29.68	509	781	508	0	0	0	0	0	1798	148.53	5.27	2.52	7.32	7.82	7.64	11.04	1.64	39.63	12.97
7/19/2018 10:18:53 AM	0.87	0.82	1.28	0.00	0.00	0.00	0.00	0.38	2.97	85.14	6.53	30.09	463	816	578	0	0	0	0	0	1857	148.41	5.62	2.64	7.73	7.93	7.68	11.40	1.64	39.54	12.96
7/19/2018 10:18:55 AM	0.91	0.74	1.26	0.00	0.00	0.00	0.00	0.39	2.91	85.21	6.54	30.43	482	742	569	0	0	0	0	0	1793	148.53	5.54	2.51	7.10	8.01	7.73	11.50	1.64	39.51	12.90
7/19/2018 10:18:57 AM	0.95	0.78	1.27	0.00	0.00	0.00	0.00	0.37	3.00	85.36	6.56	30.59	505	777	572	0	0	0	0	0	1854	148.79	5.57	2.52	7.35	7.91	7.86	11.53	1.64	39.42	12.93
7/19/2018 10:19:00 AM	0.82	0.79	1.27	0.00	0.00	0.00	0.00	0.40	2.88	85.09	6.58	30.11	435	795	570	0	0	0	0	0	1799	148.33	5.55	2.54	7.41	7.94	7.72	11.25	1.64	39.35	12.91
7/19/2018 10:19:02 AM	0.89	0.72	1.09	0.00	0.00	0.00	0.00	0.40	2.71	84.96	6.64	28.79	473	721	491	0	0	0	0	0	1686	148.10	5.14	2.27	6.86	7.74	7.42	10.73	1.65	39.28	12.92
7/19/2018 10:19:04 AM	0.86	0.74	1.10	0.00	0.00	0.00	0.00	0.39	2.70	85.09	6.65	28.41	458	743	493	0	0	0	0	0	1694	148.32	5.13	2.30	7.04	7.64	7.37	10.60	1.65	39.22	12.89
7/19/2018 10:19:07 AM	0.87	0.72	1.18	0.00	0.00	0.00	0.00	0.39	2.77	85.06	6.68	28.63	463	716	530	0	0	0	0	0	1709	148.27	5.30	2.25	6.80	7.76	7.59	10.98	1.65	39.17	12.86
7/19/2018 10:19:09 AM	0.89	0.74	1.19	0.00	0.00	0.00	0.00	0.39	2.82	85.02	6.71	28.63	473	737	533	0	0	0	0	0	1744	148.19	5.34	2.38	6.94	7.85	7.67	11.10	1.66	39.09	12.86
7/19/2018 10:19:12 AM	1.03	0.76	1.13	0.00	0.00	0.00	0.00	0.37	2.92	85.26	6.73	28.65	548	759	508	0	0	0	0	0	1816	148.61	5.26	2.48	7.22	7.75	7.66	11.14	1.66	39.01	12.86
7/19/2018 10:19:14 AM	0.92	0.68	1.18	0.00	0.00	0.00	0.00	0.38	2.78	85.14	6.78	28.77	490	682	530	0	0	0	0	0	1702	148.40	5.26	2.35	6.83	7.66	7.31	11.01	1.66	38.95	12.84
7/19/2018 10:19:16 AM	0.94	0.78	1.21	0.00	0.00	0.00	0.00	0.40	2.94	85.22	6.81	28.82	500	783	545	0	0	0	0	0	1828	148.55	5.49	2.57	7.33	8.06	7.80	11.44	1.67	38.88	12.84
7/19/2018 10:19:19 AM	0.87	0.77	1.17	0.00	0.00	0.00	0.00	0.41	2.82	84.96	6.85	29.02	461	775	528	0	0	0	0	0	1764	148.09	5.37	2.38	7.14	7.93	7.75	11.08	1.67	38.79	12.82
7/19/2018 10:19:21 AM	0.84	0.78	1.20	0.00	0.00	0.00	0.00	0.40	2.83	85.20	6.89	29.19	444	781	542	0	0	0	0	0	1767	148.50	5.40	2.48	7.08	7.86	7.89	11.06	1.68	38.74	12.80
7/19/2018 10:19:23 AM	1.01	0.66	1.07	0.15	0.00	0.00	0.00	0.39	2.89	85.36	6.92	29.37	536	660	479	5	0	0	0	0	1680	148.79	5.53	2.46	6.85	7.98	8.01	11.58	1.68	38.67	12.79
7/19/2018 10:19:26 AM	1.03	0.78	1.16	0.00	0.00	0.00	0.00	0.39	2.97	85.30	6.97	29.12	547	775	522	0	0	0	0	0	1845	148.68	5.39	2.40	7.19	8.00	7.94	11.43	1.68	38.58	12.81
7/19/2018 10:19:28 AM	0.90	0.68	1.03	0.09	0.00	0.00	0.00	0.41	2.71	85.12	6.99	28.64	479	684	464	3	0	0	0	0	1629	148.38	5.26	2.38	6.70	7.84	7.74	10.95	1.68	38.53	12.79
7/19/2018 10:19:31 AM	0.99	0.75	1.08	0.00	0.00	0.00	0.00	0.40	2.82	84.94	6.99	28.73	527	752	485	0	0	0	0	0	1764	148.07	5.16	2.40	6.96	7.86	7.74	10.99	1.68	38.43	12.80
7/19/2018 10:19:33 AM	0.81	0.84	1.29	0.00	0.00	0.00	0.00	0.40	2.94	85.02	6.99	28.96	429	841	581	0	0	0	0	0	1851	148.19	5.67	2.48	7.73	8.04	7.86	11.37	1.69	38.37	12.77
7/19/2018 10:19:35 AM	0.94	0.72	1.11	0.00	0.00	0.00	0.00	0.39	2.77	85.02	7.02	28.95	498	719	500	0	0	0	0	0	1717	148.20	5.18	2.24	6.74	7.76	7.66	10.91	1.69	38.32	12.77
7/19/2018 10:19:38 AM	0.89	0.71	1.12	0.05	0.00	0.00	0.00	0.41	2.77	85.08	7.03	28.79	469	706	505	2	0	0	0	0	1681	148.29	5.37	2.54	6.86	7.99	7.68	11.18	1.69	38.25	12.75
7/19/2018 10:19:40 AM	0.93	0.77	1.24	0.00	0.00	0.00	0.00	0.40	2.94	85.28	7.04	28.75	495	773	556	0	0	0	0	0	1825	148.65	5.53	2.43	7.13	8.08	7.98	11.52	1.69	38.18	12.76
7/19/2018 10:19:42 AM	0.96	0.81	1.16	0.00	0.00	0.00	0.00	0.41	2.93	85.39	7.06	28.93	510	808	520	0	0	0	0	0	1838	148.84	5.41	2.43	7.34	8.09	7.96	11.33	1.69	38.12	12.75
7/19/2018 10:19:45 AM	0.89	0.74	1.22	0.02	0.00	0.00	0.00	0.40	2.87	85.00	7.07	29.23	471	742	547	1	0	0	0	0	1760	148.17	5.49	2.39	6.96	8.00	7.89	11.36	1.69	38.05	12.74
7/19/2018 10:19:47 AM	1.02	0.66	1.12	0.14	0.00	0.00	0.00	0.40	2.94	85.11	7.09	29.50	540	662	505	4	0	0	0	0	1711	148.36	5.66	2.46	6.89	8.19	8.03	11.88	1.69	37.98	12.72
7/19/2018 10:19:50 AM	1.08	0.77	1.20	0.00	0.00	0.00	0.00	0.40	3.05	84.91	7.11	29.70	573	766	541	0	0	0	0	0	1880	148.01	5.53	2.44	7.23	8.23	7.99	11.84	1.70	37.92	12.71
7/19/2018 10:19:52 AM	0.95	0.73	1.14	0.04	0.00	0.00	0.00	0.41	2.86	84.89	7.14	29.79	505	725	512	1	0	0	0	0	1744	147.97	5.43	2.34	6.90	8.09	7.91	11.40	1.70	37.87	12.67
7/19/2018 10:19:54 AM	1.13	0.76	1.21	0.00	0.00	0.00	0.00	0.39	3.09	85.07	7.17	29.79	597	761	543	0	0	0	0	0	1901	148.28	5.53	2.28	7.16	8.13	8.12	11.88	1.70	37.79	12.69
7/19/2018 10:19:57 AM	0.96	0.75	1.15	0.00	0.00	0.00	0.00	0.41	2.87	84.99	7.21	29.21	511	751	519	0	0	0	0	0	1781	148.15	5.38	2.25	7.02	8.08	7.81	11.34	1.71	37.72	12.71
7/19/2018 10:19:59 AM	0.78	0.75	1.04	0.00	0.00	0.00	0.00	0.43	2.57	84.96	7.22	28.63	415	745	468	0	0	0	0	0	1628	148.09	5.02	2.27	6.76	7.77	7.47	10.36	1.71	37.66	12.67
7/19/2018 10:20:01 AM	0.91	0.76	1.08	0.00	0.00	0.00	0.00	0.42	2.75	84.96	7.23	28.65	482	755	487	0	0	0	0	0	1724	148.09	5.18	2.29	6.86	7.95	7.76	10.90	1.71	37.61	12.64
7/19/2018 10:20:04 AM	0.83	0.67	0.89	0.15	0.00	0.00	0.00	0.43	2.54	85.16	7.25	28.91	440	667	399	5	0	0	0	0	1510	148.43	5.11	2.37	6.57	7.85	7.72	10.55	1.71	37.55	12.63
7/19/2018 10:20:06 AM	0.93	0.80	1.12	0.00	0.00	0.00	0.00	0.43	2.85	85.02	7.26	29.17	492	800	502	0	0	0	0	0	1795	148.20	5.35	2.25	7.18	8.14	7.96	11.18	1.71	37.46	12.65
7/19/2018 10:20:09 AM	0.96	0.77	1.12	0.09	0.00	0.00	0.00	0.41	2.94	85.15	7.27	29.33	509	770	506	3	0	0	0	0	1787	148.43	5.59	2.35	7.16	8.20	8.32	11.59	1.71	37.39	12.65
7/19/2018 10:20:11 AM	0.94	0.89	1.18	0.00	0.00	0.00	0.00	0.42	3.02	85.15	7.30	29.31	499	894	532	0	0	0	0	0	1925	148.42	5.57	2.42	7.79	8.26	8.30	11.48	1.72	37.33	12.61
7/19/2018 10:20:13 AM	0.89	0.80	1.14	0.04	0.00	0.00	0.00	0.43	2.86	85.08	7.32	29.32	469	803	511	1	0	0	0	0	1785	148.30	5.49	2.53	7.24	8.27	8.10	11.37	1.72	37.27	12.62
7/19/2018 10:20:16 AM	0.91	0.82	1.21	0.00	0.00	0.00	0.00	0.42	2.94	84.98	7.35	29.38	480	820	544	0	0	0	0	0	1844	148.12	5.54	2.38	7.35	8.19	8.09	11.45	1.72	37.20	12.61
7/19/2018 10:20:18 AM	0.80	0.68	0.96	0.10	0.00	0.00	0.00	0.44	2.55	85.15	7.39	29.00	424	684	432	3	0	0	0	0	1543	148.42	5.15	2.16	6.51	7.92	7.76	10.60	1.72	37.19	12.57
7/19/2018 10:20:20 AM	0.79	0.71	0.96	0.13	0.00	0.00	0.00	0.42	2.59	85.01	7.44	28.65	420	715	430	4	0	0	0	0	1569	148.19	5.20	2.25	6.70	7.80	7.94	10.55	1.73	37.11	12.60
7/19/2018 10:20:23 AM	0.82	0.76	1.08	0.00	0.00	0.00	0.00	0.42	2.66	84.86	7.45	28.52	433	762	487	0	0	0	0	0	1682	147.93	5.16	2.12	6.77	7.88	7.79	10.66	1.73	37.03	12.58
7/19/2018 10:20:25 AM	0.82	0.73	1.09	0.13	0.00	0.00	0.00	0.43	2.76	84.95	7.45	28.63	432	729	491	4	0	0	0	0	1657	148.07	5.55	2.39	6.95	8.11	8.13	11.25	1.73	36.98	12.58
7/19/2018 10:20:28 AM	0.97	0.78	1.14	0.10	0.00	0.00	0.00	0.43	2.99	85.12	7.48	28.96	513	780	512	3	0	0	0	0	1809	148.38	5.71	2.42	7.28	8.40	8.43	11.84	1.73	36.91	12.55
7/19/2018 10:20:30 AM	1.02	0.76	1.02	0.04	0.00	0.00	0.00	0.44	2.83	84.82	7.55	28.98	538	760	460	1	0	0	0	0	1759	147.85	5.26	2.39	7.01	8.24	7.94	11.28	1.74	36.86	12.52
7/19/2018 10:20:32 AM	0.85	0.79	1.02	0.00	0.00	0.00	0.00	0.45	2.65	84.50	7.62	28.84	448	791	457	0	0	0	0	0	1696	147.29	5.10	2.26	6.91	8.07	7.81	10.65	1.75	36.82	12.54
7/19/2018 10:20:35 AM	0.84	0.74	0.94	0.10	0.00	0.00	0.00	0.44	2.62	84.70	7.66	28.79	443	744	422	3	0	0	0	0	1612	147.63	5.15	2.33	6.82	8.00	7.92	10.64	1.75	36.76	12.50
7/19/2018 10:20:37 AM	0.99	0.85	1.08	0.00	0.00	0.00	0.00	0.43	2.91	84.73	7.68	28.72	524	847	485	0	0	0	0	0	1856	147.70	5.35	2.24	7.50	8.21	8.07	11.23	1.75	36.69	12.52
7/19/2018 10:20:39 AM	0.92	0.81	1.18	0.00	0.00	0.00	0.00	0.43	2.90	84.69	7.73	28.79	485	806	532	0	0	0	0	0	1823	147.63	5.51	2.31	7.23	8.28	8.07	11.47	1.76	36.64	12.47
7/19/2018 10:20:42 AM	0.86	0.76	1.04	0.00	0.00	0.00	0.00	0.43	2.66	84.94	7.79	28.66	457	763	468	0	0	0	0	0	1688	148.07	5.10	2.20	6.82	7.93	7.73	10.65	1.76	36.56	12.50
7/19/2018 10:20:44 AM	0.76	0.77	1.06	0.00	0.00	0.00	0.00	0.46	2.60	84.84	7.85	28.61	404	772	479	0	0	0	0	0	1654	147.88	5.17	2.20	6.79	8.09	7.74	10.64	1.77	36.53	12.46
7/19/2018 10:20:47 AM	0.79	0.79	0.95	0.03	0.00	0.00	0.00	0.45	2.57	85.06	7.87	28.54	421	786	428	1	0	0	0	0	1636	148.27	5.02	2.24	6.83	7.96	7.86	10.36	1.77	36.51	12.44
7/19/2018 10:20:49 AM	0.72	0.80	1.14	0.02	0.00	0.00	0.00	0.45	2.68	85.00	7.88	28.34	384	801	511	1	0	0	0	0	1697	148.16	5.38	2.34	7.01	8.14	7.98	10.88	1.77	36.40	12.48
7/19/2018 10:20:51 AM	0.77	0.78	1.03	0.00	0.00	0.00	0.00	0.45	2.59	84.90	7.92	28.49	410	782	465	0	0	0	0	0	1658	147.99	5.09	2.17	6.79	7.97	7.79	10.48	1.78	36.36	12.43
7/19/2018 10:20:54 AM	0.85	0.77	1.01	0.00	0.00	0.00	0.00	0.44	2.64	85.05	8.00	28.41	453	775	454	0	0	0	0	0	1682	148.24	5.06	2.22	6.82	8.03	7.76	10.62	1.78	36.32	12.40
7/19/2018 10:20:56 AM	0.83	0.74	0.91	0.00	0.00	0.00	0.00	0.46	2.49	85.01	8.14	28.13	440	745	411	0	0	0	0	0	1595	148.19	4.83	2.08	6.55	7.93	7.56	10.20	1.80	36.26	12.40
7/19/2018 10:20:58 AM	0.76	0.76	0.93	0.00	0.00	0.00	0.00	0.46	2.44	84.86	8.24	28.01	401	757	418	0	0	0	0	0	1577	147.91	4.86	2.10	6.60	7.93	7.54	10.10	1.81	36.18	12.42
7/19/2018 10:21:01 AM	0.74	0.81	0.92	0.00	0.00	0.00	0.00	0.45	2.48	84.97	8.29	28.11	395	815	414	0	0	0	0	0	1623	148.12	4.86	2.17	6.97	7.85	7.60	9.96	1.81	36.16	12.39
7/19/2018 10:21:03 AM	0.82	0.77	0.93	0.00	0.00	0.00	0.00	0.47	2.52	84.98	8.39	28.19	435	773	419	0	0	0	0	0	1627	148.13	4.92	2.09	6.70	8.07	7.69	10.35	1.82	36.09	12.37
7/19/2018 10:21:06 AM	0.81	0.90	0.95	0.00	0.00	0.00	0.00	0.46	2.65	84.93	8.53	28.10	427	902	426	0	0	0	0	0	1755	148.04	5.05	2.30	7.65	8.07	7.82	10.32	1.84	36.03	12.37
7/19/2018 10:21:08 AM	0.83	0.79	0.92	0.00	0.00	0.00	0.00	0.46	2.53	84.89	8.63	27.99	438	789	412	0	0	0	0	0	1639	147.97	4.89	2.14	6.83	8.00	7.66	10.25	1.85	35.97	12.39
7/19/2018 10:21:10 AM	0.75	0.77	0.99	0.00	0.00	0.00	0.00	0.44	2.52	84.65	8.73	28.03	400	770	446	0	0	0	0	0	1616	147.56	4.97	2.11	6.66	7.82	7.72	10.21	1.86	35.92	12.37
7/19/2018 10:21:13 AM	1.26	0.74	0.90	0.02	0.00	0.00	0.00	0.44	2.91	84.92	8.81	28.12	665	744	403	1	0	0	0	0	1812	148.03	5.04	2.22	6.93	8.33	7.94	11.41	1.86	35.87	12.33
7/19/2018 10:21:15 AM	0.84	0.73	0.95	0.03	0.00	0.00	0.00	0.44	2.55	84.82	8.87	28.18	446	733	426	1	0	0	0	0	1605	147.86	4.95	2.06	6.55	7.91	7.70	10.39	1.87	35.83	12.31
7/19/2018 10:21:17 AM	0.95	0.80	0.82	0.00	0.00	0.00	0.00	0.46	2.57	85.10	8.94	28.30	505	798	368	0	0	0	0	0	1670	148.34	4.72	2.14	6.89	7.99	7.67	10.20	1.88	35.76	12.32
7/19/2018 10:21:20 AM	0.92	0.82	0.98	0.00	0.00	0.00	0.00	0.46	2.72	84.89	9.00	28.47	489	821	440	0	0	0	0	0	1751	147.97	5.13	2.27	7.23	8.31	7.83	10.87	1.88	35.73	12.28
7/19/2018 10:21:22 AM	0.77	0.81	1.06	0.00	0.00	0.00	0.00	0.46	2.65	84.95	9.07	28.47	409	814	478	0	0	0	0	0	1700	148.08	5.22	2.26	7.03	8.18	7.88	10.71	1.89	35.65	12.31
7/19/2018 10:21:25 AM	0.75	0.74	0.93	0.07	0.00	0.00	0.00	0.48	2.49	85.04	9.11	28.27	397	744	417	2	0	0	0	0	1560	148.24	5.09	2.21	6.66	8.21	7.78	10.50	1.89	35.59	12.31
7/19/2018 10:21:27 AM	0.73	0.78	0.92	0.00	0.00	0.00	0.00	0.46	2.43	85.07	9.15	28.16	386	779	416	0	0	0	0	0	1581	148.28	4.85	2.13	6.73	7.91	7.53	10.00	1.90	35.54	12.29
7/19/2018 10:21:29 AM	0.80	0.79	0.94	0.02	0.00	0.00	0.00	0.47	2.55	84.92	9.18	28.24	423	789	425	1	0	0	0	0	1637	148.03	5.02	2.15	6.78	8.16	7.85	10.46	1.90	35.47	12.30
7/19/2018 10:21:32 AM	0.74	0.82	1.12	0.03	0.00	0.00	0.00	0.48	2.70	84.85	9.23	28.42	391	818	505	1	0	0	0	0	1715	147.91	5.48	2.36	7.10	8.53	8.10	11.18	1.90	35.46	12.26
7/19/2018 10:21:34 AM	0.90	0.80	1.09	0.03	0.00	0.00	0.00	0.45	2.82	84.68	9.31	28.62	478	797	492	1	0	0	0	0	1768	147.60	5.42	2.28	7.09	8.37	8.16	11.33	1.91	35.39	12.25
7/19/2018 10:21:37 AM	0.68	0.77	1.02	0.00	0.00	0.00	0.00	0.48	2.47	85.10	9.37	28.58	359	770	460	0	0	0	0	0	1589	148.34	5.08	2.15	6.67	8.12	7.65	10.37	1.92	35.33	12.25
7/19/2018 10:21:39 AM	0.68	0.80	0.95	0.00	0.00	0.00	0.00	0.48	2.44	84.93	9.41	28.42	362	801	429	0	0	0	0	0	1593	148.04	4.96	2.15	6.85	8.08	7.62	10.13	1.92	35.28	12.24
7/19/2018 10:21:41 AM	0.78	0.80	0.93	0.00	0.00	0.00	0.00	0.48	2.51	85.23	9.45	28.48	413	799	418	0	0	0	0	0	1630	148.57	4.94	2.16	6.83	8.12	7.72	10.29	1.93	35.28	12.20
7/19/2018 10:21:44 AM	0.77	0.80	0.93	0.00	0.00	0.00	0.00	0.47	2.50	85.07	9.51	28.68	406	796	421	0	0	0	0	0	1623	148.29	4.92	2.14	6.89	8.01	7.61	10.18	1.93	35.19	12.23
7/19/2018 10:21:46 AM	0.80	0.80	1.02	0.04	0.00	0.00	0.00	0.46	2.66	84.83	9.58	28.72	423	796	461	1	0	0	0	0	1680	147.86	5.24	2.33	6.98	8.20	7.98	10.79	1.94	35.13	12.20
7/19/2018 10:21:48 AM	0.69	0.81	1.05	0.00	0.00	0.00	0.00	0.49	2.55	84.93	9.64	28.53	367	810	473	0	0	0	0	0	1651	148.05	5.21	2.24	6.92	8.33	7.84	10.64	1.94	35.08	12.21
7/19/2018 10:21:51 AM	0.78	0.77	0.93	0.00	0.00	0.00	0.00	0.47	2.47	84.98	9.63	28.30	412	767	419	0	0	0	0	0	1598	148.14	4.93	1.99	6.72	8.08	7.56	10.26	1.94	35.03	12.20
7/19/2018 10:21:53 AM	0.82	0.78	0.96	0.00	0.00	0.00	0.00	0.47	2.55	85.01	9.71	28.37	435	778	430	0	0	0	0	0	1643	148.18	5.00	2.07	6.72	8.19	7.78	10.51	1.95	35.02	12.15
7/19/2018 10:21:56 AM	0.79	0.75	0.92	0.02	0.00	0.00	0.00	0.47	2.49	84.96	9.78	28.41	421	751	415	1	0	0	0	0	1588	148.10	4.92	2.10	6.58	8.02	7.67	10.28	1.96	34.96	12.18
7/19/2018 10:21:58 AM	0.64	0.80	0.96	0.00	0.00	0.00	0.00	0.50	2.41	85.13	9.85	28.38	341	802	432	0	0	0	0	0	1576	148.39	4.99	2.11	6.75	8.22	7.70	10.17	1.97	34.93	12.12
7/19/2018 10:22:00 AM	0.83	0.77	0.87	0.00	0.00	0.00	0.00	0.48	2.46	84.85	9.94	28.32	437	770	390	0	0	0	0	0	1598	147.89	4.81	1.97	6.58	8.12	7.70	10.20	1.97	34.86	12.14
7/19/2018 10:22:03 AM	0.73	0.79	0.95	0.00	0.00	0.00	0.00	0.50	2.48	84.70	10.03	28.25	388	791	429	0	0	0	0	0	1608	147.65	5.01	2.08	6.75	8.29	7.74	10.39	1.98	34.82	12.08
7/19/2018 10:22:05 AM	0.76	0.76	0.91	0.00	0.00	0.00	0.00	0.48	2.43	84.93	10.04	28.16	402	763	408	0	0	0	0	0	1572	148.04	4.84	2.06	6.60	8.03	7.56	10.11	1.98	34.76	12.12
7/19/2018 10:22:07 AM	0.74	0.77	0.93	0.00	0.00	0.00	0.00	0.49	2.44	84.89	10.05	28.16	390	772	419	0	0	0	0	0	1581	147.98	4.91	2.14	6.63	8.14	7.63	10.22	1.98	34.74	12.12
7/19/2018 10:22:10 AM	0.88	0.81	0.96	0.00	0.00	0.00	0.00	0.49	2.64	85.03	10.08	28.37	466	806	432	0	0	0	0	0	1704	148.22	5.11	2.09	6.94	8.43	7.92	10.82	1.99	34.69	12.06
7/19/2018 10:22:12 AM	0.74	0.85	0.93	0.00	0.00	0.00	0.00	0.50	2.52	84.75	10.12	28.54	395	852	417	0	0	0	0	0	1664	147.72	5.03	2.28	7.16	8.39	7.80	10.40	1.99	34.66	12.07
7/19/2018 10:22:15 AM	0.79	0.84	0.97	0.00	0.00	0.00	0.00	0.49	2.60	85.14	10.17	28.64	416	842	435	0	0	0	0	0	1694	148.41	5.10	2.22	7.17	8.33	7.86	10.56	2.00	34.62	12.08
7/19/2018 10:22:17 AM	0.78	0.83	1.05	0.00	0.00	0.00	0.00	0.48	2.66	84.74	10.22	28.56	414	828	474	0	0	0	0	0	1716	147.72	5.25	2.27	7.07	8.36	7.99	10.84	2.00	34.57	12.02
7/19/2018 10:22:19 AM	0.66	0.79	0.87	0.00	0.00	0.00	0.00	0.50	2.32	84.98	10.24	28.40	351	792	391	0	0	0	0	0	1534	148.13	4.79	2.06	6.64	8.13	7.57	9.86	2.00	34.50	12.06
7/19/2018 10:22:22 AM	0.77	0.82	0.90	0.00	0.00	0.00	0.00	0.48	2.48	84.80	10.27	28.29	407	820	403	0	0	0	0	0	1630	147.82	4.88	2.07	6.91	8.08	7.75	10.12	2.01	34.51	12.02
7/19/2018 10:22:24 AM	0.75	0.77	0.92	0.08	0.00	0.00	0.00	0.49	2.51	85.03	10.28	28.32	396	767	412	2	0	0	0	0	1577	148.22	5.15	2.19	6.76	8.33	7.96	10.59	2.01	34.42	12.04
7/19/2018 10:22:26 AM	0.71	0.80	0.96	0.00	0.00	0.00	0.00	0.48	2.47	85.16	10.29	28.39	376	801	434	0	0	0	0	0	1611	148.44	5.01	2.06	6.79	8.16	7.76	10.27	2.01	34.41	12.00
7/19/2018 10:22:29 AM	0.82	0.86	0.96	0.00	0.00	0.00	0.00	0.48	2.64	85.11	10.32	28.47	434	856	433	0	0	0	0	0	1724	148.35	5.10	2.26	7.20	8.33	7.98	10.62	2.01	34.38	11.98
7/19/2018 10:22:31 AM	0.97	0.82	0.96	0.00	0.00	0.00	0.00	0.47	2.76	84.92	10.37	28.52	517	821	432	0	0	0	0	0	1770	148.02	5.13	2.28	7.14	8.43	7.98	11.02	2.02	34.31	11.97
7/19/2018 10:22:34 AM	0.73	0.77	0.93	0.00	0.00	0.00	0.00	0.49	2.43	84.97	10.45	28.34	388	770	420	0	0	0	0	0	1577	148.11	4.94	2.02	6.61	8.22	7.65	10.28	2.02	34.26	12.03
7/19/2018 10:22:36 AM	0.66	0.77	0.89	0.00	0.00	0.00	0.00	0.49	2.31	84.96	10.47	28.13	348	769	400	0	0	0	0	0	1517	148.09	4.80	2.02	6.55	8.05	7.48	9.86	2.03	34.22	12.01
7/19/2018 10:22:38 AM	0.82	0.79	0.89	0.00	0.00	0.00	0.00	0.48	2.49	84.71	10.52	28.18	432	785	399	0	0	0	0	0	1617	147.66	4.86	2.11	6.75	8.15	7.66	10.26	2.03	34.19	11.96
7/19/2018 10:22:41 AM	0.90	0.82	0.92	0.00	0.00	0.00	0.00	0.47	2.64	85.03	10.56	28.10	475	825	413	0	0	0	0	0	1713	148.22	5.00	2.08	7.12	8.24	7.83	10.57	2.03	34.12	11.95
7/19/2018 10:22:43 AM	0.70	0.82	0.89	0.00	0.00	0.00	0.00	0.51	2.41	84.70	10.57	28.01	372	818	402	0	0	0	0	0	1592	147.64	4.92	2.07	6.87	8.32	7.69	10.17	2.04	34.11	11.91
