Date/Time	Green Algae	Bluegreen	Diatoms	Cryptophyta	#5	#6	#7	Yellow substances	Total conc.	Transmission	Depth	Temp. Sample	Green Algae	Bluegreen	Diatoms	Cryptophyta	#5	#6	#7	Yellow substances	Total cell count	Trans. 700 nm	LED 3 [525 nm]	LED 4 [570 nm]	LED 5 [610 nm]	LED 6 [370 nm]	LED 7 [590 nm]	LED 8 [470 nm]	Pressure	Temp. LEDs	Temp. Sensor
date	µg/l	µg/l	µg/l	µg/l	µg/l	µg/l	µg/l	r.u.	µg/l	%	m	°C	cells/ml	cells/ml	cells/ml	cells/ml	cells/ml	cells/ml	cells/ml	r.u.	cells/ml	digits	digits	digits	digits	digits	digits	digits	bar	°C	°C
7/19/2018 11:21:34 AM	4.34	6.73	0.48	0.00	0.00	0.00	0.00	1.03	11.55	73.57	0.19	53.43	2300	6733	214	0	0	0	0	0	9246	128.26	12.33	7.81	36.48	22.63	35.44	26.20	1.02	32.81	10.26
7/19/2018 11:21:37 AM	6.66	6.69	0.91	0.00	0.00	0.00	0.00	0.62	14.26	82.30	0.28	53.22	3528	6687	412	0	0	0	0	0	10626	143.46	13.86	6.85	39.36	22.45	36.71	32.25	1.03	32.90	10.27
7/19/2018 11:21:39 AM	6.60	6.41	1.63	0.00	0.00	0.00	0.00	0.38	14.63	82.30	0.33	53.52	3496	6405	733	0	0	0	0	0	10635	143.46	14.65	6.34	37.92	20.87	36.94	33.17	1.03	33.01	10.28
7/19/2018 11:21:42 AM	6.17	6.85	1.67	0.00	0.00	0.00	0.00	0.67	14.69	80.73	0.41	53.42	3270	6852	752	0	0	0	0	0	10873	140.73	15.52	7.18	39.07	23.64	39.34	34.48	1.04	33.09	10.28
7/19/2018 11:21:44 AM	8.80	6.78	0.04	0.00	0.00	0.00	0.00	0.59	15.62	82.88	0.49	53.48	4664	6784	17	0	0	0	0	0	11465	144.47	12.84	8.79	40.89	23.71	37.42	35.01	1.05	33.19	10.31
7/19/2018 11:21:46 AM	8.35	6.29	0.00	0.93	0.00	0.00	0.00	0.55	15.57	82.74	0.53	53.60	4424	6287	0	28	0	0	0	0	10740	144.23	14.63	7.77	38.17	23.80	41.24	37.01	1.05	33.28	10.31
7/19/2018 11:21:49 AM	8.49	6.86	1.65	0.00	0.00	0.00	0.00	0.21	17.00	82.02	0.61	53.51	4499	6862	743	0	0	0	0	0	12103	142.98	15.52	9.13	41.32	22.21	40.21	38.13	1.06	33.39	10.31
7/19/2018 11:21:51 AM	8.09	7.13	0.47	0.00	0.00	0.00	0.00	0.63	15.69	81.21	0.67	53.26	4285	7132	212	0	0	0	0	0	11629	141.55	14.18	5.94	42.45	24.09	39.19	35.05	1.07	33.45	10.34
7/19/2018 11:21:53 AM	8.87	7.11	0.59	0.29	0.00	0.00	0.00	0.27	16.86	82.09	0.75	53.06	4703	7107	264	9	0	0	0	0	12083	143.09	14.53	7.83	41.54	22.15	42.74	36.48	1.07	33.57	10.33
7/19/2018 11:21:56 AM	5.49	6.92	2.66	0.77	0.00	0.00	0.00	0.52	15.84	82.33	0.81	53.29	2910	6919	1197	23	0	0	0	0	11049	143.52	19.51	8.85	41.20	24.19	43.38	38.83	1.08	33.63	10.34
7/19/2018 11:21:58 AM	8.63	7.14	1.45	0.00	0.00	0.00	0.00	0.29	17.22	81.00	0.86	53.32	4574	7145	652	0	0	0	0	0	12371	141.20	15.71	8.61	43.43	23.09	40.55	38.40	1.08	33.72	10.33
7/19/2018 11:22:01 AM	6.83	7.39	0.79	0.77	0.00	0.00	0.00	0.79	15.78	81.81	0.94	52.94	3622	7387	355	23	0	0	0	0	11387	142.60	16.88	9.48	42.97	26.06	44.20	37.26	1.09	33.83	10.33
7/19/2018 11:22:03 AM	8.85	7.37	1.94	0.00	0.00	0.00	0.00	0.00	18.16	82.00	1.02	53.11	4693	7367	873	0	0	0	0	0	12933	142.93	16.35	8.95	43.88	21.45	43.17	39.07	1.10	33.89	10.35
7/19/2018 11:22:05 AM	8.27	7.78	0.39	0.00	0.00	0.00	0.00	0.93	16.44	81.33	1.08	53.42	4383	7782	176	0	0	0	0	0	12341	141.76	15.11	7.65	43.43	27.74	44.29	37.94	1.11	33.98	10.37
7/19/2018 11:22:08 AM	5.99	7.48	2.11	0.00	0.00	0.00	0.00	0.74	15.58	81.49	1.14	53.09	3175	7479	949	0	0	0	0	0	11604	142.04	17.29	7.78	43.33	25.38	41.22	36.61	1.11	34.09	10.37
7/19/2018 11:22:10 AM	9.57	7.33	1.44	0.00	0.00	0.00	0.00	0.29	18.34	81.64	1.18	52.63	5074	7326	649	0	0	0	0	0	13049	142.31	16.45	8.07	44.78	24.49	42.49	41.43	1.12	34.20	10.41
7/19/2018 11:22:12 AM	9.30	8.07	0.56	0.00	0.00	0.00	0.00	0.77	17.93	81.55	1.22	52.69	4929	8067	251	0	0	0	0	0	13248	142.15	16.00	8.28	46.27	28.16	45.78	40.86	1.12	34.27	10.39
7/19/2018 11:22:15 AM	7.86	7.30	1.60	0.50	0.00	0.00	0.00	0.61	17.26	81.43	1.26	52.90	4163	7302	722	15	0	0	0	0	12202	141.95	17.90	11.67	44.41	26.54	43.11	41.44	1.12	34.38	10.42
7/19/2018 11:22:17 AM	5.51	8.10	3.11	0.00	0.00	0.00	0.00	0.37	16.73	81.29	1.29	52.76	2922	8103	1401	0	0	0	0	0	12427	141.71	18.77	9.24	45.34	23.06	45.47	36.75	1.13	34.45	10.43
7/19/2018 11:22:20 AM	8.03	7.78	1.37	0.00	0.00	0.00	0.00	0.63	17.18	79.40	1.34	52.55	4256	7781	614	0	0	0	0	0	12651	138.41	16.58	7.99	44.70	26.04	44.27	39.07	1.13	34.55	10.41
7/19/2018 11:22:22 AM	8.65	7.84	1.69	0.00	0.00	0.00	0.00	0.32	18.17	81.09	1.38	52.44	4583	7840	760	0	0	0	0	0	13182	141.35	16.94	7.47	44.77	24.30	46.25	40.01	1.14	34.64	10.46
7/19/2018 11:22:24 AM	8.81	7.65	1.14	0.00	0.00	0.00	0.00	0.58	17.61	82.44	1.42	52.44	4671	7653	513	0	0	0	0	0	12838	143.70	16.34	7.22	44.74	26.11	44.01	40.11	1.14	34.74	10.46
7/19/2018 11:22:27 AM	9.32	7.93	1.04	0.00	0.00	0.00	0.00	0.39	18.30	81.00	1.46	52.70	4941	7930	470	0	0	0	0	0	13340	141.20	16.01	8.80	46.27	24.92	45.10	39.88	1.14	34.83	10.46
7/19/2018 11:22:29 AM	9.46	7.66	1.16	0.07	0.00	0.00	0.00	0.31	18.36	82.13	1.48	52.98	5016	7661	523	2	0	0	0	0	13202	143.16	16.13	8.57	44.69	24.45	45.25	40.48	1.15	34.93	10.50
7/19/2018 11:22:31 AM	6.52	7.95	2.12	0.00	0.00	0.00	0.00	0.64	16.59	80.39	1.52	53.06	3455	7951	956	0	0	0	0	0	12362	140.14	17.75	8.49	46.02	25.49	43.39	37.73	1.15	35.02	10.49
7/19/2018 11:22:34 AM	8.24	7.88	1.67	0.00	0.00	0.00	0.00	0.44	17.79	81.25	1.56	52.99	4368	7881	751	0	0	0	0	0	13001	141.63	17.23	7.13	46.81	24.96	43.92	39.55	1.15	35.11	10.50
7/19/2018 11:22:36 AM	7.91	8.20	1.59	0.00	0.00	0.00	0.00	0.44	17.70	81.65	1.61	52.74	4191	8202	714	0	0	0	0	0	13107	142.32	16.99	8.85	48.28	24.64	44.23	38.25	1.16	35.19	10.50
7/19/2018 11:22:39 AM	7.30	8.20	2.32	0.06	0.00	0.00	0.00	0.46	17.89	81.66	1.67	52.55	3871	8199	1045	2	0	0	0	0	13117	142.34	18.44	9.37	46.55	25.36	46.97	40.05	1.16	35.28	10.52
7/19/2018 11:22:41 AM	8.90	8.66	1.58	0.00	0.00	0.00	0.00	0.28	19.14	81.78	1.71	52.41	4714	8659	712	0	0	0	0	0	14085	142.55	17.47	8.91	50.21	24.69	47.87	40.24	1.17	35.40	10.54
7/19/2018 11:22:43 AM	8.45	8.61	1.18	0.00	0.00	0.00	0.00	0.64	18.24	81.10	1.78	52.31	4476	8609	533	0	0	0	0	0	13618	141.36	17.07	9.18	48.76	27.05	47.67	39.96	1.17	35.49	10.55
7/19/2018 11:22:46 AM	6.62	8.23	2.62	0.00	0.00	0.00	0.00	0.65	17.47	81.77	1.85	52.52	3508	8234	1178	0	0	0	0	0	12920	142.54	19.30	8.52	48.07	26.71	45.08	40.33	1.18	35.59	10.56
7/19/2018 11:22:48 AM	6.58	8.64	3.54	0.00	0.00	0.00	0.00	0.74	18.75	82.43	1.90	52.61	3487	8637	1592	0	0	0	0	0	13716	143.69	21.79	11.20	50.11	29.48	48.22	45.14	1.19	35.66	10.56
7/19/2018 11:22:50 AM	6.63	7.98	7.82	1.43	0.00	0.00	0.00	0.62	23.86	82.01	1.95	52.33	3515	7980	3518	43	0	0	0	0	15056	142.95	35.68	14.20	54.10	37.69	56.48	69.29	1.19	35.77	10.60
7/19/2018 11:22:53 AM	6.33	7.88	14.09	1.04	0.00	0.00	0.00	0.29	29.33	82.77	2.00	52.14	3354	7883	6338	31	0	0	0	0	17606	144.28	48.43	14.93	58.18	43.92	61.58	91.59	1.20	35.85	10.61
7/19/2018 11:22:55 AM	7.37	7.53	11.25	1.45	0.00	0.00	0.00	0.35	27.60	82.62	2.03	51.86	3904	7527	5064	43	0	0	0	0	16539	144.02	43.39	14.27	55.64	41.50	59.46	84.54	1.20	35.97	10.60
7/19/2018 11:22:58 AM	6.57	7.67	17.34	1.02	0.00	0.00	0.00	0.13	32.60	82.03	2.08	51.56	3480	7671	7805	31	0	0	0	0	18986	142.98	55.80	14.81	60.08	47.93	65.03	105.24	1.20	36.05	10.63
7/19/2018 11:23:00 AM	4.76	7.45	28.77	2.55	0.00	0.00	0.00	0.00	43.53	82.17	2.14	51.48	2522	7449	12945	77	0	0	0	0	22992	143.24	86.30	20.68	72.56	65.00	81.30	155.95	1.21	36.16	10.62
7/19/2018 11:23:02 AM	4.71	7.07	30.19	2.83	0.00	0.00	0.00	0.00	44.80	82.45	2.18	51.36	2497	7065	13584	85	0	0	0	0	23231	143.71	90.22	20.56	72.70	66.98	82.72	163.42	1.21	36.24	10.65
7/19/2018 11:23:05 AM	4.18	6.79	30.90	3.10	0.00	0.00	0.00	0.00	44.97	82.69	2.23	51.24	2216	6787	13907	93	0	0	0	0	23003	144.15	92.18	21.20	72.52	67.48	82.74	166.07	1.22	36.32	10.69
7/19/2018 11:23:07 AM	2.90	6.10	29.91	3.18	0.00	0.00	0.00	0.00	42.08	83.23	2.27	51.08	1537	6095	13461	95	0	0	0	0	21188	145.08	88.93	19.33	66.94	64.88	78.47	157.11	1.22	36.42	10.67
7/19/2018 11:23:09 AM	3.47	6.37	27.11	2.70	0.00	0.00	0.00	0.04	39.66	83.57	2.32	50.95	1841	6372	12201	81	0	0	0	0	20495	145.67	81.42	18.52	64.88	61.33	74.83	144.60	1.23	36.50	10.70
7/19/2018 11:23:12 AM	3.37	6.53	26.39	2.01	0.00	0.00	0.00	0.08	38.30	83.99	2.34	50.81	1788	6528	11875	60	0	0	0	0	20252	146.41	77.68	17.84	63.36	59.28	71.66	138.44	1.23	36.60	10.70
7/19/2018 11:23:14 AM	3.62	6.21	26.29	2.30	0.00	0.00	0.00	0.01	38.42	83.97	2.39	50.91	1920	6212	11831	69	0	0	0	0	20032	146.37	78.07	17.47	62.51	59.00	71.78	139.39	1.23	36.70	10.72
7/19/2018 11:23:17 AM	3.93	6.07	23.31	2.06	0.00	0.00	0.00	0.12	35.36	84.21	2.44	51.01	2080	6067	10489	62	0	0	0	0	18698	146.79	70.57	15.47	58.48	54.98	67.51	127.07	1.24	36.76	10.75
7/19/2018 11:23:19 AM	3.38	6.03	22.53	1.83	0.00	0.00	0.00	0.23	33.76	83.91	2.49	50.83	1792	6026	10138	55	0	0	0	0	18011	146.27	67.83	15.93	57.05	53.56	64.48	121.72	1.24	36.86	10.73
7/19/2018 11:23:21 AM	2.89	5.97	20.34	2.08	0.00	0.00	0.00	0.33	31.29	84.43	2.56	50.71	1533	5967	9155	63	0	0	0	0	16718	147.17	63.34	14.80	54.64	50.51	62.78	112.41	1.25	36.96	10.77
7/19/2018 11:23:24 AM	3.81	6.06	17.12	1.86	0.00	0.00	0.00	0.31	28.85	85.05	2.62	50.74	2020	6057	7703	56	0	0	0	0	15836	148.26	55.43	14.19	52.39	45.76	59.03	100.04	1.26	37.04	10.80
7/19/2018 11:23:26 AM	2.13	6.76	13.63	1.40	0.00	0.00	0.00	0.64	23.91	85.24	2.65	50.36	1127	6758	6131	42	0	0	0	0	14058	148.58	46.00	13.08	49.90	40.52	54.79	80.10	1.26	37.13	10.80
7/19/2018 11:23:28 AM	3.16	6.64	11.94	1.85	0.00	0.00	0.00	0.61	23.58	85.33	2.69	49.79	1674	6640	5372	55	0	0	0	0	13741	148.74	43.79	12.99	49.56	39.39	55.09	77.60	1.26	37.20	10.80
7/19/2018 11:23:31 AM	2.22	7.78	11.82	1.53	0.00	0.00	0.00	0.71	23.35	85.12	2.74	49.37	1177	7784	5317	46	0	0	0	0	14324	148.38	43.15	13.66	53.19	39.25	57.67	73.90	1.27	37.29	10.79
7/19/2018 11:23:33 AM	2.24	9.04	9.21	1.26	0.00	0.00	0.00	0.81	21.75	85.19	2.80	49.05	1188	9043	4146	38	0	0	0	0	14415	148.50	37.35	13.50	55.72	36.32	59.06	62.52	1.27	37.38	10.82
7/19/2018 11:23:36 AM	2.36	10.06	7.69	1.24	0.00	0.00	0.00	0.78	21.35	85.03	2.85	48.82	1251	10063	3461	37	0	0	0	0	14812	148.21	34.44	14.07	58.93	34.29	61.51	56.20	1.28	37.46	10.85
7/19/2018 11:23:38 AM	1.66	10.29	7.34	1.34	0.00	0.00	0.00	0.84	20.64	85.32	2.89	48.64	881	10287	3304	40	0	0	0	0	14513	148.71	33.85	14.23	59.29	33.60	61.92	53.39	1.28	37.53	10.83
7/19/2018 11:23:40 AM	1.95	10.56	8.16	0.97	0.00	0.00	0.00	0.78	21.64	85.06	2.94	48.44	1034	10559	3674	29	0	0	0	0	15297	148.26	34.87	14.56	60.77	34.43	62.55	55.95	1.29	37.61	10.90
7/19/2018 11:23:43 AM	2.30	10.36	7.01	1.45	0.00	0.00	0.00	0.74	21.12	84.77	2.99	48.11	1219	10359	3153	43	0	0	0	0	14775	147.77	33.53	14.93	60.24	33.22	62.42	53.69	1.29	37.71	10.90
7/19/2018 11:23:45 AM	2.78	10.28	5.23	1.77	0.00	0.00	0.00	0.89	20.07	85.19	3.06	47.43	1475	10284	2355	53	0	0	0	0	14167	148.50	30.88	14.88	59.42	32.90	61.80	49.99	1.30	37.77	10.90
7/19/2018 11:23:47 AM	2.16	9.57	5.05	1.79	0.00	0.00	0.00	0.88	18.57	85.76	3.10	46.37	1143	9565	2274	54	0	0	0	0	13036	149.49	29.56	13.70	55.39	31.04	58.38	46.96	1.30	37.88	10.92
7/19/2018 11:23:50 AM	2.02	8.38	4.38	2.25	0.00	0.00	0.00	0.83	17.02	85.82	3.13	45.74	1069	8377	1971	67	0	0	0	0	11484	149.60	28.20	12.66	50.18	29.07	54.42	44.72	1.31	37.94	10.95
7/19/2018 11:23:52 AM	2.53	4.24	2.29	3.31	0.00	0.00	0.00	0.76	12.38	86.51	3.18	45.78	1341	4244	1033	99	0	0	0	0	6718	150.79	23.25	10.47	32.78	24.32	38.80	39.97	1.31	38.04	10.95
7/19/2018 11:23:55 AM	3.05	4.57	1.99	3.30	0.00	0.00	0.00	0.85	12.90	86.70	3.20	45.44	1618	4566	893	99	0	0	0	0	7176	151.12	23.27	10.67	34.34	25.67	40.29	41.05	1.31	38.09	10.94
7/19/2018 11:23:57 AM	2.93	4.73	2.30	3.27	0.00	0.00	0.00	0.76	13.24	86.28	3.23	44.94	1555	4728	1036	98	0	0	0	0	7418	150.39	23.78	10.81	35.16	25.18	41.09	41.26	1.32	38.16	10.98
7/19/2018 11:23:59 AM	3.00	5.03	2.21	3.11	0.00	0.00	0.00	0.83	13.35	86.80	3.26	45.08	1589	5030	995	93	0	0	0	0	7707	151.29	23.50	10.99	36.18	25.78	41.62	41.01	1.32	38.23	10.96
7/19/2018 11:24:02 AM	2.99	3.87	1.49	3.58	0.00	0.00	0.00	0.82	11.92	86.91	3.31	45.32	1583	3869	669	107	0	0	0	0	6229	151.49	22.24	10.36	31.36	24.31	37.74	39.34	1.32	38.30	10.98
7/19/2018 11:24:04 AM	2.29	3.78	2.50	2.94	0.00	0.00	0.00	0.79	11.51	86.70	3.36	45.29	1215	3777	1126	88	0	0	0	0	6207	151.13	22.14	9.18	29.67	23.57	35.63	38.51	1.33	38.38	11.01
7/19/2018 11:24:07 AM	2.75	3.63	1.87	3.11	0.00	0.00	0.00	0.83	11.37	86.91	3.40	45.36	1459	3631	842	93	0	0	0	0	6025	151.50	21.39	9.73	29.44	23.78	35.05	38.26	1.33	38.44	11.03
7/19/2018 11:24:09 AM	3.14	3.08	1.81	2.94	0.00	0.00	0.00	0.71	10.97	87.07	3.44	45.19	1663	3075	817	88	0	0	0	0	5643	151.77	20.18	8.84	26.70	22.24	32.31	37.32	1.34	38.49	11.03
7/19/2018 11:24:11 AM	2.21	2.76	2.24	2.69	0.00	0.00	0.00	0.73	9.90	87.48	3.48	44.22	1169	2763	1010	81	0	0	0	0	5023	152.48	19.68	8.09	24.30	21.24	29.77	35.21	1.34	38.57	11.05
7/19/2018 11:24:14 AM	2.46	2.86	1.87	2.92	0.00	0.00	0.00	0.73	10.10	87.19	3.53	42.91	1304	2856	841	88	0	0	0	0	5088	151.97	19.73	8.51	25.15	21.44	30.81	35.42	1.35	38.65	11.07
7/19/2018 11:24:16 AM	3.29	2.31	1.68	3.05	0.00	0.00	0.00	0.56	10.33	87.29	3.58	42.13	1742	2314	756	92	0	0	0	0	4904	152.15	19.26	8.62	23.62	20.33	29.18	36.25	1.35	38.71	11.09
7/19/2018 11:24:18 AM	2.46	2.42	1.82	3.10	0.00	0.00	0.00	0.60	9.81	87.53	3.63	41.84	1305	2424	818	93	0	0	0	0	4640	152.58	19.50	8.20	23.48	20.00	29.64	34.81	1.36	38.76	11.11
7/19/2018 11:24:21 AM	2.63	2.41	1.99	3.17	0.00	0.00	0.00	0.60	10.20	87.55	3.67	41.51	1395	2411	894	95	0	0	0	0	4795	152.60	20.19	8.50	23.94	20.61	30.11	36.37	1.36	38.82	11.11
7/19/2018 11:24:23 AM	2.98	2.25	1.30	3.55	0.00	0.00	0.00	0.69	10.08	87.25	3.72	41.42	1581	2253	583	106	0	0	0	0	4523	152.09	20.00	8.99	23.87	21.36	30.34	36.75	1.36	38.87	11.11
7/19/2018 11:24:26 AM	2.96	2.28	1.69	3.32	0.00	0.00	0.00	0.55	10.24	87.49	3.75	41.97	1567	2281	760	100	0	0	0	0	4707	152.51	19.88	8.59	23.69	20.20	30.00	36.30	1.37	38.92	11.14
7/19/2018 11:24:28 AM	2.60	2.40	1.77	3.22	0.00	0.00	0.00	0.64	9.99	87.08	3.80	42.19	1380	2395	797	97	0	0	0	0	4668	151.79	19.88	8.96	23.96	20.76	29.72	35.91	1.37	38.96	11.13
7/19/2018 11:24:30 AM	2.77	2.43	2.04	3.27	0.00	0.00	0.00	0.59	10.51	87.29	3.84	41.82	1466	2432	920	98	0	0	0	0	4915	152.15	20.69	8.91	24.51	21.02	30.62	37.43	1.38	39.02	11.14
7/19/2018 11:24:33 AM	2.56	2.51	1.98	3.31	0.00	0.00	0.00	0.61	10.35	87.18	3.85	41.84	1355	2508	890	99	0	0	0	0	4852	151.96	20.65	9.01	24.73	20.94	30.86	36.83	1.38	39.07	11.17
7/19/2018 11:24:35 AM	2.86	2.35	1.73	3.41	0.00	0.00	0.00	0.53	10.35	86.82	3.90	42.51	1515	2350	777	102	0	0	0	0	4744	151.34	20.21	8.70	24.13	20.12	30.65	36.41	1.38	39.13	11.17
7/19/2018 11:24:37 AM	3.07	2.48	1.51	3.86	0.00	0.00	0.00	0.54	10.92	86.94	3.94	42.93	1625	2481	678	116	0	0	0	0	4900	151.54	21.34	9.68	25.84	21.03	32.76	38.21	1.39	39.18	11.18
7/19/2018 11:24:40 AM	2.67	2.43	1.52	3.99	0.00	0.00	0.00	0.54	10.61	86.96	3.97	42.98	1417	2429	685	120	0	0	0	0	4651	151.58	21.52	9.54	25.50	20.74	32.84	37.59	1.39	39.22	11.18
7/19/2018 11:24:42 AM	2.19	2.55	2.23	3.66	0.00	0.00	0.00	0.45	10.63	86.83	4.02	42.61	1158	2547	1005	110	0	0	0	0	4821	151.36	21.77	9.49	25.57	19.88	32.31	37.06	1.39	39.27	11.22
7/19/2018 11:24:45 AM	2.19	3.11	2.33	3.61	0.00	0.00	0.00	0.47	11.25	86.84	4.06	41.74	1163	3112	1050	108	0	0	0	0	5433	151.37	22.37	10.10	28.16	20.61	34.55	37.67	1.40	39.30	11.22
7/19/2018 11:24:47 AM	2.34	2.65	1.91	4.05	0.00	0.00	0.00	0.43	10.95	86.63	4.09	41.14	1238	2651	861	122	0	0	0	0	4871	151.00	22.36	9.79	26.66	20.03	34.18	37.68	1.40	39.35	11.24
7/19/2018 11:24:49 AM	2.21	3.56	2.42	3.43	0.00	0.00	0.00	0.41	11.63	86.72	4.13	40.25	1174	3561	1091	103	0	0	0	0	5929	151.16	22.21	10.53	29.92	20.17	35.64	36.96	1.40	39.39	11.25
7/19/2018 11:24:52 AM	2.22	3.28	0.96	3.80	0.00	0.00	0.00	0.41	10.25	86.44	4.15	39.49	1175	3276	431	114	0	0	0	0	4996	150.67	19.67	9.75	27.89	18.10	34.58	32.07	1.41	39.44	11.24
7/19/2018 11:24:54 AM	1.48	4.81	1.62	2.64	0.00	0.00	0.00	0.30	10.54	86.15	4.17	39.62	783	4807	729	79	0	0	0	0	6398	150.16	18.15	9.42	31.95	16.18	36.59	27.14	1.41	39.46	11.28
7/19/2018 11:24:56 AM	1.00	5.87	2.40	1.75	0.00	0.00	0.00	0.31	11.02	85.77	4.21	39.99	532	5869	1081	52	0	0	0	0	7534	149.50	17.79	9.62	35.11	16.10	37.86	25.50	1.41	39.49	11.27
7/19/2018 11:24:59 AM	1.45	5.84	1.53	1.89	0.00	0.00	0.00	0.27	10.71	86.17	4.25	40.47	769	5835	689	57	0	0	0	0	7350	150.21	16.31	9.53	34.81	15.13	37.68	23.46	1.42	39.53	11.28
7/19/2018 11:25:01 AM	1.39	7.48	2.06	1.03	0.00	0.00	0.00	0.20	11.96	85.92	4.27	40.77	735	7482	926	31	0	0	0	0	9174	149.77	16.00	9.77	40.54	14.93	41.83	21.76	1.42	39.55	11.30
7/19/2018 11:25:04 AM	1.26	6.61	1.26	1.64	0.00	0.00	0.00	0.25	10.77	85.86	4.32	40.79	667	6612	565	49	0	0	0	0	7893	149.66	15.33	9.46	37.15	14.30	39.63	20.60	1.42	39.60	11.31
7/19/2018 11:25:06 AM	1.34	9.45	2.96	0.09	0.00	0.00	0.00	0.12	13.85	85.75	4.37	40.11	712	9451	1331	3	0	0	0	0	11497	149.46	16.56	10.91	48.15	15.41	47.13	21.45	1.43	39.62	11.30
7/19/2018 11:25:08 AM	1.25	8.65	1.53	1.52	0.00	0.00	0.00	0.24	12.94	85.50	4.40	39.62	660	8646	689	46	0	0	0	0	10040	149.03	17.23	11.55	46.38	15.98	47.84	21.85	1.43	39.64	11.35
7/19/2018 11:25:11 AM	1.32	12.35	1.82	1.01	0.00	0.00	0.00	0.14	16.50	85.32	4.45	39.70	699	12347	820	30	0	0	0	0	13897	148.72	19.15	13.92	61.97	17.41	61.97	21.53	1.44	39.68	11.34
7/19/2018 11:25:13 AM	1.68	20.96	2.71	0.00	0.00	0.00	0.00	0.00	25.34	84.19	4.49	39.83	888	20958	1218	0	0	0	0	0	23065	146.75	25.02	20.97	100.22	22.66	94.59	23.96	1.44	39.68	11.35
7/19/2018 11:25:15 AM	2.08	47.84	0.00	2.41	0.00	0.00	0.00	0.00	52.33	81.29	4.52	39.84	1102	47843	0	72	0	0	0	0	49016	141.70	47.62	42.67	220.95	41.58	219.47	33.63	1.44	39.73	11.34
7/19/2018 11:25:18 AM	1.83	60.59	2.17	0.00	0.00	0.00	0.00	0.00	64.59	80.62	4.56	39.85	972	60592	976	0	0	0	0	0	62539	140.53	56.37	53.50	279.58	49.40	260.33	36.38	1.45	39.73	11.38
7/19/2018 11:25:20 AM	1.84	85.18	3.09	0.00	0.00	0.00	0.00	0.00	90.10	77.50	4.59	39.89	975	85178	1389	0	0	0	0	0	87542	135.10	78.38	75.17	391.73	66.22	364.88	50.09	1.45	39.75	11.38
7/19/2018 11:25:23 AM	0.84	78.76	3.36	0.67	0.00	0.00	0.00	0.00	83.63	77.76	4.63	40.01	444	78760	1513	20	0	0	0	0	80736	135.56	75.09	70.35	359.97	62.60	343.90	48.48	1.45	39.79	11.38
7/19/2018 11:25:25 AM	0.92	72.28	0.73	2.88	0.00	0.00	0.00	0.00	76.82	78.74	4.68	40.08	490	72282	328	86	0	0	0	0	73187	137.25	70.73	65.06	332.61	58.56	323.42	44.12	1.46	39.79	11.39
7/19/2018 11:25:27 AM	0.34	74.14	1.74	2.08	0.00	0.00	0.00	0.00	78.30	78.64	4.72	39.54	182	74138	783	63	0	0	0	0	75166	137.09	71.70	66.78	340.04	58.94	328.19	44.05	1.46	39.81	11.40
7/19/2018 11:25:30 AM	0.90	73.35	0.53	2.51	0.00	0.00	0.00	0.00	77.28	78.74	4.77	38.68	475	73348	237	75	0	0	0	0	74135	137.26	69.86	65.87	336.53	58.08	325.90	41.94	1.47	39.83	11.39
7/19/2018 11:25:32 AM	0.56	69.71	1.22	2.13	0.00	0.00	0.00	0.00	73.63	78.76	4.81	37.92	297	69710	551	64	0	0	0	0	70622	137.29	67.24	62.05	319.58	55.68	309.72	40.95	1.47	39.84	11.41
7/19/2018 11:25:34 AM	0.04	70.78	2.89	0.71	0.00	0.00	0.00	0.00	74.42	79.41	4.86	36.81	23	70775	1300	21	0	0	0	0	72119	138.42	67.26	61.72	322.41	55.67	309.90	40.93	1.48	39.86	11.44
7/19/2018 11:25:37 AM	0.61	68.24	0.88	2.42	0.00	0.00	0.00	0.00	72.15	79.31	4.89	35.92	322	68239	396	73	0	0	0	0	69030	138.25	66.06	61.71	313.68	54.30	303.87	40.47	1.48	39.87	11.43
7/19/2018 11:25:39 AM	0.16	65.15	1.50	1.50	0.00	0.00	0.00	0.00	68.32	79.96	4.93	36.00	85	65153	674	45	0	0	0	0	65958	139.38	61.92	58.32	298.01	51.37	287.27	36.45	1.48	39.86	11.45
7/19/2018 11:25:42 AM	0.44	67.31	2.78	0.00	0.00	0.00	0.00	0.00	70.53	80.02	5.00	36.60	231	67315	1252	0	0	0	0	0	68797	139.50	62.17	58.81	305.86	52.66	291.99	37.24	1.49	39.86	11.45
7/19/2018 11:25:44 AM	0.60	65.59	1.92	0.93	0.00	0.00	0.00	0.00	69.05	79.33	5.04	36.84	318	65594	865	28	0	0	0	0	66805	138.29	61.71	58.09	299.52	51.62	287.73	37.56	1.49	39.86	11.45
7/19/2018 11:25:46 AM	0.86	61.40	0.00	2.59	0.00	0.00	0.00	0.00	64.85	79.86	5.10	36.28	456	61399	0	78	0	0	0	0	61933	139.21	59.03	55.22	282.25	49.24	275.34	35.49	1.50	39.86	11.47
7/19/2018 11:25:49 AM	0.51	59.88	1.22	1.26	0.00	0.00	0.00	0.00	62.86	76.08	5.16	36.01	268	59876	550	38	0	0	0	0	60731	132.63	56.35	53.15	273.82	46.76	264.01	33.60	1.51	39.85	11.47
7/19/2018 11:25:51 AM	0.75	58.61	0.37	2.10	0.00	0.00	0.00	0.00	61.83	79.45	5.21	36.43	398	58612	166	63	0	0	0	0	59239	138.49	56.16	52.52	269.16	46.85	261.51	33.59	1.51	39.86	11.48
7/19/2018 11:25:53 AM	0.92	59.85	2.17	0.00	0.00	0.00	0.00	0.00	62.94	80.12	5.28	36.02	486	59853	974	0	0	0	0	0	61313	139.66	54.98	52.46	274.08	46.65	258.11	33.56	1.52	39.86	11.48
7/19/2018 11:25:56 AM	0.45	58.65	2.69	0.00	0.00	0.00	0.00	0.00	61.79	80.17	5.33	34.72	239	58651	1211	0	0	0	0	0	60101	139.76	54.91	51.43	268.01	45.95	254.09	33.99	1.52	39.84	11.48
7/19/2018 11:25:58 AM	0.34	57.10	2.00	0.92	0.00	0.00	0.00	0.00	60.35	80.06	5.37	34.35	180	57095	898	28	0	0	0	0	58201	139.55	54.76	50.74	261.28	45.22	251.50	34.04	1.53	39.84	11.49
7/19/2018 11:26:01 AM	0.49	52.69	2.34	0.29	0.00	0.00	0.00	0.00	55.82	80.24	5.43	33.73	261	52691	1055	9	0	0	0	0	54016	139.87	50.10	46.41	240.61	41.84	230.72	31.70	1.53	39.82	11.51
7/19/2018 11:26:03 AM	1.00	53.66	2.19	0.00	0.00	0.00	0.00	0.00	56.86	80.42	5.48	31.33	532	53664	987	0	0	0	0	0	55182	140.18	50.00	46.61	245.37	42.34	233.20	31.80	1.54	39.81	11.49
7/19/2018 11:26:05 AM	1.41	49.61	0.22	1.80	0.00	0.00	0.00	0.00	53.05	81.00	5.55	29.40	749	49611	100	54	0	0	0	0	50514	141.20	47.96	44.44	228.52	40.84	222.56	30.51	1.54	39.79	11.49
7/19/2018 11:26:08 AM	1.36	48.41	1.66	0.46	0.00	0.00	0.00	0.00	51.88	81.06	5.61	30.49	720	48407	746	14	0	0	0	0	49886	141.30	46.13	43.26	221.76	40.35	213.00	30.17	1.55	39.74	11.51
7/19/2018 11:26:10 AM	1.89	44.87	0.00	1.93	0.00	0.00	0.00	0.00	48.69	81.69	5.69	31.67	1000	44869	0	58	0	0	0	0	45927	142.39	44.05	40.87	207.25	39.23	203.40	29.44	1.56	39.72	11.51
7/19/2018 11:26:12 AM	1.19	44.98	2.17	0.00	0.00	0.00	0.00	0.02	48.34	82.23	5.74	31.74	629	44984	977	0	0	0	0	0	46589	143.33	43.29	39.50	205.40	39.41	197.26	28.16	1.56	39.70	11.51
7/19/2018 11:26:15 AM	1.60	44.16	1.88	0.00	0.00	0.00	0.00	0.12	47.63	82.03	5.79	29.87	846	44161	844	0	0	0	0	0	45851	142.99	42.48	39.22	202.80	39.99	192.75	28.75	1.57	39.67	11.51
7/19/2018 11:26:17 AM	2.05	45.69	1.87	0.00	0.00	0.00	0.00	0.00	49.60	81.89	5.84	28.83	1086	45685	842	0	0	0	0	0	47613	142.75	43.64	40.23	209.48	40.42	200.06	29.73	1.57	39.64	11.51
7/19/2018 11:26:20 AM	2.08	44.10	1.39	0.00	0.00	0.00	0.00	0.12	47.58	82.24	5.91	30.32	1100	44105	628	0	0	0	0	0	45833	143.36	41.60	38.45	202.19	39.79	192.78	28.16	1.58	39.61	11.51
7/19/2018 11:26:22 AM	2.04	44.21	1.18	0.00	0.00	0.00	0.00	0.20	47.43	82.56	5.99	29.49	1083	44208	532	0	0	0	0	0	45823	143.92	41.42	38.71	203.36	40.30	192.01	27.78	1.59	39.58	11.53
7/19/2018 11:26:24 AM	1.75	43.21	1.52	0.00	0.00	0.00	0.00	0.20	46.48	82.37	6.05	28.23	928	43210	686	0	0	0	0	0	44824	143.58	41.26	38.82	200.15	39.69	186.53	27.96	1.59	39.55	11.50
7/19/2018 11:26:27 AM	2.41	44.19	0.97	0.00	0.00	0.00	0.00	0.20	47.57	82.62	6.12	27.59	1280	44186	436	0	0	0	0	0	45902	144.02	41.26	38.51	204.87	40.41	190.42	27.97	1.60	39.52	11.50
7/19/2018 11:26:29 AM	1.30	41.40	1.41	0.00	0.00	0.00	0.00	0.29	44.10	82.82	6.19	26.94	687	41397	633	0	0	0	0	0	42718	144.36	39.26	36.56	188.85	38.35	181.38	26.14	1.61	39.47	11.51
7/19/2018 11:26:31 AM	1.93	42.58	1.39	0.00	0.00	0.00	0.00	0.22	45.90	82.75	6.25	26.68	1024	42577	624	0	0	0	0	0	44225	144.25	40.39	37.92	194.96	39.42	186.43	27.94	1.61	39.43	11.52
7/19/2018 11:26:34 AM	2.49	44.07	0.91	0.00	0.00	0.00	0.00	0.24	47.47	82.84	6.32	27.17	1319	44073	408	0	0	0	0	0	45800	144.39	40.98	39.74	203.86	40.73	190.28	28.22	1.62	39.37	11.53
7/19/2018 11:26:36 AM	0.93	38.90	0.00	1.21	0.00	0.00	0.00	0.46	41.04	83.28	6.38	27.74	493	38900	0	36	0	0	0	0	39429	145.16	37.54	34.43	177.95	37.47	175.01	24.66	1.63	39.33	11.52
7/19/2018 11:26:39 AM	0.68	35.39	0.00	1.11	0.00	0.00	0.00	0.50	37.18	83.70	6.43	27.92	359	35389	0	33	0	0	0	0	35782	145.90	34.51	31.33	162.10	34.66	159.23	22.55	1.63	39.29	11.52
7/19/2018 11:26:41 AM	0.00	34.77	0.00	1.62	0.00	0.00	0.00	0.57	36.39	83.78	6.48	28.02	0	34770	0	49	0	0	0	0	34818	146.04	34.57	31.10	157.94	35.27	160.34	22.50	1.63	39.24	11.52
7/19/2018 11:26:43 AM	0.71	36.34	0.84	0.12	0.00	0.00	0.00	0.53	38.01	83.61	6.52	28.78	379	36339	376	4	0	0	0	0	37098	145.73	34.46	31.58	165.33	35.42	159.78	22.55	1.64	39.18	11.51
7/19/2018 11:26:46 AM	1.32	37.85	0.83	0.00	0.00	0.00	0.00	0.47	40.00	83.53	6.59	29.15	700	37851	374	0	0	0	0	0	38926	145.60	35.63	32.82	173.83	36.58	164.53	23.91	1.65	39.14	11.53
7/19/2018 11:26:48 AM	1.21	36.86	0.00	0.80	0.00	0.00	0.00	0.52	38.86	83.82	6.64	28.79	639	36856	0	24	0	0	0	0	37519	146.11	35.13	32.74	168.67	36.17	164.25	23.50	1.65	39.10	11.51
7/19/2018 11:26:50 AM	0.00	31.72	0.00	1.74	0.00	0.00	0.00	0.48	33.47	84.52	6.69	29.03	0	31722	0	52	0	0	0	0	31774	147.33	32.17	28.81	143.91	32.60	148.47	21.05	1.66	39.04	11.51
7/19/2018 11:26:53 AM	0.00	30.81	0.00	1.57	0.00	0.00	0.00	0.49	32.38	84.43	6.75	29.35	0	30814	0	47	0	0	0	0	30861	147.18	31.23	28.77	140.50	31.53	142.61	20.07	1.66	39.00	11.50
7/19/2018 11:26:55 AM	0.00	29.30	0.00	1.80	0.00	0.00	0.00	0.45	31.10	84.43	6.81	28.75	0	29295	0	54	0	0	0	0	29350	147.17	30.79	27.88	133.28	30.79	137.97	19.64	1.67	38.95	11.49
7/19/2018 11:26:58 AM	0.00	32.49	0.00	1.31	0.00	0.00	0.00	0.59	33.80	84.40	6.86	28.08	0	32492	0	39	0	0	0	0	32532	147.11	32.36	29.53	148.36	33.09	147.86	20.67	1.67	38.90	11.51
7/19/2018 11:27:00 AM	0.00	31.12	0.00	1.21	0.00	0.00	0.00	0.66	32.33	84.14	6.92	27.94	0	31120	0	36	0	0	0	0	31157	146.67	31.27	27.89	142.18	32.51	141.58	20.38	1.68	38.85	11.50
7/19/2018 11:27:02 AM	0.02	29.32	0.02	0.90	0.00	0.00	0.00	0.70	30.26	84.60	6.97	28.61	9	29321	10	27	0	0	0	0	29366	147.47	29.22	26.11	134.39	30.83	131.76	19.15	1.68	38.81	11.49
7/19/2018 11:27:05 AM	0.21	29.98	0.38	0.47	0.00	0.00	0.00	0.66	31.04	85.06	7.03	29.00	110	29984	170	14	0	0	0	0	30277	148.26	29.22	26.81	137.07	31.03	133.04	19.30	1.69	38.73	11.49
7/19/2018 11:27:07 AM	0.35	29.71	0.80	0.00	0.00	0.00	0.00	0.62	30.85	84.72	7.11	29.13	185	29705	360	0	0	0	0	0	30250	147.68	28.56	25.98	135.55	30.53	130.29	19.15	1.70	38.68	11.49
7/19/2018 11:27:09 AM	0.23	28.38	0.27	0.59	0.00	0.00	0.00	0.68	29.46	84.91	7.18	29.09	121	28378	122	18	0	0	0	0	28639	148.01	28.10	25.31	129.99	30.07	126.77	19.05	1.70	38.63	11.49
7/19/2018 11:27:12 AM	0.00	28.75	0.00	0.86	0.00	0.00	0.00	0.71	29.61	84.93	7.24	28.44	0	28751	0	26	0	0	0	0	28777	148.04	28.28	25.67	131.36	30.50	129.54	18.74	1.71	38.57	11.49
7/19/2018 11:27:14 AM	0.60	30.25	0.53	0.00	0.00	0.00	0.00	0.65	31.38	84.94	7.29	28.42	317	30254	238	0	0	0	0	0	30808	148.06	28.59	26.79	138.41	31.17	132.00	19.19	1.71	38.51	11.49
7/19/2018 11:27:17 AM	0.38	27.89	0.09	0.55	0.00	0.00	0.00	0.69	28.91	85.02	7.34	28.45	204	27887	39	16	0	0	0	0	28146	148.19	27.28	24.44	127.51	29.66	124.66	18.49	1.72	38.46	11.49
7/19/2018 11:27:19 AM	0.45	30.24	0.63	0.00	0.00	0.00	0.00	0.65	31.31	84.96	7.39	26.74	238	30240	281	0	0	0	0	0	30759	148.10	28.73	26.58	138.15	31.13	132.13	19.15	1.72	38.39	11.47
7/19/2018 11:27:21 AM	0.00	29.15	0.00	0.95	0.00	0.00	0.00	0.66	30.10	84.91	7.46	25.20	0	29146	0	28	0	0	0	0	29174	148.01	28.38	26.07	132.76	30.51	132.18	18.84	1.73	38.33	11.48
7/19/2018 11:27:24 AM	0.45	29.25	0.01	0.56	0.00	0.00	0.00	0.67	30.27	84.84	7.52	24.74	236	29253	6	17	0	0	0	0	29512	147.88	28.24	25.79	133.69	30.47	130.37	18.72	1.74	38.27	11.47
7/19/2018 11:27:26 AM	0.29	28.54	0.71	0.00	0.00	0.00	0.00	0.64	29.53	84.85	7.57	24.71	153	28538	317	0	0	0	0	0	29009	147.90	27.50	25.16	131.45	29.69	123.83	18.35	1.74	38.18	11.47
7/19/2018 11:27:28 AM	0.34	29.73	0.72	0.00	0.00	0.00	0.00	0.66	30.79	84.72	7.62	25.35	181	29729	323	0	0	0	0	0	30234	147.68	28.50	26.58	136.29	30.88	129.48	19.13	1.75	38.12	11.45
7/19/2018 11:27:31 AM	0.24	30.47	1.01	0.00	0.00	0.00	0.00	0.62	31.72	84.91	7.69	24.99	129	30471	453	0	0	0	0	0	31052	148.01	29.68	27.39	140.40	31.35	132.18	19.97	1.75	38.06	11.46
7/19/2018 11:27:33 AM	0.00	27.57	0.00	0.81	0.00	0.00	0.00	0.71	28.38	85.11	7.75	24.60	0	27566	0	24	0	0	0	0	27591	148.36	27.18	24.79	125.94	29.56	124.28	18.07	1.76	37.98	11.44
7/19/2018 11:27:36 AM	0.39	30.30	0.52	0.07	0.00	0.00	0.00	0.70	31.28	85.09	7.82	24.64	207	30299	235	2	0	0	0	0	30742	148.31	28.81	26.28	137.73	31.47	133.36	19.20	1.77	37.92	11.45
7/19/2018 11:27:38 AM	0.42	30.91	0.63	0.00	0.00	0.00	0.00	0.67	31.97	84.82	7.86	24.75	223	30911	285	0	0	0	0	0	31420	147.85	29.29	27.28	140.66	31.84	135.49	19.52	1.77	37.83	11.46
7/19/2018 11:27:40 AM	0.50	30.08	0.06	0.45	0.00	0.00	0.00	0.72	31.08	84.97	7.91	25.17	265	30078	25	13	0	0	0	0	30381	148.10	28.86	25.96	137.06	31.59	133.79	19.29	1.77	37.75	11.43
7/19/2018 11:27:43 AM	0.00	30.06	0.00	0.84	0.00	0.00	0.00	0.73	30.90	85.12	7.97	25.54	0	30063	0	25	0	0	0	0	30088	148.37	28.96	26.45	136.49	31.69	135.89	19.19	1.78	37.68	11.43
7/19/2018 11:27:45 AM	0.00	25.87	0.00	0.91	0.00	0.00	0.00	0.69	26.78	85.33	8.02	25.59	0	25870	0	27	0	0	0	0	25897	148.75	25.90	23.15	118.12	28.31	117.99	17.69	1.79	37.61	11.41
7/19/2018 11:27:47 AM	0.19	28.17	0.00	0.64	0.00	0.00	0.00	0.72	29.00	84.94	8.07	25.44	102	28170	0	19	0	0	0	0	28291	148.06	27.26	24.54	128.32	29.93	126.50	18.22	1.79	37.53	11.42
7/19/2018 11:27:50 AM	0.06	29.70	0.00	0.79	0.00	0.00	0.00	0.73	30.54	84.62	8.10	25.44	29	29699	0	24	0	0	0	0	29752	147.50	29.14	26.62	135.89	31.32	132.85	19.09	1.79	37.47	11.41
7/19/2018 11:27:52 AM	0.44	32.47	0.84	0.00	0.00	0.00	0.00	0.66	33.75	84.32	8.15	25.98	232	32473	376	0	0	0	0	0	33082	146.98	31.06	28.60	148.03	33.26	142.17	20.88	1.80	37.39	11.41
7/19/2018 11:27:55 AM	1.15	32.35	0.20	0.00	0.00	0.00	0.00	0.66	33.70	84.59	8.19	26.43	611	32350	89	0	0	0	0	0	33050	147.45	30.02	28.47	149.28	33.14	139.59	20.31	1.80	37.31	11.39
7/19/2018 11:27:57 AM	1.24	30.17	0.08	0.00	0.00	0.00	0.00	0.65	31.49	84.82	8.24	26.64	655	30167	38	0	0	0	0	0	30860	147.84	28.04	26.10	139.66	31.31	130.15	19.26	1.81	37.24	11.39
7/19/2018 11:27:59 AM	0.00	28.46	0.00	1.15	0.00	0.00	0.00	0.69	29.60	84.43	8.30	26.88	0	28456	0	34	0	0	0	0	28491	147.18	28.38	25.56	129.26	30.83	131.03	19.35	1.81	37.17	11.38
7/19/2018 11:28:02 AM	0.18	27.77	0.00	0.70	0.00	0.00	0.00	0.76	28.65	84.47	8.39	26.00	97	27770	0	21	0	0	0	0	27888	147.23	27.28	24.90	127.03	30.16	124.62	18.67	1.82	37.09	11.38
7/19/2018 11:28:04 AM	0.20	29.59	0.00	0.79	0.00	0.00	0.00	0.75	30.58	84.03	8.46	25.19	108	29593	0	24	0	0	0	0	29725	146.47	28.88	26.04	134.94	31.66	133.31	19.68	1.83	37.02	11.36
7/19/2018 11:28:07 AM	0.93	33.12	0.52	0.00	0.00	0.00	0.00	0.68	34.57	83.18	8.53	24.78	494	33120	235	0	0	0	0	0	33848	144.99	31.23	28.75	151.27	34.06	144.81	21.41	1.84	36.95	11.36
7/19/2018 11:28:09 AM	0.45	33.34	0.46	0.24	0.00	0.00	0.00	0.73	34.49	83.15	8.59	23.81	237	33342	206	7	0	0	0	0	33793	144.94	31.81	29.40	151.85	34.40	146.81	21.15	1.84	36.87	11.36
7/19/2018 11:28:11 AM	0.00	30.83	0.00	1.14	0.00	0.00	0.00	0.76	31.97	82.88	8.67	23.33	0	30829	0	34	0	0	0	0	30863	144.47	30.83	28.03	140.50	33.35	140.34	20.74	1.85	36.80	11.35
7/19/2018 11:28:14 AM	0.00	30.92	0.00	1.06	0.00	0.00	0.00	0.73	31.98	82.90	8.72	23.44	0	30917	0	32	0	0	0	0	30949	144.51	30.71	28.33	141.43	32.73	139.53	20.30	1.85	36.71	11.35
7/19/2018 11:28:16 AM	0.00	30.23	0.00	1.23	0.00	0.00	0.00	0.74	31.46	83.31	8.77	23.66	0	30229	0	37	0	0	0	0	30266	145.22	30.33	27.29	137.22	32.93	139.03	20.52	1.86	36.64	11.34
7/19/2018 11:28:18 AM	0.06	30.34	0.00	0.95	0.00	0.00	0.00	0.76	31.35	82.80	8.80	23.52	33	30339	0	28	0	0	0	0	30400	144.33	30.01	27.42	138.86	32.42	136.56	20.28	1.86	36.56	11.32
7/19/2018 11:28:21 AM	0.77	32.17	0.55	0.00	0.00	0.00	0.00	0.70	33.49	82.91	8.82	23.55	410	32169	246	0	0	0	0	0	32826	144.51	30.51	27.48	146.95	33.36	140.72	20.85	1.86	36.48	11.31
7/19/2018 11:28:23 AM	0.00	32.44	0.00	0.94	0.00	0.00	0.00	0.83	33.39	82.65	8.87	24.13	0	32444	0	28	0	0	0	0	32473	144.07	31.49	29.34	147.68	34.70	146.08	21.21	1.87	36.40	11.32
7/19/2018 11:28:26 AM	1.01	34.90	0.30	0.00	0.00	0.00	0.00	0.74	36.21	82.05	8.92	24.62	535	34900	134	0	0	0	0	0	35570	143.03	32.46	30.39	160.08	35.86	151.17	21.81	1.87	36.31	11.32
7/19/2018 11:28:28 AM	0.00	32.09	0.00	1.32	0.00	0.00	0.00	0.75	33.41	82.00	8.98	24.89	0	32085	0	40	0	0	0	0	32125	142.93	31.98	28.48	145.23	34.72	147.96	21.70	1.88	36.23	11.30
7/19/2018 11:28:30 AM	0.74	33.96	0.00	0.61	0.00	0.00	0.00	0.75	35.30	81.60	9.05	25.02	390	33960	0	18	0	0	0	0	34368	142.24	32.29	29.76	154.66	35.33	151.37	22.02	1.89	36.18	11.29
7/19/2018 11:28:33 AM	0.04	33.35	0.00	1.10	0.00	0.00	0.00	0.79	34.49	81.47	9.10	25.05	22	33350	0	33	0	0	0	0	33405	142.01	32.54	29.43	151.73	35.32	151.15	22.17	1.89	36.07	11.28
7/19/2018 11:28:35 AM	0.57	34.14	0.65	0.00	0.00	0.00	0.00	0.75	35.36	81.37	9.16	24.89	300	34144	290	0	0	0	0	0	34735	141.85	32.32	29.90	155.72	35.28	148.98	21.71	1.90	35.98	11.26
7/19/2018 11:28:37 AM	0.00	30.16	0.00	1.39	0.00	0.00	0.00	0.71	31.56	81.25	9.22	24.65	0	30165	0	42	0	0	0	0	30206	141.63	30.77	27.55	136.75	33.18	139.92	20.71	1.90	35.92	11.27
7/19/2018 11:28:40 AM	0.00	32.76	0.00	0.98	0.00	0.00	0.00	0.81	33.73	80.60	9.26	24.82	0	32757	0	29	0	0	0	0	32786	140.51	31.91	29.02	148.81	34.88	147.98	21.26	1.91	35.85	11.24
7/19/2018 11:28:42 AM	0.75	34.77	0.35	0.09	0.00	0.00	0.00	0.76	35.96	80.44	9.31	24.87	397	34771	160	3	0	0	0	0	35330	140.22	32.52	30.34	158.01	35.82	152.47	21.75	1.91	35.76	11.25
7/19/2018 11:28:45 AM	1.65	38.91	0.59	0.00	0.00	0.00	0.00	0.49	41.15	79.64	9.36	24.60	875	38907	267	0	0	0	0	0	40048	138.83	36.08	36.05	180.11	37.68	167.04	24.42	1.92	35.70	11.24
7/19/2018 11:28:47 AM	0.06	34.16	0.00	0.95	0.00	0.00	0.00	0.85	35.16	80.46	9.39	24.58	30	34157	0	28	0	0	0	0	34216	140.26	32.93	30.12	155.17	36.25	153.84	22.27	1.92	35.61	11.24
7/19/2018 11:28:49 AM	0.96	35.60	0.38	0.00	0.00	0.00	0.00	0.75	36.95	80.18	9.45	24.81	511	35601	172	0	0	0	0	0	36284	139.77	33.08	31.01	161.86	36.46	155.68	22.30	1.93	35.54	11.23
7/19/2018 11:28:52 AM	0.40	34.08	0.65	0.00	0.00	0.00	0.00	0.77	35.13	79.90	9.48	24.88	213	34084	291	0	0	0	0	0	34589	139.27	32.24	29.80	155.46	35.20	148.45	21.32	1.93	35.46	11.21
7/19/2018 11:28:54 AM	0.72	34.06	0.00	0.44	0.00	0.00	0.00	0.81	35.22	79.86	9.53	24.99	380	34058	0	13	0	0	0	0	34451	139.21	32.27	29.50	154.98	35.66	150.88	21.73	1.93	35.39	11.20
7/19/2018 11:28:56 AM	0.65	34.31	0.00	0.54	0.00	0.00	0.00	0.81	35.51	79.96	9.57	25.23	345	34314	0	16	0	0	0	0	34676	139.38	32.76	30.45	156.58	35.99	151.93	22.08	1.94	35.30	11.20
7/19/2018 11:28:59 AM	0.03	32.83	0.00	1.02	0.00	0.00	0.00	0.84	33.88	79.82	9.61	25.38	15	32834	0	31	0	0	0	0	32880	139.14	32.14	29.67	149.80	35.27	147.93	21.99	1.94	35.23	11.19
7/19/2018 11:29:01 AM	0.70	33.47	0.47	0.00	0.00	0.00	0.00	0.80	34.65	79.79	9.66	25.42	373	33472	212	0	0	0	0	0	34056	139.09	31.57	29.25	152.69	35.18	146.06	21.56	1.95	35.14	11.18
7/19/2018 11:29:04 AM	0.70	33.32	0.36	0.00	0.00	0.00	0.00	0.78	34.39	79.68	9.70	25.41	374	33321	164	0	0	0	0	0	33859	138.90	31.12	29.12	151.80	34.67	145.39	20.88	1.95	35.07	11.17
7/19/2018 11:29:06 AM	0.68	34.34	0.43	0.00	0.00	0.00	0.00	0.79	35.46	79.66	9.76	24.50	362	34341	194	0	0	0	0	0	34897	138.85	32.15	29.63	155.99	35.69	150.31	21.59	1.96	35.00	11.16
7/19/2018 11:29:08 AM	0.32	33.52	0.68	0.00	0.00	0.00	0.00	0.78	34.52	79.85	9.77	23.53	167	33525	306	0	0	0	0	0	33997	139.19	31.79	29.62	152.71	34.85	146.22	21.11	1.96	34.93	11.13
7/19/2018 11:29:11 AM	0.00	31.53	0.00	1.21	0.00	0.00	0.00	0.77	32.74	79.71	9.81	23.68	0	31533	0	36	0	0	0	0	31570	138.95	31.74	28.19	143.47	34.17	144.07	21.27	1.96	34.84	11.15
7/19/2018 11:29:13 AM	0.75	34.60	0.41	0.00	0.00	0.00	0.00	0.79	35.75	79.77	9.85	23.91	398	34595	184	0	0	0	0	0	35177	139.04	32.38	29.96	157.76	35.93	150.77	21.77	1.96	34.78	11.13
7/19/2018 11:29:15 AM	1.23	36.11	0.00	0.00	0.00	0.00	0.00	0.83	37.35	80.07	9.89	24.01	653	36114	0	0	0	0	0	0	36767	139.57	32.81	31.32	165.56	37.51	156.17	22.31	1.97	34.69	11.11
7/19/2018 11:29:18 AM	0.75	33.89	0.00	0.35	0.00	0.00	0.00	0.86	34.98	80.07	9.94	24.11	396	33891	0	10	0	0	0	0	34297	139.57	31.90	29.69	154.16	36.02	149.68	21.81	1.97	34.62	11.10
7/19/2018 11:29:20 AM	0.29	34.14	0.00	0.70	0.00	0.00	0.00	0.90	35.14	79.57	9.98	24.35	153	34143	0	21	0	0	0	0	34318	138.70	32.68	29.95	155.11	36.67	152.60	22.36	1.98	34.55	11.09
7/19/2018 11:29:23 AM	0.13	34.08	0.90	0.00	0.00	0.00	0.00	0.81	35.11	79.30	10.03	24.59	71	34085	403	0	0	0	0	0	34559	138.23	32.75	29.74	154.91	35.68	149.18	21.91	1.98	34.47	11.10
7/19/2018 11:29:25 AM	0.00	33.45	0.98	0.00	0.00	0.00	0.00	0.79	34.43	79.45	10.09	24.79	0	33450	443	0	0	0	0	0	33893	138.50	32.33	28.94	152.03	34.91	146.50	21.46	1.99	34.39	11.08
7/19/2018 11:29:27 AM	0.28	33.25	0.00	0.76	0.00	0.00	0.00	0.82	34.28	79.35	10.13	24.89	146	33246	0	23	0	0	0	0	33415	138.32	32.28	29.41	151.73	35.12	148.30	21.55	1.99	34.33	11.08
7/19/2018 11:29:30 AM	0.58	32.63	0.49	0.00	0.00	0.00	0.00	0.80	33.70	79.57	10.17	24.97	310	32626	222	0	0	0	0	0	33158	138.70	30.94	28.92	150.03	34.49	141.07	21.03	2.00	34.24	11.05
7/19/2018 11:29:32 AM	0.00	32.00	0.00	1.38	0.00	0.00	0.00	0.80	33.38	79.46	10.21	25.12	0	32003	0	41	0	0	0	0	32045	138.51	32.15	28.67	143.95	35.65	148.93	21.78	2.00	34.18	11.04
7/19/2018 11:29:34 AM	0.14	33.15	0.14	0.56	0.00	0.00	0.00	0.95	33.99	79.93	10.25	25.29	72	33153	63	17	0	0	0	0	33304	139.32	32.31	29.17	151.10	36.09	147.03	21.87	2.00	34.09	11.05
7/19/2018 11:29:37 AM	0.29	33.10	0.56	0.00	0.00	0.00	0.00	0.89	33.94	79.82	10.30	25.31	152	33095	250	0	0	0	0	0	33498	139.15	31.48	28.68	150.81	35.37	144.28	21.19	2.01	34.04	11.02
7/19/2018 11:29:39 AM	0.29	33.14	0.19	0.38	0.00	0.00	0.00	0.87	34.00	79.37	10.34	25.12	151	33139	86	12	0	0	0	0	33388	138.36	31.73	29.35	150.94	35.28	146.16	21.17	2.01	33.96	11.03
7/19/2018 11:29:42 AM	0.00	32.02	0.00	0.94	0.00	0.00	0.00	0.87	32.96	79.47	10.38	24.99	0	32021	0	28	0	0	0	0	32049	138.52	31.95	29.20	146.54	34.80	143.36	21.27	2.02	33.89	11.01
7/19/2018 11:29:44 AM	0.56	34.07	0.37	0.00	0.00	0.00	0.00	0.85	35.01	79.42	10.41	24.90	298	34072	168	0	0	0	0	0	34538	138.44	31.93	29.65	155.59	35.84	148.01	21.31	2.02	33.81	10.98
7/19/2018 11:29:46 AM	0.49	33.89	0.37	0.00	0.00	0.00	0.00	0.88	34.75	79.74	10.47	24.71	259	33891	165	0	0	0	0	0	34315	139.00	31.71	30.06	154.60	35.82	147.20	21.17	2.03	33.75	10.98
7/19/2018 11:29:49 AM	0.73	32.64	0.28	0.00	0.00	0.00	0.00	0.81	33.65	79.67	10.51	24.55	388	32638	126	0	0	0	0	0	33153	138.88	30.57	28.64	150.02	34.41	141.03	20.61	2.03	33.66	10.97
7/19/2018 11:29:51 AM	0.63	31.95	0.03	0.34	0.00	0.00	0.00	0.87	32.95	79.48	10.55	24.64	335	31945	14	10	0	0	0	0	32304	138.56	30.47	27.84	145.47	34.54	141.29	21.01	2.03	33.59	10.97
7/19/2018 11:29:53 AM	0.40	30.33	0.41	0.14	0.00	0.00	0.00	0.84	31.28	79.84	10.59	24.69	214	30327	184	4	0	0	0	0	30729	139.18	29.19	26.06	137.84	32.97	133.92	20.25	2.04	33.52	10.95
7/19/2018 11:29:56 AM	0.43	31.52	0.00	0.42	0.00	0.00	0.00	0.90	32.38	79.35	10.64	24.65	229	31523	0	13	0	0	0	0	31765	138.32	30.19	27.51	143.49	34.32	139.72	20.67	2.04	33.46	10.96
7/19/2018 11:29:58 AM	0.53	36.73	0.20	0.33	0.00	0.00	0.00	0.92	37.79	78.77	10.69	24.52	282	36729	91	10	0	0	0	0	37112	137.32	34.83	31.96	166.92	38.75	161.70	23.36	2.05	33.40	10.93
7/19/2018 11:30:01 AM	0.85	37.37	0.40	0.00	0.00	0.00	0.00	0.90	38.62	78.21	10.75	24.08	451	37370	181	0	0	0	0	0	38002	136.34	35.05	32.47	170.98	39.32	161.95	23.88	2.05	33.34	10.92
7/19/2018 11:30:03 AM	0.91	38.91	0.39	0.00	0.00	0.00	0.00	0.88	40.21	78.41	10.79	23.62	485	38909	176	0	0	0	0	0	39570	136.68	36.27	33.29	177.56	40.23	168.95	24.31	2.06	33.26	10.92
7/19/2018 11:30:05 AM	0.71	38.61	0.47	0.00	0.00	0.00	0.00	0.88	39.79	77.95	10.83	23.52	376	38612	210	0	0	0	0	0	39198	135.88	36.03	33.75	176.32	39.87	167.28	23.90	2.06	33.19	10.90
7/19/2018 11:30:08 AM	0.24	38.14	0.00	0.71	0.00	0.00	0.00	0.97	39.10	78.19	10.89	23.65	129	38144	0	21	0	0	0	0	38294	136.29	36.53	33.43	173.49	40.23	169.05	24.08	2.07	33.12	10.90
7/19/2018 11:30:10 AM	0.48	40.09	0.64	0.00	0.00	0.00	0.00	0.90	41.21	77.59	10.94	23.62	255	40095	288	0	0	0	0	0	40637	135.26	37.57	34.04	181.62	41.14	175.16	24.61	2.07	33.04	10.88
7/19/2018 11:30:12 AM	0.00	39.31	0.00	1.27	0.00	0.00	0.00	0.93	40.58	77.07	10.99	23.37	0	39312	0	38	0	0	0	0	39350	134.35	38.91	35.22	178.60	41.79	177.22	25.30	2.08	32.95	10.86
7/19/2018 11:30:15 AM	0.93	45.69	0.47	0.00	0.00	0.00	0.00	0.87	47.09	77.17	11.03	23.01	490	45694	211	0	0	0	0	0	46395	134.52	42.00	39.27	207.80	45.48	198.02	26.95	2.08	32.89	10.84
7/19/2018 11:30:17 AM	0.47	44.80	0.81	0.00	0.00	0.00	0.00	0.88	46.08	76.85	11.10	22.78	251	44799	364	0	0	0	0	0	45415	133.97	41.82	38.40	203.39	44.83	194.65	26.79	2.09	32.82	10.84
