Date/Time	Green Algae	Bluegreen	Diatoms	Cryptophyta	#5	#6	#7	Yellow substances	Total conc.	Transmission	Depth	Temp. Sample	Green Algae	Bluegreen	Diatoms	Cryptophyta	#5	#6	#7	Yellow substances	Total cell count	Trans. 700 nm	LED 3 [525 nm]	LED 4 [570 nm]	LED 5 [610 nm]	LED 6 [370 nm]	LED 7 [590 nm]	LED 8 [470 nm]	Pressure	Temp. LEDs	Temp. Sensor
date	µg/l	µg/l	µg/l	µg/l	µg/l	µg/l	µg/l	r.u.	µg/l	%	m	°C	cells/ml	cells/ml	cells/ml	cells/ml	cells/ml	cells/ml	cells/ml	r.u.	cells/ml	digits	digits	digits	digits	digits	digits	digits	bar	°C	°C
9/12/2018 2:34:59 PM	1.69	2.69	0.20	0.00	0.00	0.00	0.00	0.00	4.58	69.23	0.32	51.97	895	2693	91	0	0	0	0	0	3679	120.69	3.82	5.34	16.86	3.44	13.47	7.33	1.03	45.11	14.20
9/12/2018 2:35:02 PM	0.30	2.93	2.10	0.00	0.00	0.00	0.00	0.00	5.34	86.47	0.41	51.77	162	2926	947	0	0	0	0	0	4035	150.72	7.99	3.34	17.09	5.59	17.37	11.05	1.04	45.17	14.20
9/12/2018 2:35:04 PM	2.29	2.66	0.00	0.67	0.00	0.00	0.00	0.00	5.62	87.53	0.56	51.66	1213	2658	0	20	0	0	0	0	3891	152.57	5.68	3.49	16.89	3.89	18.71	11.82	1.06	45.24	14.19
9/12/2018 2:35:06 PM	1.85	2.43	1.61	0.00	0.00	0.00	0.00	0.07	5.89	85.80	0.72	51.49	981	2426	724	0	0	0	0	0	4131	149.56	7.62	2.52	15.60	7.89	16.13	14.02	1.07	45.27	14.26
9/12/2018 2:35:09 PM	2.96	2.51	1.00	0.13	0.00	0.00	0.00	0.02	6.61	86.54	0.84	51.33	1571	2510	450	4	0	0	0	0	4535	150.84	7.03	3.85	16.35	8.18	17.30	15.09	1.08	45.32	14.25
9/12/2018 2:35:11 PM	4.12	2.66	0.92	0.00	0.00	0.00	0.00	0.00	7.69	85.51	0.89	51.29	2181	2659	412	0	0	0	0	0	5252	149.05	7.26	1.90	18.19	8.24	18.16	18.17	1.09	45.41	14.23
9/12/2018 2:35:14 PM	3.16	2.39	0.24	0.50	0.00	0.00	0.00	0.37	6.30	87.58	0.93	51.35	1676	2391	110	15	0	0	0	0	4192	152.66	7.36	3.13	15.86	11.27	18.37	16.77	1.09	45.47	14.23
9/12/2018 2:35:16 PM	2.66	2.32	0.91	0.80	0.00	0.00	0.00	0.08	6.70	85.31	1.00	51.37	1412	2324	412	24	0	0	0	0	4171	148.71	8.72	5.10	16.97	9.30	18.52	17.14	1.10	45.53	14.24
9/12/2018 2:35:18 PM	2.98	2.05	0.00	1.20	0.00	0.00	0.00	0.20	6.23	85.55	1.13	51.36	1578	2045	0	36	0	0	0	0	3659	149.11	7.97	4.43	15.64	9.86	18.88	16.73	1.11	45.54	14.27
9/12/2018 2:35:21 PM	2.92	2.49	0.57	0.72	0.00	0.00	0.00	0.25	6.71	86.24	1.27	51.24	1550	2495	254	22	0	0	0	0	4321	150.32	8.49	3.29	16.80	10.73	19.95	17.48	1.12	45.58	14.28
9/12/2018 2:35:23 PM	2.52	2.82	1.33	0.55	0.00	0.00	0.00	0.08	7.22	86.11	1.40	50.97	1338	2816	599	16	0	0	0	0	4769	150.10	9.24	5.45	18.94	9.73	19.88	17.57	1.14	45.65	14.24
9/12/2018 2:35:26 PM	0.07	2.66	2.88	0.25	0.00	0.00	0.00	0.23	5.87	85.76	1.41	50.94	36	2664	1296	8	0	0	0	0	4003	149.48	10.93	3.76	16.55	9.77	18.65	16.37	1.14	45.69	14.33
9/12/2018 2:35:28 PM	3.97	2.55	1.34	0.00	0.00	0.00	0.00	0.05	7.86	85.70	1.43	50.96	2105	2550	604	0	0	0	0	0	5258	149.39	8.34	2.63	18.08	10.31	17.73	19.50	1.14	45.74	14.35
9/12/2018 2:35:30 PM	3.45	2.69	1.21	0.00	0.00	0.00	0.00	0.08	7.35	85.19	1.29	51.01	1826	2692	545	0	0	0	0	0	5063	148.50	7.86	3.12	18.05	9.79	17.79	17.55	1.13	45.78	14.34
9/12/2018 2:35:33 PM	2.02	2.78	2.18	0.46	0.00	0.00	0.00	0.00	7.43	85.40	1.65	51.05	1069	2777	981	14	0	0	0	0	4840	148.86	10.33	4.75	18.93	8.09	20.20	19.19	1.16	45.84	14.28
9/12/2018 2:35:35 PM	3.78	2.38	0.79	0.83	0.00	0.00	0.00	0.05	7.77	85.97	1.71	51.02	2001	2383	353	25	0	0	0	0	4762	149.85	9.14	5.13	18.03	10.43	19.76	20.02	1.17	45.88	14.37
9/12/2018 2:35:37 PM	2.46	2.14	0.93	1.36	0.00	0.00	0.00	0.04	6.89	86.58	1.78	50.96	1306	2145	417	41	0	0	0	0	3908	150.91	10.19	4.71	16.91	9.41	20.37	18.59	1.17	45.94	14.26
9/12/2018 2:35:40 PM	2.38	2.85	2.14	0.29	0.00	0.00	0.00	0.11	7.66	86.41	1.79	50.93	1259	2854	965	9	0	0	0	0	5087	150.61	10.44	4.80	18.96	10.79	20.20	19.80	1.18	45.94	14.31
9/12/2018 2:35:42 PM	2.20	2.67	2.27	0.00	0.00	0.00	0.00	0.20	7.13	85.21	1.87	50.96	1164	2671	1020	0	0	0	0	0	4854	148.52	9.93	2.98	17.46	11.02	18.55	19.15	1.18	46.06	14.31
9/12/2018 2:35:45 PM	1.49	2.81	2.62	0.05	0.00	0.00	0.00	0.18	6.97	85.51	1.90	50.92	789	2810	1181	2	0	0	0	0	4781	149.05	10.39	5.48	18.35	10.58	18.31	18.52	1.19	46.01	14.31
9/12/2018 2:35:47 PM	2.71	2.68	2.01	0.00	0.00	0.00	0.00	0.11	7.39	86.52	1.94	50.94	1434	2676	904	0	0	0	0	0	5014	150.81	9.34	2.91	17.13	10.36	19.16	18.92	1.19	46.10	14.28
9/12/2018 2:35:49 PM	2.61	2.65	1.26	0.82	0.00	0.00	0.00	0.07	7.34	86.46	2.01	50.92	1383	2652	565	25	0	0	0	0	4625	150.72	9.83	5.59	18.81	10.00	20.31	18.61	1.20	46.13	14.36
9/12/2018 2:35:52 PM	2.22	2.93	1.05	0.54	0.00	0.00	0.00	0.30	6.74	85.65	2.05	50.92	1176	2930	472	16	0	0	0	0	4594	149.30	9.03	5.23	18.91	11.09	20.04	17.08	1.20	46.13	14.33
9/12/2018 2:35:54 PM	3.34	1.84	0.00	1.70	0.00	0.00	0.00	0.11	6.87	86.42	2.07	50.88	1768	1840	0	51	0	0	0	0	3658	150.63	9.21	5.64	16.30	10.18	19.93	19.27	1.20	46.21	14.30
9/12/2018 2:35:56 PM	2.51	2.58	1.67	0.48	0.00	0.00	0.00	0.06	7.26	86.54	2.08	50.92	1332	2585	754	15	0	0	0	0	4684	150.84	9.59	5.57	18.19	9.76	18.84	18.49	1.20	46.26	14.35
9/12/2018 2:35:59 PM	3.57	2.48	1.40	0.27	0.00	0.00	0.00	0.00	7.72	86.20	2.17	50.98	1890	2477	632	8	0	0	0	0	5007	150.25	8.50	3.99	17.75	7.81	18.71	20.08	1.21	46.32	14.36
9/12/2018 2:36:01 PM	1.77	2.96	1.90	0.44	0.00	0.00	0.00	0.13	7.07	86.18	2.24	50.92	939	2957	855	13	0	0	0	0	4764	150.22	10.13	4.59	18.90	10.00	20.66	17.61	1.22	46.33	14.36
9/12/2018 2:36:04 PM	1.76	3.09	2.44	0.00	0.00	0.00	0.00	0.14	7.29	85.79	2.28	50.89	933	3089	1098	0	0	0	0	0	5120	149.55	10.26	3.91	19.52	10.42	19.57	18.18	1.22	46.39	14.34
9/12/2018 2:36:06 PM	2.05	2.93	2.46	0.00	0.00	0.00	0.00	0.18	7.44	86.08	2.30	50.84	1084	2928	1108	0	0	0	0	0	5120	150.04	10.43	4.21	19.34	11.11	18.83	19.41	1.22	46.46	14.36
9/12/2018 2:36:08 PM	2.70	2.79	2.44	0.00	0.00	0.00	0.00	0.00	7.94	85.61	2.32	50.82	1431	2792	1100	0	0	0	0	0	5323	149.23	10.07	4.40	18.88	9.61	19.03	20.16	1.23	46.50	14.35
9/12/2018 2:36:11 PM	2.41	2.73	1.29	0.64	0.00	0.00	0.00	0.20	7.08	85.46	2.33	50.87	1279	2733	582	19	0	0	0	0	4613	148.97	9.65	5.08	18.54	10.82	20.10	18.39	1.23	46.48	14.35
9/12/2018 2:36:13 PM	2.92	3.41	1.64	0.00	0.00	0.00	0.00	0.13	7.98	86.27	2.36	50.95	1550	3409	740	0	0	0	0	0	5698	150.38	9.23	4.55	21.24	10.84	20.83	18.42	1.23	46.52	14.45
9/12/2018 2:36:15 PM	2.17	2.33	1.26	1.13	0.00	0.00	0.00	0.18	6.90	85.80	2.41	50.91	1152	2332	569	34	0	0	0	0	4087	149.56	10.61	5.07	17.53	10.82	20.25	19.37	1.24	46.54	14.37
9/12/2018 2:36:18 PM	3.20	2.48	1.10	0.83	0.00	0.00	0.00	0.09	7.62	85.61	2.47	50.84	1695	2484	496	25	0	0	0	0	4700	149.23	9.79	4.77	18.14	10.66	20.39	19.96	1.24	46.55	14.41
9/12/2018 2:36:20 PM	1.73	2.97	2.97	0.00	0.00	0.00	0.00	0.04	7.67	85.88	2.50	50.85	918	2974	1335	0	0	0	0	0	5227	149.70	11.05	4.70	19.22	10.14	19.70	19.55	1.24	46.62	14.40
9/12/2018 2:36:23 PM	3.21	3.04	0.73	1.26	0.00	0.00	0.00	0.07	8.25	86.14	2.53	50.86	1702	3040	330	38	0	0	0	0	5111	150.15	10.67	5.62	21.24	10.97	24.10	20.28	1.25	46.65	14.37
9/12/2018 2:36:25 PM	2.23	3.95	2.84	0.00	0.00	0.00	0.00	0.00	9.03	85.82	2.60	50.86	1184	3952	1280	0	0	0	0	0	6416	149.59	11.74	5.57	23.73	10.93	24.29	20.65	1.25	46.67	14.43
9/12/2018 2:36:27 PM	3.08	3.14	1.46	0.61	0.00	0.00	0.00	0.10	8.28	85.62	2.62	50.84	1632	3137	657	18	0	0	0	0	5444	149.25	10.43	4.97	20.73	11.22	22.68	20.41	1.26	46.68	14.42
9/12/2018 2:36:30 PM	2.50	2.86	2.42	0.14	0.00	0.00	0.00	0.07	7.92	85.77	2.68	50.83	1325	2860	1090	4	0	0	0	0	5279	149.51	10.65	3.85	18.64	10.77	20.49	20.44	1.26	46.72	14.44
9/12/2018 2:36:32 PM	2.48	2.90	2.07	0.39	0.00	0.00	0.00	0.10	7.85	85.86	2.69	50.79	1316	2898	934	12	0	0	0	0	5159	149.66	10.70	4.38	19.17	10.90	21.12	20.20	1.26	46.78	14.41
9/12/2018 2:36:34 PM	2.74	2.98	2.16	0.00	0.00	0.00	0.00	0.17	7.88	86.05	2.71	50.76	1451	2975	974	0	0	0	0	0	5399	149.99	10.06	4.85	19.68	11.50	19.33	20.24	1.27	46.80	14.43
9/12/2018 2:36:37 PM	3.16	2.62	1.53	0.77	0.00	0.00	0.00	0.00	8.08	85.77	2.73	50.76	1676	2623	689	23	0	0	0	0	5010	149.50	10.43	5.11	19.08	10.17	21.01	20.83	1.27	46.83	14.48
9/12/2018 2:36:39 PM	2.10	2.53	1.27	1.11	0.00	0.00	0.00	0.14	7.02	85.83	2.77	50.78	1114	2531	571	33	0	0	0	0	4249	149.61	10.64	4.28	17.94	10.37	21.49	18.80	1.27	46.87	14.43
9/12/2018 2:36:42 PM	3.20	2.50	0.90	1.05	0.00	0.00	0.00	0.06	7.64	85.71	2.79	50.77	1694	2496	404	32	0	0	0	0	4625	149.40	9.86	5.59	18.72	10.31	20.70	19.71	1.27	46.85	14.48
9/12/2018 2:36:44 PM	2.88	2.76	1.72	0.36	0.00	0.00	0.00	0.11	7.71	85.82	2.81	50.79	1524	2761	772	11	0	0	0	0	5068	149.60	9.93	3.62	18.26	10.82	20.67	19.80	1.28	46.91	14.46
9/12/2018 2:36:46 PM	2.43	2.64	1.98	0.56	0.00	0.00	0.00	0.09	7.61	85.47	2.84	50.78	1287	2645	890	17	0	0	0	0	4838	148.98	10.68	5.07	18.57	10.67	20.14	20.17	1.28	46.96	14.44
9/12/2018 2:36:49 PM	2.94	2.81	2.00	0.23	0.00	0.00	0.00	0.07	7.98	86.00	2.88	50.79	1560	2814	900	7	0	0	0	0	5281	149.90	10.08	4.74	18.96	10.75	20.04	20.33	1.28	46.99	14.44
9/12/2018 2:36:51 PM	2.44	3.23	2.11	0.00	0.00	0.00	0.00	0.13	7.79	85.68	2.91	50.83	1295	3232	950	0	0	0	0	0	5477	149.35	9.92	3.77	19.69	10.78	21.18	18.87	1.28	47.01	14.46
9/12/2018 2:36:53 PM	2.99	3.05	2.09	0.04	0.00	0.00	0.00	0.00	8.16	86.02	2.99	50.82	1585	3047	939	1	0	0	0	0	5572	149.94	9.78	4.12	19.43	10.14	20.71	19.59	1.29	47.02	14.49
9/12/2018 2:36:56 PM	1.95	3.06	2.45	0.26	0.00	0.00	0.00	0.12	7.72	85.71	3.07	50.73	1033	3057	1104	8	0	0	0	0	5202	149.40	11.07	4.66	19.62	10.95	21.13	19.85	1.30	47.03	14.51
9/12/2018 2:36:58 PM	1.96	2.98	2.10	0.46	0.00	0.00	0.00	0.18	7.49	85.69	3.12	50.62	1036	2979	944	14	0	0	0	0	4973	149.37	10.89	5.09	19.54	11.21	21.02	19.58	1.31	47.10	14.45
9/12/2018 2:37:01 PM	2.72	3.24	2.00	0.09	0.00	0.00	0.00	0.12	8.05	85.73	3.15	50.60	1442	3242	899	3	0	0	0	0	5585	149.43	10.06	3.95	20.02	11.00	21.72	19.55	1.31	47.10	14.51
9/12/2018 2:37:03 PM	3.42	3.31	2.11	0.00	0.00	0.00	0.00	0.00	8.85	85.57	3.18	50.60	1815	3308	951	0	0	0	0	0	6074	149.15	10.19	4.60	21.23	10.84	21.68	21.03	1.31	47.14	14.49
9/12/2018 2:37:05 PM	2.02	2.99	2.46	0.32	0.00	0.00	0.00	0.14	7.79	85.63	3.23	50.63	1071	2989	1107	10	0	0	0	0	5176	149.26	11.28	4.76	19.54	11.26	21.10	20.44	1.32	47.16	14.51
9/12/2018 2:37:08 PM	2.05	2.78	1.96	0.60	0.00	0.00	0.00	0.17	7.39	85.45	3.28	50.67	1086	2780	883	18	0	0	0	0	4766	148.94	10.85	5.36	19.03	11.10	20.48	19.75	1.32	47.17	14.52
9/12/2018 2:37:10 PM	1.81	3.04	2.93	0.00	0.00	0.00	0.00	0.10	7.78	85.71	3.34	50.64	958	3037	1319	0	0	0	0	0	5314	149.39	11.24	4.28	19.26	10.85	20.44	20.14	1.33	47.18	14.54
9/12/2018 2:37:12 PM	1.68	3.15	2.66	0.00	0.00	0.00	0.00	0.18	7.48	85.73	3.45	50.59	889	3146	1195	0	0	0	0	0	5230	149.44	10.83	4.30	19.79	11.08	20.11	19.17	1.34	47.21	14.52
9/12/2018 2:37:15 PM	2.08	3.24	2.18	0.00	0.00	0.00	0.00	0.15	7.50	86.01	3.53	50.56	1101	3242	980	0	0	0	0	0	5322	149.92	9.90	4.39	19.86	10.64	20.51	18.18	1.35	47.23	14.51
9/12/2018 2:37:17 PM	2.35	3.10	1.81	0.14	0.00	0.00	0.00	0.17	7.40	85.54	3.64	50.59	1247	3100	813	4	0	0	0	0	5164	149.10	9.54	4.18	19.18	10.67	20.59	18.12	1.36	47.25	14.52
9/12/2018 2:37:20 PM	1.82	3.22	2.45	0.03	0.00	0.00	0.00	0.06	7.52	85.83	3.68	50.56	965	3224	1103	1	0	0	0	0	5292	149.62	10.23	4.29	19.62	9.83	20.84	17.94	1.36	47.27	14.54
9/12/2018 2:37:22 PM	1.96	3.40	2.29	0.00	0.00	0.00	0.00	0.13	7.66	85.32	3.72	50.55	1041	3403	1031	0	0	0	0	0	5474	148.72	10.20	3.93	20.33	10.49	21.58	18.14	1.36	47.32	14.52
9/12/2018 2:37:24 PM	1.92	3.23	2.41	0.06	0.00	0.00	0.00	0.12	7.62	86.15	3.73	50.57	1017	3230	1085	2	0	0	0	0	5334	150.16	10.45	4.63	19.91	10.58	20.93	18.72	1.37	47.32	14.53
9/12/2018 2:37:27 PM	2.36	3.28	2.33	0.00	0.00	0.00	0.00	0.02	7.97	85.58	3.82	50.57	1250	3276	1050	0	0	0	0	0	5576	149.18	10.10	4.68	20.36	9.97	20.92	18.71	1.37	47.37	14.52
9/12/2018 2:37:29 PM	1.96	3.13	2.45	0.05	0.00	0.00	0.00	0.12	7.59	85.64	3.86	50.58	1037	3126	1105	1	0	0	0	0	5270	149.28	10.42	4.78	19.58	10.59	20.37	18.91	1.38	47.36	14.55
9/12/2018 2:37:31 PM	2.39	3.10	2.20	0.00	0.00	0.00	0.00	0.08	7.68	85.55	3.88	50.58	1265	3099	990	0	0	0	0	0	5353	149.12	9.81	4.49	19.43	10.29	20.15	18.66	1.38	47.40	14.53
9/12/2018 2:37:34 PM	2.52	3.09	2.12	0.12	0.00	0.00	0.00	0.10	7.84	85.58	3.91	50.61	1336	3089	953	3	0	0	0	0	5381	149.18	10.09	4.43	19.55	10.65	20.77	19.33	1.38	47.40	14.55
9/12/2018 2:37:36 PM	2.52	3.13	1.72	0.26	0.00	0.00	0.00	0.16	7.64	85.99	3.94	50.60	1337	3130	774	8	0	0	0	0	5248	149.89	9.79	4.54	19.72	10.89	21.13	18.73	1.39	47.43	14.56
9/12/2018 2:37:39 PM	2.56	3.09	2.21	0.01	0.00	0.00	0.00	0.00	7.87	85.79	3.94	50.60	1358	3088	993	0	0	0	0	0	5439	149.53	9.68	4.96	19.68	9.55	20.02	18.68	1.39	47.43	14.57
9/12/2018 2:37:41 PM	2.08	3.25	2.18	0.00	0.00	0.00	0.00	0.14	7.51	85.70	3.96	50.60	1101	3248	982	0	0	0	0	0	5331	149.39	9.95	3.73	19.98	10.51	20.55	18.09	1.39	47.47	14.58
9/12/2018 2:37:43 PM	2.23	3.12	2.17	0.00	0.00	0.00	0.00	0.12	7.53	85.62	4.01	50.62	1180	3124	979	0	0	0	0	0	5283	149.25	9.77	4.68	19.53	10.44	19.95	18.35	1.39	47.49	14.58
9/12/2018 2:37:46 PM	1.88	2.73	1.66	0.74	0.00	0.00	0.00	0.13	7.01	85.44	4.05	50.66	994	2735	745	22	0	0	0	0	4497	148.93	10.34	5.27	18.66	10.16	20.41	18.16	1.40	47.49	14.58
9/12/2018 2:37:48 PM	2.44	3.19	1.71	0.13	0.00	0.00	0.00	0.16	7.47	85.27	4.14	50.64	1294	3195	768	4	0	0	0	0	5261	148.63	9.34	4.47	19.64	10.58	20.74	17.86	1.41	47.51	14.57
9/12/2018 2:37:50 PM	1.70	3.49	2.32	0.00	0.00	0.00	0.00	0.16	7.50	85.69	4.21	50.56	900	3486	1042	0	0	0	0	0	5428	149.37	10.25	4.50	20.87	10.63	21.30	17.74	1.41	47.56	14.57
9/12/2018 2:37:53 PM	2.68	3.20	1.75	0.00	0.00	0.00	0.00	0.11	7.62	85.47	4.25	50.50	1419	3202	786	0	0	0	0	0	5406	148.99	9.09	3.91	19.56	10.27	20.59	17.85	1.42	47.54	14.59
9/12/2018 2:37:55 PM	2.12	2.97	1.86	0.29	0.00	0.00	0.00	0.10	7.25	85.85	4.29	50.54	1124	2971	838	9	0	0	0	0	4942	149.64	9.66	5.29	19.19	9.97	19.84	17.72	1.42	47.56	14.58
9/12/2018 2:37:58 PM	2.47	3.14	1.69	0.16	0.00	0.00	0.00	0.19	7.45	86.00	4.35	50.58	1309	3135	759	5	0	0	0	0	5208	149.91	9.42	4.46	19.46	10.87	20.62	18.18	1.43	47.59	14.60
9/12/2018 2:38:00 PM	2.42	3.11	1.95	0.09	0.00	0.00	0.00	0.05	7.58	85.90	4.41	50.60	1283	3110	879	3	0	0	0	0	5275	149.73	9.47	4.17	19.27	9.74	20.57	17.83	1.43	47.61	14.60
9/12/2018 2:38:02 PM	1.86	3.61	2.06	0.00	0.00	0.00	0.00	0.21	7.53	85.45	4.46	50.58	984	3605	929	0	0	0	0	0	5518	148.95	10.04	3.95	21.51	10.98	21.58	17.54	1.44	47.63	14.59
9/12/2018 2:38:05 PM	1.93	3.16	2.23	0.00	0.00	0.00	0.00	0.10	7.32	85.67	4.50	50.59	1022	3164	1002	0	0	0	0	0	5188	149.34	9.76	3.94	19.51	9.87	20.03	17.43	1.44	47.64	14.61
9/12/2018 2:38:07 PM	2.61	3.23	1.90	0.00	0.00	0.00	0.00	0.07	7.73	85.75	4.58	50.60	1382	3227	855	0	0	0	0	0	5464	149.48	9.32	4.11	19.78	10.03	20.72	17.98	1.45	47.65	14.62
9/12/2018 2:38:09 PM	1.57	3.40	2.27	0.00	0.00	0.00	0.00	0.14	7.24	85.78	4.62	50.54	834	3397	1023	0	0	0	0	0	5253	149.52	9.92	4.54	20.36	10.04	20.67	16.90	1.45	47.67	14.61
9/12/2018 2:38:12 PM	2.38	3.15	1.86	0.00	0.00	0.00	0.00	0.08	7.40	85.88	4.70	50.54	1260	3155	839	0	0	0	0	0	5254	149.69	9.10	3.91	19.50	9.69	19.92	17.13	1.46	47.68	14.62
9/12/2018 2:38:14 PM	2.08	3.22	2.15	0.00	0.00	0.00	0.00	0.08	7.45	85.68	4.75	50.54	1102	3222	968	0	0	0	0	0	5293	149.35	9.63	4.07	19.48	9.80	20.64	17.46	1.47	47.69	14.62
9/12/2018 2:38:17 PM	2.20	3.13	1.94	0.00	0.00	0.00	0.00	0.13	7.28	86.05	4.81	50.54	1165	3135	874	0	0	0	0	0	5174	149.99	9.28	3.82	19.04	10.07	20.16	17.30	1.47	47.72	14.61
9/12/2018 2:38:19 PM	1.90	3.20	1.96	0.00	0.00	0.00	0.00	0.16	7.05	85.80	4.87	50.51	1004	3201	880	0	0	0	0	0	5085	149.56	9.29	3.94	19.63	10.01	19.65	16.63	1.48	47.72	14.62
9/12/2018 2:38:21 PM	2.23	3.24	1.85	0.00	0.00	0.00	0.00	0.12	7.32	85.81	4.97	50.50	1184	3239	831	0	0	0	0	0	5254	149.58	9.10	4.39	19.70	9.96	20.15	16.96	1.49	47.73	14.64
9/12/2018 2:38:24 PM	1.98	3.29	1.85	0.00	0.00	0.00	0.00	0.19	7.12	85.65	5.04	50.49	1051	3289	834	0	0	0	0	0	5174	149.29	9.20	4.29	19.60	10.40	20.39	16.79	1.49	47.76	14.64
9/12/2018 2:38:26 PM	2.37	3.36	1.74	0.01	0.00	0.00	0.00	0.12	7.48	85.42	5.11	50.49	1258	3360	785	0	0	0	0	0	5402	148.90	9.01	4.58	20.12	10.01	20.82	16.97	1.50	47.76	14.64
9/12/2018 2:38:28 PM	2.01	3.31	1.82	0.00	0.00	0.00	0.00	0.15	7.14	85.60	5.18	50.47	1063	3313	818	0	0	0	0	0	5193	149.21	9.05	4.23	19.75	9.95	20.37	16.36	1.51	47.76	14.65
9/12/2018 2:38:31 PM	1.71	3.33	2.05	0.00	0.00	0.00	0.00	0.12	7.10	85.81	5.23	50.46	907	3335	924	0	0	0	0	0	5166	149.57	9.35	4.43	19.70	9.62	20.56	16.22	1.51	47.80	14.64
9/12/2018 2:38:33 PM	2.15	3.37	1.46	0.08	0.00	0.00	0.00	0.20	7.06	85.83	5.33	50.44	1141	3375	656	2	0	0	0	0	5174	149.61	8.66	4.63	19.94	10.23	20.69	16.01	1.52	47.80	14.63
9/12/2018 2:38:36 PM	1.70	3.39	1.99	0.00	0.00	0.00	0.00	0.14	7.08	85.70	5.40	50.38	900	3388	895	0	0	0	0	0	5183	149.38	9.30	4.18	19.88	9.69	20.75	16.03	1.53	47.82	14.65
9/12/2018 2:38:38 PM	1.93	3.56	1.98	0.00	0.00	0.00	0.00	0.12	7.48	85.95	5.46	50.30	1025	3559	892	0	0	0	0	0	5476	149.82	9.57	4.00	20.97	9.98	21.56	16.69	1.53	47.83	14.65
9/12/2018 2:38:40 PM	2.05	3.66	1.87	0.03	0.00	0.00	0.00	0.11	7.61	85.48	5.48	50.30	1084	3664	842	1	0	0	0	0	5592	148.99	9.46	4.47	21.22	9.94	22.31	16.62	1.54	47.85	14.65
9/12/2018 2:38:43 PM	1.86	3.92	2.03	0.00	0.00	0.00	0.00	0.11	7.82	85.83	5.58	50.30	987	3923	915	0	0	0	0	0	5825	149.61	9.84	4.87	22.40	10.10	23.20	16.69	1.55	47.86	14.65
9/12/2018 2:38:45 PM	1.96	3.65	1.98	0.07	0.00	0.00	0.00	0.09	7.65	85.57	5.66	50.28	1038	3645	889	2	0	0	0	0	5575	149.16	9.69	4.83	21.36	9.89	22.23	16.82	1.55	47.87	14.65
9/12/2018 2:38:47 PM	2.02	3.74	1.96	0.00	0.00	0.00	0.00	0.13	7.72	85.69	5.74	50.28	1073	3738	883	0	0	0	0	0	5694	149.36	9.74	4.46	21.89	10.36	22.28	17.06	1.56	47.88	14.67
9/12/2018 2:38:50 PM	1.98	3.97	2.05	0.05	0.00	0.00	0.00	0.14	8.05	85.64	5.79	50.21	1049	3971	922	1	0	0	0	0	5944	149.29	10.24	5.07	22.87	10.79	23.72	17.66	1.57	47.89	14.65
9/12/2018 2:38:52 PM	1.63	4.24	2.47	0.00	0.00	0.00	0.00	0.16	8.34	85.22	5.83	50.16	865	4238	1112	0	0	0	0	0	6216	148.54	11.18	5.26	24.23	11.33	24.71	18.43	1.57	47.90	14.67
9/12/2018 2:38:55 PM	1.70	4.42	2.53	0.00	0.00	0.00	0.00	0.17	8.65	84.73	5.96	50.11	900	4421	1141	0	0	0	0	0	6461	147.69	11.51	5.73	25.19	11.72	25.54	19.02	1.58	47.92	14.67
9/12/2018 2:38:57 PM	1.02	4.69	2.88	0.16	0.00	0.00	0.00	0.26	8.75	84.14	6.00	49.95	543	4691	1298	5	0	0	0	0	6536	146.66	12.89	6.16	26.46	12.79	27.33	19.92	1.59	47.92	14.67
9/12/2018 2:38:59 PM	1.41	4.58	2.75	0.13	0.00	0.00	0.00	0.20	8.87	83.75	6.03	49.83	746	4583	1238	4	0	0	0	0	6570	145.98	12.46	6.27	26.17	12.40	26.75	19.95	1.59	47.93	14.69
9/12/2018 2:39:02 PM	1.01	4.71	3.02	0.03	0.00	0.00	0.00	0.24	8.78	84.04	6.10	49.51	536	4714	1361	1	0	0	0	0	6612	146.49	12.80	5.99	26.36	12.60	27.10	19.79	1.60	47.95	14.69
9/12/2018 2:39:04 PM	0.38	4.68	3.79	0.16	0.00	0.00	0.00	0.32	9.01	83.78	6.17	49.15	202	4678	1704	5	0	0	0	0	6589	146.04	14.86	6.41	26.79	14.07	27.83	22.37	1.60	47.96	14.68
9/12/2018 2:39:06 PM	1.02	4.59	3.21	0.23	0.00	0.00	0.00	0.29	9.04	83.80	6.21	49.11	542	4587	1444	7	0	0	0	0	6580	146.07	13.90	6.25	26.47	13.74	27.58	21.90	1.61	47.95	14.70
9/12/2018 2:39:09 PM	0.42	4.80	4.01	0.06	0.00	0.00	0.00	0.32	9.29	84.16	6.29	49.13	224	4802	1803	2	0	0	0	0	6831	146.70	15.17	6.72	27.45	14.44	28.06	23.07	1.62	47.98	14.70
9/12/2018 2:39:11 PM	0.74	4.52	3.37	0.45	0.00	0.00	0.00	0.35	9.08	84.44	6.35	49.09	391	4522	1518	13	0	0	0	0	6445	147.18	14.90	6.93	26.80	14.56	27.94	23.13	1.62	47.96	14.70
9/12/2018 2:39:14 PM	0.33	4.77	4.00	0.23	0.00	0.00	0.00	0.36	9.33	84.82	6.39	49.11	173	4771	1800	7	0	0	0	0	6751	147.85	15.74	6.80	27.60	15.01	28.64	23.83	1.63	47.98	14.72
9/12/2018 2:39:16 PM	0.35	4.49	3.68	0.53	0.00	0.00	0.00	0.36	9.05	84.91	6.42	49.09	184	4492	1658	16	0	0	0	0	6349	148.00	15.68	6.86	26.75	14.72	28.29	23.65	1.63	47.98	14.71
9/12/2018 2:39:18 PM	0.13	4.59	4.12	0.28	0.00	0.00	0.00	0.33	9.13	84.70	6.47	49.25	69	4594	1856	8	0	0	0	0	6528	147.63	15.82	6.72	26.86	14.50	28.02	23.58	1.63	48.00	14.72
9/12/2018 2:39:21 PM	0.00	4.36	3.60	1.02	0.00	0.00	0.00	0.45	8.98	85.19	6.53	49.41	0	4360	1619	31	0	0	0	0	6010	148.49	17.05	7.63	27.10	15.85	29.17	24.99	1.64	48.00	14.73
9/12/2018 2:39:23 PM	0.00	4.62	3.82	0.96	0.00	0.00	0.00	0.45	9.40	85.36	6.60	49.34	0	4618	1721	29	0	0	0	0	6368	148.79	18.17	7.98	28.47	16.47	29.99	25.48	1.65	48.01	14.72
9/12/2018 2:39:26 PM	0.00	3.71	2.81	1.60	0.00	0.00	0.00	0.54	8.13	85.77	6.65	48.54	0	3713	1264	48	0	0	0	0	5026	149.51	17.99	7.86	25.12	16.24	27.28	23.81	1.65	48.02	14.71
9/12/2018 2:39:28 PM	0.00	3.52	2.48	1.77	0.00	0.00	0.00	0.58	7.77	85.64	6.69	47.81	0	3520	1117	53	0	0	0	0	4689	149.29	17.52	7.95	24.37	16.22	26.75	23.45	1.66	48.01	14.73
9/12/2018 2:39:30 PM	0.00	2.48	2.01	1.98	0.00	0.00	0.00	0.60	6.47	86.02	6.74	47.40	0	2476	906	59	0	0	0	0	3442	149.94	16.96	7.02	19.80	15.28	22.49	21.68	1.66	48.03	14.71
9/12/2018 2:39:33 PM	0.00	2.10	1.64	2.34	0.00	0.00	0.00	0.62	6.08	86.06	6.80	47.16	0	2095	739	70	0	0	0	0	2905	150.01	17.11	6.95	18.55	15.29	21.89	21.61	1.67	48.04	14.73
9/12/2018 2:39:35 PM	0.00	1.53	1.34	2.30	0.00	0.00	0.00	0.65	5.17	86.17	6.86	46.72	0	1531	603	69	0	0	0	0	2203	150.20	15.90	6.42	15.71	14.60	18.94	20.14	1.67	48.02	14.73
9/12/2018 2:39:37 PM	0.00	1.22	1.41	2.30	0.00	0.00	0.00	0.64	4.93	86.14	6.95	45.19	0	1215	634	69	0	0	0	0	1919	150.15	15.94	6.17	14.39	14.39	17.65	20.18	1.68	48.03	14.74
9/12/2018 2:39:40 PM	0.00	0.91	1.09	2.48	0.00	0.00	0.00	0.69	4.47	86.36	7.03	43.09	0	906	490	74	0	0	0	0	1470	150.52	15.56	6.01	13.10	14.36	16.71	19.78	1.69	48.02	14.74
9/12/2018 2:39:42 PM	0.00	0.60	1.08	2.48	0.00	0.00	0.00	0.65	4.16	86.42	7.15	41.48	0	597	486	74	0	0	0	0	1158	150.64	15.28	5.66	11.68	13.77	15.40	19.34	1.70	48.04	14.73
9/12/2018 2:39:45 PM	0.00	0.66	1.37	2.16	0.00	0.00	0.00	0.61	4.19	86.54	7.26	40.41	0	662	615	65	0	0	0	0	1341	150.84	14.81	5.27	11.44	13.30	14.80	18.94	1.71	48.03	14.75
9/12/2018 2:39:47 PM	0.00	0.48	1.05	2.43	0.00	0.00	0.00	0.62	3.96	86.54	7.35	39.54	0	480	473	73	0	0	0	0	1026	150.85	14.67	5.70	11.06	13.21	14.58	18.82	1.72	48.02	14.75
9/12/2018 2:39:49 PM	0.00	0.44	1.17	2.13	0.00	0.00	0.00	0.56	3.74	86.51	7.47	39.16	0	436	529	64	0	0	0	0	1028	150.79	14.01	5.19	10.26	12.29	13.30	17.46	1.73	48.00	14.75
9/12/2018 2:39:52 PM	0.00	0.20	0.69	2.46	0.00	0.00	0.00	0.57	3.35	86.34	7.60	37.59	0	203	309	74	0	0	0	0	586	150.50	13.92	5.28	9.54	11.93	12.97	16.56	1.74	48.00	14.75
9/12/2018 2:39:54 PM	0.00	0.20	0.75	2.35	0.00	0.00	0.00	0.54	3.31	86.30	7.70	35.88	0	202	340	71	0	0	0	0	612	150.43	13.76	5.10	9.34	11.63	12.61	16.16	1.75	47.97	14.77
9/12/2018 2:39:56 PM	0.00	0.24	0.52	2.33	0.00	0.00	0.00	0.57	3.08	86.32	7.80	34.97	0	240	233	70	0	0	0	0	543	150.45	13.08	4.96	9.18	11.50	12.50	15.35	1.76	47.96	14.77
9/12/2018 2:39:59 PM	0.00	0.22	0.63	2.25	0.00	0.00	0.00	0.52	3.09	86.13	7.86	34.54	0	217	283	67	0	0	0	0	567	150.14	13.02	5.01	9.06	11.04	12.08	15.05	1.77	47.94	14.75
9/12/2018 2:40:01 PM	0.00	0.33	0.74	2.16	0.00	0.00	0.00	0.51	3.23	86.19	7.94	34.76	0	326	335	65	0	0	0	0	726	150.23	12.92	4.95	9.39	10.98	12.38	15.16	1.78	47.90	14.75
9/12/2018 2:40:04 PM	0.00	0.19	0.42	2.25	0.00	0.00	0.00	0.53	2.85	85.87	8.01	34.54	0	186	187	67	0	0	0	0	441	149.68	12.48	4.86	8.69	10.67	11.73	14.12	1.78	47.89	14.75
9/12/2018 2:40:06 PM	0.00	0.09	0.10	2.29	0.00	0.00	0.00	0.52	2.49	86.04	8.07	35.03	0	94	46	69	0	0	0	0	208	149.98	11.65	4.68	8.03	10.10	11.23	12.96	1.79	47.85	14.77
9/12/2018 2:40:08 PM	0.00	0.12	0.03	2.19	0.00	0.00	0.00	0.53	2.34	85.70	8.14	35.78	0	121	13	66	0	0	0	0	200	149.38	11.16	4.49	7.83	9.87	10.94	12.31	1.80	47.83	14.74
9/12/2018 2:40:11 PM	0.00	0.22	0.32	1.99	0.00	0.00	0.00	0.50	2.53	85.54	8.21	35.88	0	218	146	60	0	0	0	0	424	149.11	11.02	4.38	8.03	9.79	10.95	12.67	1.80	47.78	14.76
9/12/2018 2:40:13 PM	0.00	0.39	0.51	1.65	0.00	0.00	0.00	0.48	2.55	85.32	8.27	35.77	0	391	231	49	0	0	0	0	671	148.71	10.48	4.14	8.18	9.37	10.49	11.82	1.81	47.75	14.77
9/12/2018 2:40:15 PM	0.00	0.25	0.33	1.75	0.00	0.00	0.00	0.50	2.33	85.22	8.40	35.12	0	252	149	53	0	0	0	0	454	148.55	10.39	4.06	7.63	9.33	10.12	11.52	1.82	47.74	14.75
9/12/2018 2:40:18 PM	0.00	0.21	0.30	1.77	0.00	0.00	0.00	0.51	2.28	85.10	8.47	34.19	0	211	135	53	0	0	0	0	399	148.34	10.17	3.95	7.39	9.38	10.11	11.69	1.83	47.71	14.74
9/12/2018 2:40:20 PM	0.00	0.29	0.26	1.74	0.00	0.00	0.00	0.51	2.30	85.13	8.55	34.07	0	294	118	52	0	0	0	0	465	148.38	10.25	4.05	7.73	9.39	10.23	11.36	1.84	47.65	14.77
9/12/2018 2:40:23 PM	0.00	0.24	0.31	1.69	0.00	0.00	0.00	0.49	2.23	85.14	8.60	34.23	0	237	138	51	0	0	0	0	425	148.41	9.81	3.79	7.28	9.03	9.96	11.25	1.84	47.63	14.77
9/12/2018 2:40:25 PM	0.00	0.23	0.27	1.68	0.00	0.00	0.00	0.51	2.17	84.72	8.66	34.14	0	227	121	50	0	0	0	0	398	147.67	9.68	3.76	7.18	9.16	9.88	11.24	1.85	47.57	14.77
9/12/2018 2:40:27 PM	0.00	0.28	0.36	1.53	0.00	0.00	0.00	0.50	2.17	84.10	8.71	34.28	0	285	160	46	0	0	0	0	490	146.60	9.20	3.58	7.11	8.88	9.72	10.99	1.85	47.54	14.75
9/12/2018 2:40:30 PM	0.00	0.35	0.44	1.38	0.00	0.00	0.00	0.50	2.18	83.69	8.78	33.45	0	354	197	42	0	0	0	0	592	145.88	9.08	3.51	7.19	8.89	9.49	10.75	1.86	47.49	14.77
9/12/2018 2:40:32 PM	0.00	0.41	0.44	1.31	0.00	0.00	0.00	0.51	2.17	83.51	8.84	32.52	0	415	197	39	0	0	0	0	652	145.56	8.79	3.47	7.29	8.84	9.52	10.58	1.87	47.46	14.75
9/12/2018 2:40:34 PM	0.00	0.36	0.41	1.36	0.00	0.00	0.00	0.49	2.12	83.63	8.90	33.17	0	359	183	41	0	0	0	0	582	145.77	8.79	3.41	7.08	8.70	9.45	10.51	1.87	47.40	14.77
9/12/2018 2:40:37 PM	0.00	0.39	0.53	1.13	0.00	0.00	0.00	0.51	2.06	82.82	8.97	33.75	0	388	240	34	0	0	0	0	662	144.37	8.12	3.13	6.75	8.62	8.99	10.41	1.88	47.34	14.74
9/12/2018 2:40:39 PM	0.00	0.49	0.58	1.08	0.00	0.00	0.00	0.52	2.15	82.42	9.07	32.98	0	488	260	32	0	0	0	0	780	143.67	8.18	3.21	7.14	8.75	9.23	10.46	1.89	47.29	14.76
9/12/2018 2:40:42 PM	0.00	0.41	0.46	1.25	0.00	0.00	0.00	0.51	2.12	82.20	9.23	31.66	0	408	208	37	0	0	0	0	654	143.29	8.52	3.42	7.12	8.74	9.30	10.48	1.90	47.24	14.75
9/12/2018 2:40:44 PM	0.00	0.45	0.63	0.97	0.00	0.00	0.00	0.52	2.04	80.56	9.31	31.42	0	447	282	29	0	0	0	0	758	140.43	7.76	2.98	6.70	8.63	8.76	10.31	1.91	47.18	14.75
9/12/2018 2:40:46 PM	0.00	0.49	0.62	0.92	0.00	0.00	0.00	0.52	2.03	80.30	9.42	31.34	0	489	280	28	0	0	0	0	796	139.98	7.61	2.96	6.77	8.55	8.73	10.07	1.92	47.13	14.72
9/12/2018 2:40:49 PM	0.00	0.50	0.71	0.84	0.00	0.00	0.00	0.51	2.04	80.13	9.51	31.12	0	502	317	25	0	0	0	0	844	139.69	7.47	2.77	6.66	8.46	8.63	10.05	1.93	47.06	14.72
9/12/2018 2:40:51 PM	0.00	0.53	0.81	0.77	0.00	0.00	0.00	0.52	2.10	80.08	9.62	30.98	0	527	363	23	0	0	0	0	914	139.59	7.45	2.74	6.70	8.58	8.62	10.31	1.94	46.99	14.71
9/12/2018 2:40:53 PM	0.00	0.59	0.79	0.72	0.00	0.00	0.00	0.51	2.11	80.14	9.74	30.62	0	593	357	22	0	0	0	0	972	139.69	7.29	2.86	6.93	8.44	8.64	10.02	1.95	46.92	14.72
9/12/2018 2:40:56 PM	0.00	0.54	0.74	0.80	0.00	0.00	0.00	0.51	2.08	80.13	9.80	30.84	0	536	335	24	0	0	0	0	895	139.68	7.35	2.92	6.81	8.48	8.65	10.19	1.96	46.86	14.72
9/12/2018 2:40:58 PM	0.00	0.53	0.68	0.78	0.00	0.00	0.00	0.52	1.98	80.21	9.88	31.26	0	529	305	23	0	0	0	0	857	139.82	7.11	2.72	6.59	8.37	8.53	9.82	1.97	46.79	14.71
9/12/2018 2:41:01 PM	0.00	0.49	0.74	0.72	0.00	0.00	0.00	0.51	1.96	80.16	9.97	31.17	0	490	334	22	0	0	0	0	846	139.74	6.99	2.62	6.35	8.28	8.26	9.85	1.98	46.73	14.69
9/12/2018 2:41:03 PM	0.00	0.51	0.67	0.74	0.00	0.00	0.00	0.52	1.93	80.32	10.05	30.97	0	508	303	22	0	0	0	0	833	140.00	6.97	2.57	6.39	8.27	8.36	9.64	1.98	46.64	14.68
9/12/2018 2:41:05 PM	0.00	0.54	0.78	0.71	0.00	0.00	0.00	0.51	2.04	80.12	10.12	31.13	0	544	352	21	0	0	0	0	918	139.67	7.14	2.71	6.63	8.34	8.44	9.94	1.99	46.59	14.67
9/12/2018 2:41:08 PM	0.00	0.56	0.80	0.71	0.00	0.00	0.00	0.50	2.08	80.23	10.20	30.66	0	563	361	21	0	0	0	0	945	139.86	7.16	2.64	6.68	8.33	8.60	10.00	2.00	46.52	14.68
9/12/2018 2:41:10 PM	0.00	0.55	0.71	0.83	0.00	0.00	0.00	0.52	2.09	80.63	10.29	30.63	0	550	319	25	0	0	0	0	894	140.56	7.43	2.87	6.88	8.55	8.84	10.19	2.01	46.44	14.66
9/12/2018 2:41:12 PM	0.00	0.42	0.56	0.86	0.00	0.00	0.00	0.51	1.84	81.31	10.39	30.45	0	416	254	26	0	0	0	0	696	141.74	7.07	2.63	6.16	8.17	8.25	9.54	2.02	46.34	14.66
9/12/2018 2:41:15 PM	0.00	0.45	0.59	0.76	0.00	0.00	0.00	0.51	1.80	81.42	10.50	29.98	0	450	265	23	0	0	0	0	737	141.94	6.72	2.52	6.08	8.04	8.10	9.31	2.03	46.29	14.64
9/12/2018 2:41:17 PM	0.00	0.49	0.47	0.70	0.00	0.00	0.00	0.50	1.66	81.88	10.62	30.04	0	494	210	21	0	0	0	0	725	142.72	6.25	2.50	6.04	7.62	7.81	8.36	2.04	46.21	14.64
9/12/2018 2:41:20 PM	0.00	0.41	0.34	0.78	0.00	0.00	0.00	0.51	1.53	81.98	10.75	29.58	0	409	154	23	0	0	0	0	587	142.91	6.13	2.42	5.70	7.59	7.72	8.28	2.05	46.15	14.63
9/12/2018 2:41:22 PM	0.00	0.50	0.47	0.69	0.00	0.00	0.00	0.49	1.67	81.71	10.84	29.64	0	498	214	21	0	0	0	0	732	142.43	6.26	2.41	6.02	7.60	7.88	8.37	2.06	46.05	14.64
9/12/2018 2:41:24 PM	0.00	0.45	0.44	0.69	0.00	0.00	0.00	0.50	1.58	81.79	10.99	29.59	0	449	198	21	0	0	0	0	668	142.57	6.00	2.36	5.75	7.52	7.69	8.33	2.08	45.95	14.62
9/12/2018 2:41:27 PM	0.00	0.49	0.52	0.65	0.00	0.00	0.00	0.51	1.67	81.73	11.10	29.64	0	493	235	20	0	0	0	0	747	142.46	6.07	2.39	5.92	7.67	7.80	8.58	2.09	45.87	14.62
9/12/2018 2:41:29 PM	0.00	0.51	0.49	0.65	0.00	0.00	0.00	0.50	1.65	81.88	11.23	29.79	0	507	222	20	0	0	0	0	749	142.72	6.03	2.40	5.97	7.60	7.83	8.44	2.10	45.80	14.60
9/12/2018 2:41:31 PM	0.00	0.47	0.48	0.62	0.00	0.00	0.00	0.50	1.58	82.23	11.31	29.45	0	472	218	19	0	0	0	0	708	143.34	5.87	2.37	5.75	7.48	7.52	8.23	2.11	45.69	14.58
9/12/2018 2:41:34 PM	0.00	0.45	0.45	0.66	0.00	0.00	0.00	0.50	1.56	82.05	11.41	29.29	0	448	200	20	0	0	0	0	669	143.02	5.85	2.35	5.68	7.48	7.58	8.27	2.12	45.62	14.57
9/12/2018 2:41:36 PM	0.00	0.47	0.43	0.67	0.00	0.00	0.00	0.51	1.56	82.19	11.48	29.54	0	466	194	20	0	0	0	0	680	143.27	5.86	2.24	5.70	7.58	7.73	8.32	2.12	45.54	14.56
9/12/2018 2:41:39 PM	0.00	0.55	0.53	0.55	0.00	0.00	0.00	0.50	1.63	82.34	11.58	29.57	0	547	240	17	0	0	0	0	803	143.53	5.71	2.32	5.94	7.49	7.68	8.24	2.13	45.45	14.54
9/12/2018 2:41:41 PM	0.00	0.44	0.44	0.68	0.00	0.00	0.00	0.50	1.56	82.04	11.67	29.32	0	436	199	21	0	0	0	0	656	143.01	5.92	2.31	5.65	7.49	7.63	8.32	2.14	45.36	14.53
9/12/2018 2:41:43 PM	0.00	0.44	0.38	0.77	0.00	0.00	0.00	0.50	1.58	82.24	11.82	29.25	0	436	170	23	0	0	0	0	629	143.36	6.09	2.46	5.82	7.58	7.85	8.41	2.16	45.27	14.52
9/12/2018 2:41:46 PM	0.00	0.46	0.44	0.65	0.00	0.00	0.00	0.49	1.54	82.69	11.97	29.26	0	457	197	19	0	0	0	0	673	144.14	5.78	2.30	5.65	7.36	7.54	8.08	2.17	45.16	14.52
9/12/2018 2:41:48 PM	0.00	0.53	0.52	0.53	0.00	0.00	0.00	0.49	1.58	82.66	12.06	29.29	0	529	235	16	0	0	0	0	780	144.09	5.67	2.27	5.81	7.32	7.47	7.95	2.18	45.09	14.51
9/12/2018 2:41:50 PM	0.00	0.42	0.35	0.66	0.00	0.00	0.00	0.50	1.43	82.68	12.20	29.32	0	424	156	20	0	0	0	0	599	144.12	5.57	2.22	5.44	7.28	7.41	7.84	2.20	45.00	14.50
9/12/2018 2:41:53 PM	0.00	0.50	0.40	0.62	0.00	0.00	0.00	0.49	1.52	82.67	12.32	29.12	0	499	181	19	0	0	0	0	698	144.10	5.67	2.28	5.75	7.28	7.59	7.82	2.21	44.92	14.48
9/12/2018 2:41:55 PM	0.00	0.45	0.34	0.67	0.00	0.00	0.00	0.51	1.46	82.58	12.47	28.92	0	453	152	20	0	0	0	0	625	143.94	5.61	2.25	5.57	7.34	7.53	7.85	2.22	44.80	14.48
9/12/2018 2:41:58 PM	0.00	0.52	0.49	0.48	0.00	0.00	0.00	0.49	1.49	82.54	12.58	28.79	0	516	221	14	0	0	0	0	752	143.88	5.42	2.16	5.60	7.19	7.20	7.62	2.23	44.72	14.45
9/12/2018 2:42:00 PM	0.00	0.53	0.54	0.50	0.00	0.00	0.00	0.51	1.57	82.42	12.64	28.95	0	530	243	15	0	0	0	0	788	143.67	5.59	2.17	5.73	7.45	7.44	8.06	2.24	44.61	14.45
9/12/2018 2:42:02 PM	0.00	0.50	0.35	0.65	0.00	0.00	0.00	0.51	1.50	82.18	12.78	29.05	0	505	157	19	0	0	0	0	681	143.25	5.68	2.26	5.77	7.42	7.68	7.83	2.25	44.53	14.43
9/12/2018 2:42:05 PM	0.00	0.50	0.35	0.63	0.00	0.00	0.00	0.52	1.48	82.09	12.89	29.06	0	499	160	19	0	0	0	0	677	143.09	5.58	2.25	5.71	7.48	7.61	7.90	2.26	44.45	14.43
9/12/2018 2:42:07 PM	0.00	0.57	0.58	0.43	0.00	0.00	0.00	0.52	1.58	81.87	12.99	29.30	0	575	259	13	0	0	0	0	847	142.72	5.49	2.21	5.84	7.53	7.37	8.04	2.27	44.33	14.41
9/12/2018 2:42:09 PM	0.00	0.56	0.51	0.50	0.00	0.00	0.00	0.52	1.57	81.47	13.12	29.28	0	564	231	15	0	0	0	0	809	142.01	5.52	2.21	5.85	7.60	7.56	8.13	2.29	44.26	14.39
9/12/2018 2:42:12 PM	0.00	0.63	0.71	0.37	0.00	0.00	0.00	0.52	1.71	80.79	13.23	29.16	0	630	319	11	0	0	0	0	960	140.83	5.57	2.16	6.03	7.72	7.60	8.49	2.30	44.17	14.39
9/12/2018 2:42:14 PM	0.00	0.59	0.58	0.46	0.00	0.00	0.00	0.53	1.63	80.42	13.40	29.06	0	591	260	14	0	0	0	0	865	140.18	5.60	2.21	5.96	7.71	7.63	8.30	2.31	44.07	14.37
9/12/2018 2:42:17 PM	0.00	0.62	0.62	0.49	0.00	0.00	0.00	0.53	1.72	79.12	13.61	28.72	0	620	277	15	0	0	0	0	912	137.92	5.86	2.33	6.21	7.91	7.84	8.60	2.33	43.97	14.36
9/12/2018 2:42:19 PM	0.00	0.68	0.69	0.42	0.00	0.00	0.00	0.53	1.79	78.96	13.71	28.62	0	684	310	12	0	0	0	0	1006	137.65	5.76	2.32	6.39	7.93	7.94	8.68	2.34	43.88	14.35
9/12/2018 2:42:21 PM	0.00	0.59	0.60	0.47	0.00	0.00	0.00	0.53	1.66	78.86	13.84	28.76	0	594	269	14	0	0	0	0	877	137.47	5.56	2.25	6.00	7.73	7.73	8.50	2.36	43.77	14.33
9/12/2018 2:42:24 PM	0.00	0.63	0.66	0.42	0.00	0.00	0.00	0.54	1.71	78.94	13.93	28.87	0	632	297	13	0	0	0	0	942	137.61	5.62	2.17	6.09	7.90	7.79	8.64	2.36	43.68	14.33
9/12/2018 2:42:26 PM	0.00	0.60	0.60	0.49	0.00	0.00	0.00	0.54	1.69	78.93	14.00	28.94	0	597	272	15	0	0	0	0	884	137.58	5.68	2.26	6.06	7.93	7.86	8.73	2.37	43.60	14.29
9/12/2018 2:42:29 PM	0.00	0.65	0.72	0.42	0.00	0.00	0.00	0.54	1.78	78.84	14.11	29.03	0	645	323	13	0	0	0	0	981	137.44	5.79	2.21	6.21	8.01	7.90	8.89	2.38	43.49	14.27
9/12/2018 2:42:31 PM	0.00	0.66	0.88	0.38	0.00	0.00	0.00	0.54	1.92	78.66	14.24	28.94	0	658	394	12	0	0	0	0	1064	137.12	6.13	2.25	6.36	8.21	7.95	9.36	2.40	43.40	14.26
9/12/2018 2:42:33 PM	0.00	0.62	0.82	0.44	0.00	0.00	0.00	0.54	1.87	78.95	14.39	28.76	0	621	367	13	0	0	0	0	1001	137.62	6.13	2.22	6.24	8.21	7.97	9.35	2.41	43.30	14.25
9/12/2018 2:42:36 PM	0.00	0.60	0.75	0.43	0.00	0.00	0.00	0.54	1.79	79.02	14.55	28.70	0	601	338	13	0	0	0	0	952	137.74	5.95	2.16	6.07	8.04	7.81	9.02	2.43	43.21	14.24
9/12/2018 2:42:38 PM	0.00	0.63	0.77	0.43	0.00	0.00	0.00	0.53	1.82	79.11	14.67	28.68	0	628	346	13	0	0	0	0	987	137.90	6.00	2.08	6.16	8.03	7.95	9.01	2.44	43.10	14.24
9/12/2018 2:42:40 PM	0.00	0.60	0.72	0.43	0.00	0.00	0.00	0.55	1.75	79.22	14.79	28.77	0	598	325	13	0	0	0	0	936	138.09	5.87	2.14	6.03	8.12	7.79	9.02	2.45	43.03	14.23
9/12/2018 2:42:43 PM	0.00	0.67	0.81	0.36	0.00	0.00	0.00	0.54	1.84	79.17	14.91	28.79	0	672	364	11	0	0	0	0	1046	138.00	5.92	2.17	6.28	8.13	7.84	9.01	2.46	42.91	14.21
9/12/2018 2:42:45 PM	0.00	0.63	0.84	0.41	0.00	0.00	0.00	0.54	1.87	79.03	15.04	28.77	0	633	376	12	0	0	0	0	1021	137.77	6.04	2.09	6.19	8.23	8.01	9.40	2.47	42.83	14.19
9/12/2018 2:42:48 PM	0.00	0.68	0.91	0.37	0.00	0.00	0.00	0.54	1.95	78.67	15.16	28.89	0	678	407	11	0	0	0	0	1096	137.14	6.11	2.17	6.39	8.28	8.08	9.50	2.49	42.71	14.18
9/12/2018 2:42:50 PM	0.00	0.72	0.81	0.36	0.00	0.00	0.00	0.57	1.89	78.85	15.29	29.06	0	722	364	11	0	0	0	0	1097	137.45	6.04	2.23	6.53	8.43	8.10	9.24	2.50	42.65	14.14
9/12/2018 2:42:52 PM	0.00	0.70	0.87	0.41	0.00	0.00	0.00	0.56	1.98	78.42	15.40	29.10	0	699	390	12	0	0	0	0	1101	136.71	6.31	2.40	6.63	8.54	8.19	9.65	2.51	42.52	14.15
9/12/2018 2:42:55 PM	0.00	0.66	0.78	0.44	0.00	0.00	0.00	0.57	1.89	78.36	15.53	28.96	0	664	353	13	0	0	0	0	1030	136.60	6.12	2.46	6.50	8.50	8.07	9.53	2.52	42.45	14.12
9/12/2018 2:42:57 PM	0.00	0.62	0.69	0.52	0.00	0.00	0.00	0.57	1.82	78.25	15.65	28.72	0	619	310	16	0	0	0	0	945	136.41	6.10	2.53	6.39	8.42	8.03	9.40	2.53	42.35	14.12
9/12/2018 2:42:59 PM	0.00	0.65	0.65	0.54	0.00	0.00	0.00	0.57	1.84	78.32	15.79	28.80	0	649	294	16	0	0	0	0	959	136.53	6.14	2.59	6.56	8.45	8.18	9.35	2.55	42.26	14.10
9/12/2018 2:43:02 PM	0.00	0.65	0.65	0.54	0.00	0.00	0.00	0.57	1.84	78.11	15.95	28.73	0	649	293	16	0	0	0	0	958	136.16	6.16	2.59	6.56	8.42	8.16	9.29	2.56	42.16	14.08
9/12/2018 2:43:04 PM	0.00	0.70	0.80	0.41	0.00	0.00	0.00	0.56	1.91	78.25	16.06	28.59	0	697	360	12	0	0	0	0	1068	136.40	6.08	2.56	6.62	8.43	8.02	9.40	2.57	42.07	14.07
9/12/2018 2:43:07 PM	0.00	0.60	0.62	0.59	0.00	0.00	0.00	0.57	1.81	78.22	16.20	28.57	0	597	279	18	0	0	0	0	894	136.36	6.13	2.65	6.42	8.42	8.12	9.43	2.59	41.99	14.05
9/12/2018 2:43:09 PM	0.00	0.56	0.54	0.66	0.00	0.00	0.00	0.58	1.75	78.04	16.34	28.67	0	555	243	20	0	0	0	0	818	136.04	6.12	2.85	6.38	8.53	8.03	9.48	2.60	41.88	14.05
9/12/2018 2:43:11 PM	0.00	0.64	0.64	0.58	0.00	0.00	0.00	0.58	1.86	78.33	16.48	28.70	0	636	287	17	0	0	0	0	941	136.55	6.23	2.85	6.67	8.55	8.16	9.51	2.62	41.79	14.03
9/12/2018 2:43:14 PM	0.00	0.57	0.47	0.69	0.00	0.00	0.00	0.60	1.73	78.26	16.62	28.65	0	568	213	21	0	0	0	0	801	136.41	6.17	2.87	6.45	8.61	8.11	9.37	2.63	41.69	14.01
9/12/2018 2:43:16 PM	0.00	0.58	0.49	0.69	0.00	0.00	0.00	0.59	1.76	78.62	16.76	28.52	0	576	222	21	0	0	0	0	818	137.05	6.22	2.92	6.53	8.55	8.17	9.41	2.64	41.62	13.99
9/12/2018 2:43:18 PM	0.00	0.53	0.32	0.67	0.00	0.00	0.00	0.58	1.51	79.64	16.95	28.42	0	526	142	20	0	0	0	0	689	138.82	5.66	2.74	6.07	8.10	7.70	8.47	2.66	41.51	13.97
9/12/2018 2:43:21 PM	0.00	0.60	0.41	0.60	0.00	0.00	0.00	0.58	1.61	80.03	17.02	28.44	0	600	186	18	0	0	0	0	804	139.50	5.73	2.73	6.32	8.19	7.85	8.60	2.67	41.43	13.97
9/12/2018 2:43:23 PM	0.00	0.54	0.39	0.60	0.00	0.00	0.00	0.57	1.53	80.14	17.11	28.48	0	541	175	18	0	0	0	0	734	139.70	5.58	2.60	6.00	8.02	7.63	8.44	2.68	41.35	13.95
9/12/2018 2:43:26 PM	0.00	0.54	0.35	0.64	0.00	0.00	0.00	0.57	1.53	80.24	17.23	28.62	0	536	156	19	0	0	0	0	712	139.87	5.67	2.57	6.02	8.08	7.75	8.45	2.69	41.25	13.93
9/12/2018 2:43:28 PM	0.00	0.53	0.33	0.58	0.00	0.00	0.00	0.57	1.44	80.93	17.39	28.59	0	527	150	17	0	0	0	0	695	141.08	5.33	2.43	5.78	7.87	7.48	8.11	2.70	41.16	13.92
9/12/2018 2:43:30 PM	0.00	0.49	0.23	0.60	0.00	0.00	0.00	0.56	1.32	81.50	17.50	28.42	0	493	103	18	0	0	0	0	614	142.07	5.15	2.38	5.58	7.56	7.28	7.58	2.72	41.07	13.90
9/12/2018 2:43:33 PM	0.00	0.50	0.25	0.62	0.00	0.00	0.00	0.56	1.37	81.63	17.61	28.40	0	499	112	19	0	0	0	0	629	142.30	5.27	2.34	5.64	7.67	7.44	7.78	2.73	41.00	13.87
9/12/2018 2:43:35 PM	0.00	0.53	0.31	0.55	0.00	0.00	0.00	0.55	1.39	81.79	17.71	28.49	0	533	138	16	0	0	0	0	688	142.57	5.17	2.32	5.69	7.57	7.36	7.67	2.73	40.91	13.87
9/12/2018 2:43:37 PM	0.00	0.48	0.12	0.64	0.00	0.00	0.00	0.56	1.24	81.94	17.86	28.46	0	476	54	19	0	0	0	0	549	142.83	5.11	2.35	5.50	7.54	7.25	7.30	2.75	40.81	13.87
9/12/2018 2:43:40 PM	0.00	0.53	0.18	0.57	0.00	0.00	0.00	0.56	1.28	82.09	18.05	28.35	0	526	81	17	0	0	0	0	624	143.10	5.10	2.29	5.60	7.48	7.24	7.17	2.77	40.71	13.84
9/12/2018 2:43:42 PM	0.00	0.52	0.24	0.51	0.00	0.00	0.00	0.55	1.27	82.09	18.28	28.28	0	517	108	15	0	0	0	0	639	143.09	4.80	2.26	5.46	7.39	7.08	7.28	2.79	40.65	13.83
9/12/2018 2:43:45 PM	0.00	0.54	0.32	0.47	0.00	0.00	0.00	0.56	1.33	82.07	18.40	28.27	0	535	144	14	0	0	0	0	693	143.06	5.00	2.22	5.54	7.54	7.09	7.46	2.80	40.56	13.81
9/12/2018 2:43:47 PM	0.00	0.53	0.23	0.50	0.00	0.00	0.00	0.58	1.26	82.05	18.42	28.32	0	532	103	15	0	0	0	0	650	143.02	4.82	2.16	5.46	7.61	7.16	7.37	2.81	40.47	13.81
9/12/2018 2:43:49 PM	0.00	0.55	0.31	0.52	0.00	0.00	0.00	0.57	1.38	82.16	18.48	28.36	0	546	139	16	0	0	0	0	702	143.21	5.13	2.31	5.70	7.71	7.34	7.73	2.81	40.39	13.77
9/12/2018 2:43:52 PM	0.00	0.61	0.40	0.43	0.00	0.00	0.00	0.55	1.44	81.92	18.56	28.41	0	611	179	13	0	0	0	0	803	142.80	5.01	2.25	5.83	7.59	7.35	7.64	2.82	40.32	13.76
9/12/2018 2:43:54 PM	0.00	0.51	0.23	0.52	0.00	0.00	0.00	0.56	1.26	82.05	18.68	28.49	0	510	102	16	0	0	0	0	628	143.03	4.83	2.13	5.40	7.45	7.18	7.34	2.83	40.23	13.74
9/12/2018 2:43:56 PM	0.00	0.58	0.35	0.45	0.00	0.00	0.00	0.57	1.38	82.05	18.77	28.51	0	581	159	13	0	0	0	0	754	143.03	4.94	2.23	5.70	7.66	7.29	7.66	2.84	40.14	13.74
9/12/2018 2:43:59 PM	0.00	0.53	0.30	0.49	0.00	0.00	0.00	0.56	1.32	82.11	18.92	28.46	0	532	135	15	0	0	0	0	681	143.13	5.01	2.20	5.53	7.55	7.16	7.46	2.85	40.06	13.70
9/12/2018 2:44:01 PM	0.00	0.52	0.21	0.54	0.00	0.00	0.00	0.56	1.27	82.04	19.01	28.35	0	522	92	16	0	0	0	0	630	143.01	4.90	2.23	5.50	7.46	7.19	7.26	2.86	39.99	13.69
9/12/2018 2:44:04 PM	0.00	0.54	0.22	0.44	0.00	0.00	0.00	0.56	1.21	82.01	19.23	28.26	0	543	100	13	0	0	0	0	657	142.96	4.61	2.03	5.35	7.29	6.99	6.92	2.88	39.88	13.66
9/12/2018 2:44:06 PM	0.00	0.56	0.16	0.47	0.00	0.00	0.00	0.56	1.19	81.91	19.27	28.23	0	555	73	14	0	0	0	0	643	142.78	4.62	2.17	5.46	7.31	6.99	6.78	2.89	39.81	13.68
9/12/2018 2:44:08 PM	0.00	0.56	0.22	0.46	0.00	0.00	0.00	0.55	1.24	81.89	19.43	28.23	0	564	98	14	0	0	0	0	676	142.75	4.66	2.12	5.49	7.30	7.10	6.95	2.90	39.73	13.66
9/12/2018 2:44:11 PM	0.00	0.57	0.17	0.46	0.00	0.00	0.00	0.56	1.21	81.78	19.60	28.21	0	571	78	14	0	0	0	0	663	142.56	4.65	2.18	5.53	7.35	7.05	6.83	2.92	39.65	13.64
9/12/2018 2:44:13 PM	0.00	0.60	0.19	0.41	0.00	0.00	0.00	0.57	1.19	80.93	19.74	28.20	0	596	85	12	0	0	0	0	693	141.08	4.50	2.14	5.53	7.33	6.97	6.72	2.93	39.57	13.63
9/12/2018 2:44:15 PM	0.00	0.59	0.17	0.43	0.00	0.00	0.00	0.58	1.19	80.53	19.85	28.18	0	591	76	13	0	0	0	0	679	140.37	4.48	2.04	5.48	7.42	7.14	6.87	2.94	39.49	13.61
9/12/2018 2:44:18 PM	0.00	0.73	0.71	0.40	0.00	0.00	0.00	0.60	1.84	77.65	20.07	28.16	0	733	319	12	0	0	0	0	1064	135.36	6.02	2.51	6.68	8.67	8.03	9.20	2.97	39.42	13.60
9/12/2018 2:44:20 PM	0.00	0.78	0.89	0.33	0.00	0.00	0.00	0.61	2.00	76.94	20.24	28.17	0	780	399	10	0	0	0	0	1189	134.12	6.28	2.52	6.91	9.03	8.21	9.85	2.98	39.35	13.58
9/12/2018 2:44:23 PM	0.00	0.87	1.27	0.24	0.00	0.00	0.00	0.62	2.37	76.00	20.43	28.20	0	866	570	7	0	0	0	0	1444	132.48	6.98	2.63	7.46	9.70	8.63	11.25	3.00	39.27	13.57
9/12/2018 2:44:25 PM	0.00	0.83	1.41	0.30	0.00	0.00	0.00	0.62	2.54	75.44	20.56	28.19	0	826	636	9	0	0	0	0	1472	131.51	7.56	2.73	7.58	10.01	8.85	12.10	3.01	39.18	13.55
9/12/2018 2:44:27 PM	0.00	0.83	1.56	0.30	0.00	0.00	0.00	0.64	2.70	74.80	20.74	28.15	0	833	703	9	0	0	0	0	1546	130.40	7.91	2.75	7.74	10.49	9.12	12.98	3.03	39.11	13.53
9/12/2018 2:44:30 PM	0.00	0.87	1.51	0.21	0.00	0.00	0.00	0.64	2.59	75.09	20.92	28.07	0	871	678	6	0	0	0	0	1555	130.90	7.57	2.63	7.65	10.26	8.85	12.31	3.05	39.03	13.51
9/12/2018 2:44:32 PM	0.00	0.88	1.59	0.24	0.00	0.00	0.00	0.64	2.70	74.76	21.04	28.01	0	875	714	7	0	0	0	0	1596	130.32	7.87	2.68	7.80	10.47	9.09	12.80	3.06	38.96	13.51
9/12/2018 2:44:34 PM	0.00	0.87	1.46	0.25	0.00	0.00	0.00	0.64	2.58	74.55	21.16	28.00	0	865	657	8	0	0	0	0	1529	129.97	7.51	2.57	7.63	10.16	9.00	12.26	3.07	38.89	13.51
9/12/2018 2:44:37 PM	0.00	0.91	1.49	0.19	0.00	0.00	0.00	0.63	2.60	72.85	21.41	27.99	0	913	672	6	0	0	0	0	1591	127.00	7.49	2.68	7.79	10.15	8.91	12.12	3.10	38.80	13.47
