Date/Time	Green Algae	Bluegreen	Diatoms	Cryptophyta	#5	#6	#7	Yellow substances	Total conc.	Transmission	Depth	Temp. Sample	Green Algae	Bluegreen	Diatoms	Cryptophyta	#5	#6	#7	Yellow substances	Total cell count	Trans. 700 nm	LED 3 [525 nm]	LED 4 [570 nm]	LED 5 [610 nm]	LED 6 [370 nm]	LED 7 [590 nm]	LED 8 [470 nm]	Pressure	Temp. LEDs	Temp. Sensor
date	µg/l	µg/l	µg/l	µg/l	µg/l	µg/l	µg/l	r.u.	µg/l	%	m	°C	cells/ml	cells/ml	cells/ml	cells/ml	cells/ml	cells/ml	cells/ml	r.u.	cells/ml	digits	digits	digits	digits	digits	digits	digits	bar	°C	°C
7/25/2018 11:22:41 AM	1.63	0.00	1.30	0.55	0.00	0.00	0.00	0.08	3.48	85.51	0.32	53.11	863	0	585	17	0	0	0	0	1465	149.05	6.17	1.30	2.76	5.96	9.25	14.04	1.03	45.99	14.39
7/25/2018 11:22:43 AM	1.39	0.41	0.78	0.53	0.00	0.00	0.00	0.36	3.12	85.31	0.64	53.31	739	412	349	16	0	0	0	0	1517	148.70	6.00	2.03	6.38	8.13	8.83	12.83	1.06	46.02	14.43
7/25/2018 11:22:45 AM	0.26	0.29	1.80	0.93	0.00	0.00	0.00	0.29	3.28	86.41	0.88	53.13	139	290	810	28	0	0	0	0	1267	150.62	8.80	2.32	6.65	8.24	10.25	14.92	1.09	46.10	14.41
7/25/2018 11:22:48 AM	1.78	0.29	1.24	0.64	0.00	0.00	0.00	0.18	3.95	86.17	1.02	53.08	946	288	559	19	0	0	0	0	1812	150.21	7.12	2.18	6.75	7.76	9.50	15.14	1.10	46.16	14.40
7/25/2018 11:22:50 AM	1.79	0.24	1.19	0.62	0.00	0.00	0.00	0.42	3.83	86.24	1.20	53.04	947	239	533	19	0	0	0	0	1738	150.32	7.57	1.58	6.31	10.10	9.66	16.77	1.12	46.21	14.43
7/25/2018 11:22:53 AM	1.61	0.43	1.80	0.12	0.00	0.00	0.00	0.35	3.96	86.60	1.31	52.99	854	427	810	4	0	0	0	0	2094	150.94	7.30	1.73	6.61	9.41	8.68	16.18	1.13	46.28	14.43
7/25/2018 11:22:55 AM	3.50	0.55	1.56	0.00	0.00	0.00	0.00	0.04	5.62	86.92	1.44	52.96	1856	553	704	0	0	0	0	0	3113	151.51	6.74	2.94	9.05	8.43	8.67	18.23	1.14	46.29	14.45
7/25/2018 11:22:57 AM	2.54	0.61	1.63	0.00	0.00	0.00	0.00	0.22	4.78	86.91	1.56	52.91	1346	608	733	0	0	0	0	0	2686	151.48	6.80	3.51	8.78	9.10	8.03	16.91	1.15	46.33	14.46
7/25/2018 11:23:00 AM	2.11	0.46	2.48	0.00	0.00	0.00	0.00	0.18	5.05	86.86	1.73	52.89	1116	462	1117	0	0	0	0	0	2695	151.41	8.42	2.37	7.76	9.42	9.07	18.92	1.17	46.41	14.45
7/25/2018 11:23:02 AM	2.18	0.46	2.31	0.00	0.00	0.00	0.00	0.20	4.95	86.31	1.89	52.86	1154	459	1041	0	0	0	0	0	2655	150.44	8.15	1.64	7.34	9.43	9.38	18.58	1.19	46.44	14.46
7/25/2018 11:23:04 AM	3.12	0.48	1.58	0.08	0.00	0.00	0.00	0.20	5.27	86.23	1.99	52.82	1655	484	711	3	0	0	0	0	2851	150.31	7.20	2.00	7.83	9.66	9.61	18.73	1.19	46.50	14.46
7/25/2018 11:23:07 AM	2.61	0.59	1.69	0.24	0.00	0.00	0.00	0.22	5.14	86.32	2.08	52.84	1385	592	760	7	0	0	0	0	2744	150.47	7.77	2.97	8.65	9.73	10.01	18.50	1.20	46.54	14.46
7/25/2018 11:23:09 AM	2.36	0.44	2.04	0.17	0.00	0.00	0.00	0.20	5.01	86.35	2.19	52.80	1249	443	919	5	0	0	0	0	2615	150.52	8.01	2.99	7.99	9.44	9.13	18.62	1.22	46.59	14.48
7/25/2018 11:23:12 AM	1.84	0.56	2.22	0.00	0.00	0.00	0.00	0.27	4.62	85.88	2.44	52.79	975	565	999	0	0	0	0	0	2539	149.69	7.97	1.92	7.67	9.52	9.23	17.63	1.24	46.63	14.51
7/25/2018 11:23:14 AM	2.01	0.32	2.08	0.47	0.00	0.00	0.00	0.27	4.89	86.69	2.59	52.77	1064	324	937	14	0	0	0	0	2339	151.12	9.02	2.21	7.52	10.17	10.27	19.55	1.25	46.67	14.48
7/25/2018 11:23:16 AM	1.75	0.62	2.81	0.00	0.00	0.00	0.00	0.22	5.17	86.61	2.66	52.76	926	619	1263	0	0	0	0	0	2809	150.97	9.24	2.35	8.64	9.92	9.70	19.52	1.26	46.73	14.50
7/25/2018 11:23:19 AM	2.15	0.00	1.86	0.78	0.00	0.00	0.00	0.19	4.79	86.57	2.87	52.75	1141	0	836	23	0	0	0	0	2000	150.91	9.01	2.94	6.84	9.51	9.57	19.68	1.28	46.79	14.52
7/25/2018 11:23:21 AM	3.48	0.08	1.30	0.56	0.00	0.00	0.00	0.13	5.42	86.69	3.08	52.72	1845	78	584	17	0	0	0	0	2523	151.11	7.74	1.73	6.91	9.47	10.01	20.02	1.30	46.81	14.49
7/25/2018 11:23:23 AM	1.98	0.54	2.54	0.13	0.00	0.00	0.00	0.23	5.20	86.59	3.17	52.71	1052	540	1144	4	0	0	0	0	2739	150.93	9.10	2.36	8.21	10.12	10.13	19.78	1.31	46.87	14.54
7/25/2018 11:23:26 AM	2.87	0.35	1.46	0.46	0.00	0.00	0.00	0.29	5.13	86.65	3.45	52.70	1522	347	655	14	0	0	0	0	2539	151.04	8.02	2.79	7.97	10.56	9.96	19.70	1.34	46.91	14.50
7/25/2018 11:23:28 AM	2.33	0.43	2.36	0.10	0.00	0.00	0.00	0.16	5.23	86.29	3.58	52.69	1237	435	1062	3	0	0	0	0	2737	150.41	8.50	1.99	7.67	9.41	9.71	19.33	1.35	46.94	14.52
7/25/2018 11:23:31 AM	2.52	0.46	2.35	0.00	0.00	0.00	0.00	0.21	5.33	86.96	3.73	52.67	1333	464	1059	0	0	0	0	0	2855	151.58	8.46	1.63	7.73	9.99	9.70	19.84	1.37	46.98	14.54
7/25/2018 11:23:33 AM	1.89	0.47	2.32	0.29	0.00	0.00	0.00	0.20	4.97	86.29	3.93	52.66	1001	474	1043	9	0	0	0	0	2526	150.42	8.90	2.11	7.85	9.54	10.32	18.95	1.38	47.05	14.54
7/25/2018 11:23:35 AM	1.98	0.58	2.29	0.11	0.00	0.00	0.00	0.29	4.96	86.68	4.10	52.63	1048	578	1033	3	0	0	0	0	2662	151.08	8.60	2.60	8.24	10.26	9.80	19.05	1.40	47.07	14.56
7/25/2018 11:23:38 AM	2.57	0.39	1.85	0.32	0.00	0.00	0.00	0.24	5.13	86.52	4.26	52.61	1363	388	833	9	0	0	0	0	2594	150.81	8.26	2.38	7.81	10.04	9.92	19.44	1.42	47.11	14.57
7/25/2018 11:23:40 AM	2.51	0.54	2.27	0.00	0.00	0.00	0.00	0.17	5.32	86.10	4.41	52.55	1330	535	1022	0	0	0	0	0	2887	150.09	8.19	2.09	8.02	9.53	9.74	19.20	1.43	47.16	14.58
7/25/2018 11:23:42 AM	1.99	0.52	2.33	0.14	0.00	0.00	0.00	0.24	4.97	86.07	4.51	52.50	1053	521	1047	4	0	0	0	0	2625	150.04	8.60	2.57	8.06	9.83	9.69	18.93	1.44	47.18	14.58
7/25/2018 11:23:45 AM	2.82	0.20	1.29	0.78	0.00	0.00	0.00	0.20	5.09	86.43	4.59	52.41	1496	198	582	23	0	0	0	0	2298	150.65	8.27	2.57	7.64	9.70	10.57	19.44	1.45	47.23	14.58
7/25/2018 11:23:47 AM	1.94	0.24	1.89	1.23	0.00	0.00	0.00	0.46	5.30	86.16	4.81	51.38	1030	243	849	37	0	0	0	0	2159	150.18	11.31	3.71	8.97	13.03	12.46	23.37	1.47	47.27	14.59
7/25/2018 11:23:50 AM	1.07	0.51	3.00	1.02	0.00	0.00	0.00	0.59	5.60	86.34	4.94	50.34	567	510	1351	31	0	0	0	0	2460	150.50	13.40	3.67	9.99	14.88	13.55	25.71	1.48	47.32	14.59
7/25/2018 11:23:52 AM	0.94	0.59	3.00	0.96	0.00	0.00	0.00	0.62	5.48	86.24	5.02	50.33	496	590	1348	29	0	0	0	0	2463	150.32	13.20	4.19	10.31	14.93	13.20	25.22	1.49	47.36	14.60
7/25/2018 11:23:54 AM	0.85	0.56	3.12	0.89	0.00	0.00	0.00	0.66	5.42	86.23	5.09	50.41	452	561	1403	27	0	0	0	0	2443	150.31	13.30	4.06	10.07	15.23	12.94	25.46	1.50	47.37	14.60
7/25/2018 11:23:57 AM	1.03	0.49	2.99	1.10	0.00	0.00	0.00	0.64	5.61	86.24	5.17	49.69	544	493	1345	33	0	0	0	0	2414	150.32	13.67	4.27	10.27	15.44	13.48	26.25	1.51	47.43	14.61
7/25/2018 11:23:59 AM	0.65	0.45	3.23	1.21	0.00	0.00	0.00	0.63	5.53	86.11	5.30	48.71	342	446	1452	36	0	0	0	0	2276	150.10	14.29	4.42	10.23	15.32	13.66	26.44	1.52	47.45	14.62
7/25/2018 11:24:01 AM	0.26	0.64	3.42	1.09	0.00	0.00	0.00	0.80	5.41	85.88	5.49	47.22	139	641	1538	33	0	0	0	0	2351	149.69	14.74	4.82	10.90	16.84	13.81	26.99	1.54	47.47	14.62
7/25/2018 11:24:04 AM	0.00	0.42	3.68	1.56	0.00	0.00	0.00	0.81	5.67	86.13	5.64	45.83	0	424	1656	47	0	0	0	0	2127	150.13	16.52	5.71	11.21	17.62	14.62	29.32	1.55	47.52	14.63
7/25/2018 11:24:06 AM	0.00	0.50	3.93	1.41	0.00	0.00	0.00	0.83	5.85	85.93	5.71	45.46	0	503	1770	42	0	0	0	0	2315	149.78	17.09	5.05	11.27	18.13	14.92	29.83	1.56	47.56	14.63
7/25/2018 11:24:09 AM	0.00	0.55	3.92	1.44	0.00	0.00	0.00	0.83	5.92	85.67	5.78	45.20	0	552	1764	43	0	0	0	0	2359	149.34	16.97	5.28	11.57	18.20	15.24	30.09	1.57	47.56	14.64
7/25/2018 11:24:11 AM	0.00	0.50	4.30	1.38	0.00	0.00	0.00	0.78	6.18	86.06	5.87	44.63	0	500	1935	41	0	0	0	0	2476	150.00	17.49	5.39	11.58	18.15	15.08	31.03	1.58	47.57	14.64
7/25/2018 11:24:13 AM	0.00	0.47	4.75	1.50	0.00	0.00	0.00	0.80	6.72	85.68	5.90	43.92	0	475	2135	45	0	0	0	0	2655	149.35	19.18	5.61	12.20	19.34	15.95	33.55	1.58	47.59	14.65
7/25/2018 11:24:16 AM	0.00	0.48	4.95	1.53	0.00	0.00	0.00	0.84	6.95	85.87	5.91	44.40	0	477	2228	46	0	0	0	0	2751	149.68	19.96	6.09	12.64	20.17	16.06	34.81	1.58	47.62	14.66
7/25/2018 11:24:18 AM	0.00	0.27	4.54	1.92	0.00	0.00	0.00	0.85	6.73	85.77	5.94	44.52	0	273	2041	58	0	0	0	0	2371	149.51	19.79	6.35	12.22	20.07	16.40	34.93	1.58	47.64	14.65
7/25/2018 11:24:20 AM	0.00	0.31	5.55	1.77	0.00	0.00	0.00	0.84	7.64	85.40	6.00	43.75	0	309	2500	53	0	0	0	0	2862	148.86	21.77	6.45	12.99	21.49	17.16	38.71	1.59	47.65	14.65
7/25/2018 11:24:23 AM	0.00	0.32	5.51	1.86	0.00	0.00	0.00	0.85	7.69	85.58	6.05	42.50	0	321	2480	56	0	0	0	0	2857	149.17	21.98	6.31	13.10	21.66	17.67	38.98	1.59	47.65	14.67
7/25/2018 11:24:25 AM	0.02	0.38	5.97	1.69	0.00	0.00	0.00	0.84	8.07	85.25	6.07	41.40	12	380	2688	51	0	0	0	0	3131	148.59	22.49	6.78	13.63	22.14	17.54	40.36	1.59	47.68	14.67
7/25/2018 11:24:28 AM	0.00	0.48	6.32	1.52	0.00	0.00	0.00	0.85	8.32	85.33	6.08	41.81	0	482	2844	45	0	0	0	0	3372	148.73	23.09	6.58	13.96	22.57	17.66	40.97	1.60	47.69	14.68
7/25/2018 11:24:30 AM	0.25	0.18	5.78	1.95	0.00	0.00	0.00	0.79	8.15	85.39	6.11	42.19	131	179	2600	58	0	0	0	0	2969	148.85	22.66	6.83	13.26	21.90	17.67	40.86	1.60	47.70	14.69
7/25/2018 11:24:32 AM	0.00	0.34	6.03	1.77	0.00	0.00	0.00	0.85	8.14	85.16	6.20	40.64	0	344	2713	53	0	0	0	0	3109	148.44	23.13	6.72	13.67	22.43	17.73	40.74	1.61	47.71	14.69
7/25/2018 11:24:35 AM	0.00	0.14	6.32	2.03	0.00	0.00	0.00	0.85	8.48	85.03	6.25	39.16	0	138	2842	61	0	0	0	0	3041	148.22	24.68	7.16	13.72	23.34	18.04	42.99	1.61	47.71	14.69
7/25/2018 11:24:37 AM	0.00	0.16	6.27	2.09	0.00	0.00	0.00	0.86	8.52	85.11	6.32	38.46	0	165	2820	63	0	0	0	0	3047	148.35	24.57	7.14	13.86	23.37	18.49	43.22	1.62	47.70	14.70
7/25/2018 11:24:39 AM	0.00	0.00	6.09	2.39	0.00	0.00	0.00	0.81	8.48	85.12	6.45	37.64	0	0	2739	72	0	0	0	0	2811	148.37	25.12	7.32	13.47	23.05	18.77	43.22	1.63	47.71	14.68
7/25/2018 11:24:42 AM	0.00	0.08	5.92	2.42	0.00	0.00	0.00	0.77	8.41	85.03	6.50	37.40	0	78	2664	73	0	0	0	0	2814	148.21	25.09	7.31	13.93	22.55	18.78	42.06	1.64	47.70	14.71
7/25/2018 11:24:44 AM	0.00	0.00	5.88	2.50	0.00	0.00	0.00	0.79	8.37	84.97	6.56	37.31	0	0	2645	75	0	0	0	0	2719	148.11	25.15	7.62	13.53	22.64	18.72	42.36	1.64	47.70	14.71
7/25/2018 11:24:47 AM	0.00	0.02	5.54	2.62	0.00	0.00	0.00	0.79	8.17	85.14	6.63	36.01	0	19	2492	78	0	0	0	0	2590	148.40	25.04	7.71	13.92	22.41	18.62	41.20	1.65	47.69	14.71
7/25/2018 11:24:49 AM	0.00	0.00	5.35	2.81	0.00	0.00	0.00	0.74	8.16	84.81	6.72	34.38	0	0	2408	84	0	0	0	0	2492	147.84	25.65	7.97	13.74	21.95	19.01	40.49	1.66	47.69	14.70
7/25/2018 11:24:51 AM	0.00	0.00	4.95	2.99	0.00	0.00	0.00	0.73	7.94	84.84	6.80	33.99	0	0	2228	90	0	0	0	0	2317	147.89	25.83	8.37	13.79	21.59	18.97	39.11	1.67	47.67	14.71
7/25/2018 11:24:54 AM	0.00	0.00	4.58	3.14	0.00	0.00	0.00	0.67	7.72	84.62	6.86	34.12	0	0	2061	94	0	0	0	0	2155	147.51	25.69	8.30	14.15	20.75	18.83	37.37	1.67	47.65	14.74
7/25/2018 11:24:56 AM	0.00	0.00	4.29	3.24	0.00	0.00	0.00	0.66	7.53	84.59	6.90	34.29	0	0	1932	97	0	0	0	0	2029	147.46	25.87	8.52	13.64	20.40	18.91	36.23	1.68	47.64	14.72
7/25/2018 11:24:59 AM	0.00	0.00	4.03	3.30	0.00	0.00	0.00	0.63	7.33	84.62	6.94	34.12	0	0	1815	99	0	0	0	0	1914	147.49	25.59	8.88	13.55	19.85	18.63	35.04	1.68	47.62	14.75
7/25/2018 11:25:01 AM	0.00	0.00	4.03	3.41	0.00	0.00	0.00	0.63	7.44	84.93	6.95	33.88	0	0	1813	102	0	0	0	0	1915	148.05	25.98	8.86	13.98	20.06	19.03	35.46	1.68	47.58	14.73
7/25/2018 11:25:03 AM	0.00	0.00	4.25	3.26	0.00	0.00	0.00	0.61	7.51	84.68	6.99	34.64	0	0	1912	98	0	0	0	0	2010	147.60	25.84	9.24	13.50	19.83	18.67	35.67	1.68	47.56	14.71
7/25/2018 11:25:06 AM	0.00	0.00	3.98	3.24	0.00	0.00	0.00	0.57	7.22	84.37	7.05	34.79	0	0	1791	97	0	0	0	0	1889	147.07	25.40	8.68	13.03	19.01	18.40	33.91	1.69	47.54	14.72
7/25/2018 11:25:08 AM	0.00	0.00	3.69	3.60	0.00	0.00	0.00	0.51	7.29	84.61	7.20	33.10	0	0	1660	108	0	0	0	0	1769	147.49	26.32	9.52	13.50	18.63	19.12	33.38	1.71	47.51	14.70
7/25/2018 11:25:10 AM	0.00	0.00	4.03	3.77	0.00	0.00	0.00	0.41	7.80	84.38	7.26	31.75	0	0	1815	113	0	0	0	0	1928	147.09	28.14	9.98	14.03	18.68	19.95	34.51	1.71	47.47	14.73
7/25/2018 11:25:13 AM	0.00	0.00	4.01	3.73	0.00	0.00	0.00	0.41	7.74	84.46	7.33	32.05	0	0	1803	112	0	0	0	0	1915	147.22	27.75	9.87	14.17	18.51	19.68	34.24	1.72	47.44	14.71
7/25/2018 11:25:15 AM	0.00	0.00	4.31	3.33	0.00	0.00	0.00	0.43	7.64	84.73	7.43	31.96	0	0	1941	100	0	0	0	0	2041	147.70	26.89	9.29	13.19	18.45	18.78	34.26	1.73	47.42	14.72
7/25/2018 11:25:18 AM	0.00	0.00	4.10	3.42	0.00	0.00	0.00	0.49	7.52	84.74	7.48	31.95	0	0	1845	102	0	0	0	0	1948	147.71	26.70	9.20	13.40	18.79	18.93	34.17	1.73	47.38	14.73
7/25/2018 11:25:20 AM	0.00	0.00	4.15	3.26	0.00	0.00	0.00	0.46	7.42	84.71	7.59	31.89	0	0	1870	98	0	0	0	0	1968	147.65	25.96	8.75	13.26	18.29	18.47	33.66	1.74	47.32	14.71
7/25/2018 11:25:22 AM	0.00	0.00	4.13	3.10	0.00	0.00	0.00	0.45	7.24	84.81	7.68	31.72	0	0	1859	93	0	0	0	0	1952	147.83	25.14	8.57	12.69	17.83	17.94	32.97	1.75	47.29	14.71
7/25/2018 11:25:25 AM	0.00	0.00	3.92	2.94	0.00	0.00	0.00	0.46	6.86	84.67	7.77	31.72	0	0	1764	88	0	0	0	0	1853	147.59	24.05	8.09	12.12	17.31	17.17	31.49	1.76	47.25	14.71
7/25/2018 11:25:27 AM	0.00	0.00	3.59	2.75	0.00	0.00	0.00	0.47	6.33	84.71	7.86	31.26	0	0	1614	82	0	0	0	0	1696	147.66	22.28	7.48	11.66	16.46	16.05	29.39	1.77	47.20	14.73
7/25/2018 11:25:29 AM	0.00	0.00	2.81	2.21	0.00	0.00	0.00	0.50	5.02	83.91	7.90	30.61	0	0	1264	66	0	0	0	0	1330	146.26	17.67	5.98	9.77	14.24	13.52	24.42	1.77	47.13	14.72
7/25/2018 11:25:32 AM	0.00	0.00	2.58	2.16	0.00	0.00	0.00	0.51	4.74	83.62	7.96	30.75	0	0	1162	65	0	0	0	0	1227	145.76	16.80	5.97	9.42	13.85	13.08	23.42	1.78	47.10	14.73
7/25/2018 11:25:34 AM	0.00	0.00	2.48	1.96	0.00	0.00	0.00	0.50	4.44	83.43	8.04	30.89	0	0	1115	59	0	0	0	0	1174	145.42	15.79	5.39	8.79	13.21	12.32	22.06	1.79	47.03	14.71
7/25/2018 11:25:37 AM	0.00	0.00	1.84	1.79	0.00	0.00	0.00	0.50	3.64	83.20	8.32	29.80	0	0	830	54	0	0	0	0	883	145.03	13.60	4.68	7.88	11.75	11.03	18.54	1.82	46.98	14.72
7/25/2018 11:25:39 AM	0.00	0.00	1.49	1.66	0.00	0.00	0.00	0.53	3.15	83.14	8.57	29.17	0	0	671	50	0	0	0	0	720	144.92	12.12	4.21	7.30	11.15	10.25	16.78	1.84	46.92	14.71
7/25/2018 11:25:41 AM	0.00	0.00	1.30	1.63	0.00	0.00	0.00	0.52	2.93	83.04	8.87	29.00	0	0	587	49	0	0	0	0	636	144.75	11.52	3.95	6.89	10.72	10.04	15.83	1.87	46.86	14.72
7/25/2018 11:25:44 AM	0.00	0.00	1.38	1.58	0.00	0.00	0.00	0.52	2.96	82.99	8.98	28.88	0	0	623	47	0	0	0	0	671	144.67	11.54	4.08	6.96	10.69	9.81	15.89	1.88	46.79	14.67
7/25/2018 11:25:46 AM	0.00	0.01	1.54	1.59	0.00	0.00	0.00	0.50	3.15	83.01	9.14	28.95	0	10	695	48	0	0	0	0	752	144.70	11.93	4.07	7.26	10.84	10.08	16.51	1.90	46.72	14.70
7/25/2018 11:25:48 AM	0.00	0.00	1.29	1.68	0.00	0.00	0.00	0.51	2.97	82.91	9.25	29.11	0	0	580	50	0	0	0	0	631	144.52	11.67	4.21	7.18	10.65	10.03	15.80	1.91	46.66	14.69
7/25/2018 11:25:51 AM	0.00	0.07	1.29	1.60	0.00	0.00	0.00	0.51	2.96	82.94	9.31	29.45	0	65	579	48	0	0	0	0	692	144.57	11.45	4.07	7.30	10.63	10.06	15.57	1.91	46.60	14.69
7/25/2018 11:25:53 AM	0.00	0.00	1.37	1.63	0.00	0.00	0.00	0.51	3.00	82.70	9.42	29.39	0	2	618	49	0	0	0	0	669	144.15	11.57	4.10	7.15	10.67	9.98	16.01	1.92	46.54	14.69
7/25/2018 11:25:56 AM	0.00	0.00	1.30	1.55	0.00	0.00	0.00	0.53	2.85	82.52	9.53	29.22	0	0	585	46	0	0	0	0	631	143.84	11.28	3.95	6.73	10.63	9.65	15.48	1.93	46.45	14.69
7/25/2018 11:25:58 AM	0.00	0.04	1.33	1.51	0.00	0.00	0.00	0.50	2.87	82.28	9.65	29.15	0	36	597	45	0	0	0	0	678	143.42	11.02	3.92	6.95	10.36	9.63	15.30	1.95	46.39	14.65
7/25/2018 11:26:00 AM	0.00	0.01	1.31	1.46	0.00	0.00	0.00	0.53	2.78	82.04	9.76	29.01	0	7	590	44	0	0	0	0	641	143.01	10.76	3.70	6.64	10.45	9.46	15.30	1.96	46.32	14.65
7/25/2018 11:26:03 AM	0.00	0.04	1.24	1.46	0.00	0.00	0.00	0.51	2.75	81.50	9.84	29.00	0	43	560	44	0	0	0	0	646	142.06	10.67	3.72	6.75	10.18	9.47	14.79	1.96	46.22	14.66
7/25/2018 11:26:05 AM	0.00	0.08	1.33	1.36	0.00	0.00	0.00	0.52	2.77	81.53	9.92	29.19	0	82	597	41	0	0	0	0	720	142.11	10.44	3.72	6.78	10.28	9.38	14.96	1.97	46.15	14.63
7/25/2018 11:26:07 AM	0.00	0.13	1.38	1.27	0.00	0.00	0.00	0.52	2.77	81.35	10.05	29.18	0	126	620	38	0	0	0	0	784	141.80	10.36	3.66	6.83	10.27	9.24	14.78	1.98	46.08	14.64
7/25/2018 11:26:10 AM	0.00	0.14	1.24	1.19	0.00	0.00	0.00	0.54	2.57	81.20	10.18	29.04	0	138	560	36	0	0	0	0	733	141.55	9.58	3.35	6.45	9.97	9.00	14.07	2.00	45.99	14.63
7/25/2018 11:26:12 AM	0.00	0.12	1.02	1.08	0.00	0.00	0.00	0.53	2.22	81.37	10.37	28.74	0	116	461	32	0	0	0	0	609	141.84	8.58	3.08	5.86	9.34	8.27	12.66	2.02	45.91	14.62
7/25/2018 11:26:15 AM	0.00	0.12	0.85	1.11	0.00	0.00	0.00	0.53	2.08	82.47	10.54	28.37	0	118	384	33	0	0	0	0	536	143.76	8.45	3.07	5.81	9.08	8.14	11.89	2.03	45.83	14.63
7/25/2018 11:26:17 AM	0.00	0.12	0.82	1.08	0.00	0.00	0.00	0.54	2.02	82.93	10.67	28.09	0	123	370	32	0	0	0	0	525	144.55	8.16	2.95	5.68	9.03	8.08	11.75	2.05	45.76	14.59
7/25/2018 11:26:19 AM	0.00	0.15	0.86	1.05	0.00	0.00	0.00	0.53	2.05	83.01	10.79	28.39	0	145	386	31	0	0	0	0	563	144.69	8.16	2.90	5.73	8.99	8.13	11.74	2.06	45.69	14.57
7/25/2018 11:26:22 AM	0.00	0.13	0.76	1.01	0.00	0.00	0.00	0.54	1.91	83.02	10.96	28.86	0	134	344	30	0	0	0	0	509	144.71	7.73	2.82	5.50	8.84	7.85	11.30	2.07	45.60	14.60
7/25/2018 11:26:24 AM	0.00	0.17	0.78	0.97	0.00	0.00	0.00	0.52	1.93	83.44	11.21	28.39	0	172	353	29	0	0	0	0	554	145.44	7.63	2.78	5.58	8.66	7.91	11.12	2.10	45.51	14.57
7/25/2018 11:26:26 AM	0.00	0.15	0.79	0.93	0.00	0.00	0.00	0.53	1.88	83.59	11.35	27.95	0	153	354	28	0	0	0	0	536	145.71	7.55	2.75	5.43	8.64	7.64	10.96	2.11	45.42	14.58
7/25/2018 11:26:29 AM	0.00	0.18	0.87	0.94	0.00	0.00	0.00	0.55	1.99	83.51	11.50	27.98	0	178	390	28	0	0	0	0	596	145.56	7.56	2.74	5.57	8.96	8.02	11.68	2.13	45.35	14.57
7/25/2018 11:26:31 AM	0.00	0.31	0.82	0.79	0.00	0.00	0.00	0.56	1.92	83.60	11.68	27.83	0	313	370	24	0	0	0	0	706	145.72	7.15	2.61	5.77	8.83	7.93	10.90	2.14	45.25	14.56
7/25/2018 11:26:34 AM	0.00	0.28	0.98	0.78	0.00	0.00	0.00	0.55	2.04	83.56	11.76	27.82	0	284	440	23	0	0	0	0	747	145.66	7.31	2.63	5.75	8.95	7.98	11.55	2.15	45.15	14.52
7/25/2018 11:26:36 AM	0.00	0.28	0.96	0.83	0.00	0.00	0.00	0.55	2.06	83.53	11.89	27.94	0	276	432	25	0	0	0	0	733	145.61	7.53	2.74	5.85	9.02	8.06	11.62	2.17	45.05	14.51
7/25/2018 11:26:38 AM	0.00	0.29	1.03	0.79	0.00	0.00	0.00	0.55	2.11	83.55	11.93	28.03	0	294	462	24	0	0	0	0	780	145.63	7.54	2.71	5.89	9.05	8.09	11.76	2.17	44.96	14.50
7/25/2018 11:26:41 AM	0.00	0.24	1.06	0.80	0.00	0.00	0.00	0.55	2.10	83.68	11.98	28.52	0	245	475	24	0	0	0	0	744	145.87	7.47	2.61	5.67	9.05	8.04	11.99	2.17	44.85	14.50
7/25/2018 11:26:43 AM	0.00	0.30	1.12	0.81	0.00	0.00	0.00	0.54	2.22	83.62	12.06	29.03	0	297	502	24	0	0	0	0	823	145.75	7.77	2.81	6.05	9.19	8.26	12.24	2.18	44.78	14.49
7/25/2018 11:26:45 AM	0.00	0.28	1.08	0.89	0.00	0.00	0.00	0.55	2.25	83.67	12.17	28.79	0	282	484	27	0	0	0	0	793	145.84	8.06	2.88	6.15	9.34	8.47	12.41	2.19	44.68	14.49
7/25/2018 11:26:48 AM	0.00	0.23	0.92	0.97	0.00	0.00	0.00	0.55	2.11	83.65	12.25	28.39	0	231	412	29	0	0	0	0	672	145.82	7.89	2.95	5.97	9.15	8.30	11.97	2.20	44.61	14.48
7/25/2018 11:26:50 AM	0.00	0.26	0.98	0.86	0.00	0.00	0.00	0.55	2.10	83.58	12.35	28.16	0	258	440	26	0	0	0	0	724	145.69	7.68	2.81	5.89	9.09	8.13	11.85	2.21	44.51	14.43
7/25/2018 11:26:53 AM	0.00	0.28	1.03	0.78	0.00	0.00	0.00	0.55	2.08	82.88	12.47	27.78	0	280	463	23	0	0	0	0	766	144.48	7.37	2.66	5.78	9.03	8.03	11.81	2.22	44.41	14.45
7/25/2018 11:26:55 AM	0.00	0.31	1.25	0.71	0.00	0.00	0.00	0.56	2.27	81.61	12.64	27.50	0	311	562	21	0	0	0	0	894	142.26	7.66	2.72	5.98	9.36	8.14	12.58	2.24	44.32	14.43
7/25/2018 11:26:57 AM	0.00	0.32	1.17	0.69	0.00	0.00	0.00	0.55	2.18	81.58	12.84	27.51	0	322	525	21	0	0	0	0	867	142.21	7.39	2.63	5.88	9.08	8.04	12.06	2.26	44.21	14.41
7/25/2018 11:27:00 AM	0.00	0.28	1.11	0.70	0.00	0.00	0.00	0.56	2.09	81.60	12.98	27.56	0	284	499	21	0	0	0	0	804	142.24	7.21	2.52	5.65	9.06	7.93	11.95	2.27	44.12	14.41
7/25/2018 11:27:02 AM	0.00	0.43	1.27	0.50	0.00	0.00	0.00	0.56	2.20	81.14	13.13	27.67	0	429	574	15	0	0	0	0	1018	141.45	7.05	2.45	5.99	9.16	7.95	11.95	2.29	44.02	14.39
7/25/2018 11:27:04 AM	0.00	0.38	1.24	0.59	0.00	0.00	0.00	0.55	2.21	80.17	13.27	27.60	0	377	557	18	0	0	0	0	952	139.75	7.13	2.61	5.97	9.12	8.04	12.15	2.30	43.93	14.37
7/25/2018 11:27:07 AM	0.00	0.36	1.26	0.60	0.00	0.00	0.00	0.56	2.21	79.39	13.51	27.44	0	361	565	18	0	0	0	0	945	138.38	7.28	2.57	5.92	9.25	8.00	12.26	2.32	43.82	14.37
7/25/2018 11:27:09 AM	0.00	0.39	1.34	0.58	0.00	0.00	0.00	0.56	2.31	78.98	13.77	27.33	0	389	603	17	0	0	0	0	1010	137.68	7.43	2.65	6.11	9.38	8.10	12.55	2.35	43.73	14.35
7/25/2018 11:27:12 AM	0.00	0.37	1.28	0.59	0.00	0.00	0.00	0.57	2.23	78.77	14.01	27.28	0	370	574	18	0	0	0	0	961	137.31	7.27	2.58	5.95	9.31	8.03	12.36	2.37	43.64	14.32
7/25/2018 11:27:14 AM	0.00	0.39	1.31	0.65	0.00	0.00	0.00	0.58	2.35	78.76	14.22	27.29	0	387	592	19	0	0	0	0	998	137.30	7.66	2.70	6.23	9.59	8.37	12.83	2.39	43.55	14.31
7/25/2018 11:27:16 AM	0.00	0.44	1.53	0.51	0.00	0.00	0.00	0.58	2.48	78.76	14.40	27.20	0	443	688	15	0	0	0	0	1146	137.29	7.69	2.67	6.37	9.79	8.33	13.29	2.41	43.44	14.29
7/25/2018 11:27:19 AM	0.00	0.40	1.40	0.61	0.00	0.00	0.00	0.57	2.41	78.87	14.56	27.22	0	396	631	18	0	0	0	0	1045	137.48	7.62	2.71	6.26	9.63	8.39	13.10	2.43	43.33	14.29
7/25/2018 11:27:21 AM	0.00	0.44	1.45	0.53	0.00	0.00	0.00	0.59	2.42	79.14	14.62	27.36	0	437	653	16	0	0	0	0	1106	137.96	7.49	2.67	6.30	9.71	8.30	13.09	2.43	43.24	14.27
7/25/2018 11:27:23 AM	0.00	0.48	1.39	0.51	0.00	0.00	0.00	0.58	2.39	78.97	14.79	27.49	0	482	625	15	0	0	0	0	1123	137.66	7.40	2.73	6.44	9.56	8.30	12.68	2.45	43.16	14.25
7/25/2018 11:27:26 AM	0.00	0.34	1.18	0.57	0.00	0.00	0.00	0.57	2.10	79.31	15.04	27.35	0	345	532	17	0	0	0	0	894	138.24	6.97	2.46	5.70	9.09	7.78	11.86	2.47	43.04	14.25
7/25/2018 11:27:28 AM	0.00	0.39	1.24	0.52	0.00	0.00	0.00	0.58	2.15	79.55	15.21	27.27	0	392	557	16	0	0	0	0	964	138.67	7.03	2.52	5.88	9.26	7.80	11.97	2.49	42.94	14.22
7/25/2018 11:27:31 AM	0.00	0.39	1.08	0.47	0.00	0.00	0.00	0.57	1.94	80.90	15.41	27.15	0	393	485	14	0	0	0	0	892	141.02	6.42	2.40	5.60	8.77	7.40	10.96	2.51	42.85	14.22
7/25/2018 11:27:33 AM	0.00	0.36	0.85	0.52	0.00	0.00	0.00	0.58	1.73	82.60	15.70	27.04	0	360	383	16	0	0	0	0	759	143.98	6.04	2.29	5.33	8.56	7.27	10.28	2.54	42.75	14.22
7/25/2018 11:27:35 AM	0.00	0.30	0.75	0.51	0.00	0.00	0.00	0.57	1.56	82.48	15.99	27.00	0	299	339	15	0	0	0	0	654	143.78	5.75	2.20	4.95	8.30	6.86	9.75	2.57	42.65	14.18
7/25/2018 11:27:38 AM	0.00	0.32	0.80	0.51	0.00	0.00	0.00	0.57	1.63	82.77	16.08	27.01	0	321	361	15	0	0	0	0	698	144.28	5.75	2.18	5.05	8.29	7.05	9.95	2.58	42.54	14.18
7/25/2018 11:27:40 AM	0.00	0.37	0.89	0.43	0.00	0.00	0.00	0.56	1.69	82.66	16.31	27.00	0	371	402	13	0	0	0	0	786	144.08	5.82	2.16	5.18	8.32	7.00	9.94	2.60	42.45	14.16
7/25/2018 11:27:42 AM	0.00	0.32	0.71	0.48	0.00	0.00	0.00	0.57	1.51	83.10	16.54	27.04	0	316	321	14	0	0	0	0	652	144.85	5.55	2.15	4.91	8.18	6.78	9.46	2.62	42.36	14.13
7/25/2018 11:27:45 AM	0.00	0.40	0.90	0.37	0.00	0.00	0.00	0.58	1.67	83.43	16.70	27.10	0	396	404	11	0	0	0	0	811	145.44	5.73	2.16	5.20	8.38	6.87	9.81	2.64	42.27	14.12
7/25/2018 11:27:47 AM	0.00	0.32	0.67	0.41	0.00	0.00	0.00	0.57	1.40	84.04	16.90	27.05	0	320	302	12	0	0	0	0	634	146.49	5.16	1.98	4.68	7.91	6.50	8.93	2.66	42.14	14.12
7/25/2018 11:27:50 AM	0.00	0.33	0.66	0.38	0.00	0.00	0.00	0.56	1.37	84.72	17.12	26.97	0	329	298	11	0	0	0	0	638	147.67	5.05	2.01	4.67	7.77	6.37	8.70	2.68	42.06	14.09
7/25/2018 11:27:52 AM	0.00	0.29	0.56	0.47	0.00	0.00	0.00	0.58	1.32	84.79	17.23	26.95	0	287	253	14	0	0	0	0	554	147.80	5.10	2.02	4.58	7.95	6.46	8.80	2.69	41.95	14.08
7/25/2018 11:27:54 AM	0.00	0.35	0.67	0.34	0.00	0.00	0.00	0.58	1.36	84.61	17.34	27.09	0	351	302	10	0	0	0	0	663	147.49	5.04	1.91	4.67	7.96	6.35	8.72	2.70	41.86	14.06
7/25/2018 11:27:57 AM	0.00	0.30	0.56	0.41	0.00	0.00	0.00	0.57	1.26	84.85	17.50	27.13	0	295	250	12	0	0	0	0	558	147.90	4.94	1.92	4.47	7.77	6.26	8.44	2.71	41.76	14.03
7/25/2018 11:27:59 AM	0.00	0.30	0.46	0.40	0.00	0.00	0.00	0.57	1.16	85.00	17.73	27.08	0	303	207	12	0	0	0	0	522	148.17	4.71	1.88	4.40	7.56	6.14	7.92	2.74	41.68	14.03
7/25/2018 11:28:02 AM	0.00	0.35	0.49	0.31	0.00	0.00	0.00	0.57	1.15	85.23	17.93	26.98	0	346	220	9	0	0	0	0	575	148.57	4.49	1.78	4.40	7.48	6.03	7.71	2.76	41.56	14.00
7/25/2018 11:28:04 AM	0.00	0.31	0.48	0.37	0.00	0.00	0.00	0.57	1.16	85.29	18.24	26.88	0	310	216	11	0	0	0	0	537	148.66	4.60	1.80	4.34	7.48	6.08	7.85	2.79	41.48	13.99
7/25/2018 11:28:06 AM	0.00	0.32	0.47	0.35	0.00	0.00	0.00	0.57	1.14	85.20	18.44	26.85	0	318	212	10	0	0	0	0	540	148.52	4.55	1.89	4.37	7.48	5.97	7.76	2.81	41.37	13.97
7/25/2018 11:28:09 AM	0.00	0.32	0.45	0.37	0.00	0.00	0.00	0.58	1.14	85.25	18.63	26.87	0	322	202	11	0	0	0	0	535	148.61	4.52	1.84	4.38	7.56	6.13	7.87	2.83	41.27	13.95
7/25/2018 11:28:11 AM	0.00	0.29	0.42	0.40	0.00	0.00	0.00	0.57	1.11	85.09	18.83	26.86	0	292	187	12	0	0	0	0	491	148.32	4.50	1.79	4.26	7.48	6.12	7.82	2.85	41.18	13.94
7/25/2018 11:28:13 AM	0.00	0.32	0.44	0.35	0.00	0.00	0.00	0.57	1.12	84.50	19.06	26.87	0	324	198	11	0	0	0	0	532	147.30	4.41	1.83	4.34	7.39	6.03	7.65	2.87	41.10	13.93
7/25/2018 11:28:16 AM	0.00	0.38	0.53	0.28	0.00	0.00	0.00	0.58	1.19	83.30	19.31	26.78	0	378	238	9	0	0	0	0	624	145.20	4.56	1.86	4.55	7.65	6.06	7.86	2.89	40.99	13.93
7/25/2018 11:28:18 AM	0.00	0.38	0.52	0.33	0.00	0.00	0.00	0.58	1.23	82.19	19.55	26.77	0	376	233	10	0	0	0	0	619	143.27	4.71	1.91	4.64	7.71	6.24	8.01	2.92	40.90	13.90
7/25/2018 11:28:21 AM	0.00	0.41	0.66	0.29	0.00	0.00	0.00	0.59	1.37	81.70	19.89	26.75	0	411	298	9	0	0	0	0	718	142.41	4.96	2.01	4.87	7.99	6.35	8.54	2.95	40.81	13.89
7/25/2018 11:28:23 AM	0.00	0.45	0.91	0.21	0.00	0.00	0.00	0.61	1.57	80.90	20.28	26.74	0	448	409	6	0	0	0	0	863	141.02	5.36	1.93	5.06	8.47	6.54	9.44	2.99	40.71	13.85
