Date/Time	Green Algae	Bluegreen	Diatoms	Cryptophyta	#5	#6	#7	Yellow substances	Total conc.	Transmission	Depth	Temp. Sample	Green Algae	Bluegreen	Diatoms	Cryptophyta	#5	#6	#7	Yellow substances	Total cell count	Trans. 700 nm	LED 3 [525 nm]	LED 4 [570 nm]	LED 5 [610 nm]	LED 6 [370 nm]	LED 7 [590 nm]	LED 8 [470 nm]	Pressure	Temp. LEDs	Temp. Sensor
date	µg/l	µg/l	µg/l	µg/l	µg/l	µg/l	µg/l	r.u.	µg/l	%	m	°C	cells/ml	cells/ml	cells/ml	cells/ml	cells/ml	cells/ml	cells/ml	r.u.	cells/ml	digits	digits	digits	digits	digits	digits	digits	bar	°C	°C
7/16/2018 12:19:05 PM	0.00	0.05	0.00	2.90	0.00	0.00	0.00	1.31	2.94	86.64	0.30	54.43	0	46	0	87	0	0	0	0	133	151.02	13.99	7.87	9.60	19.04	13.56	21.94	1.03	38.34	12.86
7/16/2018 12:19:07 PM	3.28	0.00	0.00	1.34	0.00	0.00	0.00	0.67	4.63	88.44	0.36	54.23	1741	0	0	40	0	0	0	0	1781	154.15	7.90	4.04	6.16	13.66	11.54	21.72	1.04	38.41	12.88
7/16/2018 12:19:10 PM	2.07	0.56	0.00	1.97	0.00	0.00	0.00	0.70	4.60	85.81	0.46	54.54	1097	562	0	59	0	0	0	0	1718	149.58	8.42	5.23	8.95	14.18	16.57	20.80	1.04	38.49	12.89
7/16/2018 12:19:12 PM	0.00	0.81	3.40	0.85	0.00	0.00	0.00	0.72	5.06	86.51	0.55	54.71	0	810	1529	26	0	0	0	0	2365	150.80	19.04	5.71	12.13	16.41	10.73	21.28	1.05	38.56	12.89
7/16/2018 12:19:14 PM	3.11	0.84	2.81	0.00	0.00	0.00	0.00	0.25	6.76	86.46	0.58	54.76	1647	844	1264	0	0	0	0	0	3755	150.70	10.54	2.38	12.62	12.45	9.98	24.25	1.06	38.65	12.90
7/16/2018 12:19:17 PM	0.05	1.23	2.80	0.00	0.00	0.00	0.00	0.99	4.08	89.38	0.60	54.46	25	1233	1261	0	0	0	0	0	2518	155.79	11.06	0.61	11.27	15.88	10.74	20.43	1.06	38.70	12.90
7/16/2018 12:19:19 PM	2.53	0.34	0.00	2.58	0.00	0.00	0.00	0.37	5.44	87.98	0.63	54.09	1341	336	0	77	0	0	0	0	1755	153.36	11.03	2.75	9.87	12.09	18.26	22.14	1.06	38.78	12.90
7/16/2018 12:19:22 PM	0.00	1.49	2.83	0.36	0.00	0.00	0.00	1.25	4.68	87.72	0.66	54.29	0	1491	1273	11	0	0	0	0	2774	152.90	16.47	-0.00	11.20	20.06	15.31	22.22	1.07	38.85	12.90
7/16/2018 12:19:24 PM	1.37	1.53	2.51	0.00	0.00	0.00	0.00	0.84	5.41	85.51	0.65	54.41	728	1527	1131	0	0	0	0	0	3386	149.05	11.27	-1.68	13.45	15.94	13.01	22.31	1.06	38.92	12.92
7/16/2018 12:19:26 PM	0.00	0.00	2.24	2.22	0.00	0.00	0.00	0.44	4.46	87.43	0.67	54.15	0	0	1006	67	0	0	0	0	1073	152.39	13.56	7.70	7.16	11.94	13.83	23.23	1.07	39.02	12.90
7/16/2018 12:19:29 PM	5.42	0.00	0.53	1.42	0.00	0.00	0.00	0.36	7.37	86.50	0.70	53.83	2872	0	238	43	0	0	0	0	3153	150.78	10.06	6.15	10.50	14.71	12.30	28.52	1.07	39.09	12.93
7/16/2018 12:19:31 PM	0.59	0.47	3.92	0.00	0.00	0.00	0.00	0.38	4.99	97.44	0.73	53.86	315	474	1766	0	0	0	0	0	2555	169.83	11.91	-3.69	5.56	11.66	13.30	22.01	1.07	39.17	12.94
7/16/2018 12:19:33 PM	5.49	1.20	1.51	0.00	0.00	0.00	0.00	0.94	8.21	100.00	0.75	54.00	2911	1203	680	0	0	0	0	0	4794	178.14	11.77	-7.81	12.95	20.80	16.77	31.82	1.07	39.22	12.94
7/16/2018 12:19:36 PM	1.78	0.96	5.13	0.00	0.00	0.00	0.00	0.00	7.87	97.84	0.78	54.14	942	963	2309	0	0	0	0	0	4215	170.53	14.93	-3.96	10.03	10.96	17.56	28.63	1.08	39.31	12.94
7/16/2018 12:19:38 PM	0.21	1.33	4.99	0.00	0.00	0.00	0.00	0.00	6.53	87.74	0.79	54.11	112	1333	2244	0	0	0	0	0	3689	152.93	13.09	11.37	17.39	8.93	7.50	23.10	1.08	39.38	12.94
7/16/2018 12:19:41 PM	0.17	0.53	4.02	0.66	0.00	0.00	0.00	0.64	5.38	84.74	0.82	53.80	88	531	1810	20	0	0	0	0	2449	147.71	14.45	1.22	8.62	15.18	13.93	26.10	1.08	39.46	12.94
7/16/2018 12:19:43 PM	0.00	0.00	1.51	2.78	0.00	0.00	0.00	0.53	4.30	86.24	0.86	53.81	0	0	681	83	0	0	0	0	765	150.33	15.09	7.90	10.07	13.10	13.95	22.23	1.08	39.54	12.96
7/16/2018 12:19:45 PM	7.08	0.00	0.00	0.85	0.00	0.00	0.00	0.00	7.93	84.14	0.88	54.09	3752	0	0	25	0	0	0	0	3777	146.67	5.58	5.97	9.70	8.87	11.39	27.32	1.09	39.63	12.95
7/16/2018 12:19:48 PM	1.62	0.36	4.05	0.47	0.00	0.00	0.00	0.19	6.50	89.37	0.90	54.06	860	362	1824	14	0	0	0	0	3060	155.77	13.10	6.52	10.68	12.28	10.11	26.36	1.09	39.72	12.99
7/16/2018 12:19:50 PM	0.00	0.68	3.55	0.00	0.00	0.00	0.00	1.07	4.23	90.13	0.93	53.59	0	682	1598	0	0	0	0	0	2280	157.10	13.93	0.30	8.34	17.86	10.28	23.29	1.09	39.79	12.96
7/16/2018 12:19:52 PM	0.00	0.68	3.26	0.00	0.00	0.00	0.00	0.91	3.94	87.43	0.97	53.38	0	683	1466	0	0	0	0	0	2149	152.39	13.11	0.51	7.95	15.74	9.76	20.47	1.09	39.86	13.00
7/16/2018 12:19:55 PM	4.74	0.81	0.00	0.61	0.00	0.00	0.00	0.74	6.16	89.53	0.98	53.56	2512	807	0	18	0	0	0	0	3337	156.05	6.37	4.00	9.52	16.20	14.09	23.83	1.10	39.94	12.99
7/16/2018 12:19:57 PM	0.00	1.12	4.16	0.13	0.00	0.00	0.00	0.62	5.41	89.43	1.00	53.59	0	1120	1873	4	0	0	0	0	2997	155.88	14.98	4.04	11.49	14.87	11.95	22.87	1.10	40.01	13.00
7/16/2018 12:20:00 PM	4.85	1.15	2.25	0.00	0.00	0.00	0.00	0.33	8.25	87.86	1.03	53.51	2571	1152	1012	0	0	0	0	0	4735	153.14	10.58	5.02	16.26	15.03	10.41	28.10	1.10	40.08	13.00
7/16/2018 12:20:02 PM	5.98	0.37	1.49	0.00	0.00	0.00	0.00	0.33	7.85	88.71	1.06	53.45	3171	374	673	0	0	0	0	0	4218	154.62	8.65	3.05	10.25	14.64	10.32	28.13	1.10	40.18	13.02
7/16/2018 12:20:04 PM	6.04	1.05	2.02	0.00	0.00	0.00	0.00	0.06	9.11	85.81	1.10	53.48	3199	1052	910	0	0	0	0	0	5162	149.58	9.84	3.81	14.12	13.42	13.23	28.72	1.11	40.26	13.02
7/16/2018 12:20:07 PM	2.74	0.79	2.84	0.00	0.00	0.00	0.00	0.90	6.37	87.16	1.13	53.54	1450	790	1280	0	0	0	0	0	3520	151.92	12.31	1.39	13.97	18.60	8.43	28.38	1.11	40.33	13.03
7/16/2018 12:20:09 PM	2.98	0.77	0.97	1.07	0.00	0.00	0.00	1.18	5.80	86.32	1.16	53.49	1578	773	438	32	0	0	0	0	2821	150.47	11.61	3.05	10.91	20.38	14.97	27.90	1.11	40.40	13.04
7/16/2018 12:20:11 PM	2.17	0.19	0.80	2.65	0.00	0.00	0.00	0.65	5.82	87.64	1.20	53.43	1150	192	360	80	0	0	0	0	1782	152.76	13.77	5.33	11.27	15.90	16.99	27.08	1.12	40.48	13.05
7/16/2018 12:20:14 PM	5.50	0.53	2.93	0.30	0.00	0.00	0.00	0.10	9.26	89.35	1.22	53.42	2916	526	1320	9	0	0	0	0	4771	155.74	12.37	1.87	11.28	14.67	14.86	32.45	1.12	40.56	13.05
7/16/2018 12:20:16 PM	1.95	0.90	3.56	0.41	0.00	0.00	0.00	0.71	6.82	88.76	1.23	53.23	1032	900	1604	12	0	0	0	0	3548	154.71	14.01	2.79	11.35	17.51	14.67	29.38	1.12	40.64	13.06
7/16/2018 12:20:19 PM	3.52	0.75	4.52	0.31	0.00	0.00	0.00	0.06	9.10	86.35	1.25	53.15	1865	754	2032	9	0	0	0	0	4660	150.51	15.14	2.04	12.08	14.34	16.15	32.87	1.12	40.71	13.06
7/16/2018 12:20:21 PM	4.37	0.29	1.61	1.55	0.00	0.00	0.00	0.32	7.82	88.08	1.25	53.25	2315	288	723	47	0	0	0	0	3374	153.53	12.87	2.65	10.93	15.13	16.62	30.24	1.12	40.77	13.08
7/16/2018 12:20:23 PM	2.14	0.53	1.35	2.07	0.00	0.00	0.00	0.61	6.08	85.84	1.27	53.18	1132	527	606	62	0	0	0	0	2328	149.63	13.41	4.37	11.65	15.52	17.01	26.54	1.12	40.86	13.07
7/16/2018 12:20:26 PM	2.33	1.05	3.29	0.03	0.00	0.00	0.00	1.00	6.70	88.68	1.31	52.95	1234	1048	1481	1	0	0	0	0	3764	154.58	13.23	3.16	11.61	19.97	13.59	30.09	1.13	40.93	13.10
7/16/2018 12:20:28 PM	5.02	0.29	2.82	0.60	0.00	0.00	0.00	0.29	8.73	88.93	1.35	52.84	2660	287	1269	18	0	0	0	0	4234	155.01	12.95	4.00	11.27	16.14	13.48	33.19	1.13	41.00	13.10
7/16/2018 12:20:31 PM	2.98	0.78	4.71	0.00	0.00	0.00	0.00	0.38	8.48	88.06	1.39	52.98	1581	783	2120	0	0	0	0	0	4484	153.49	15.09	4.02	12.90	16.76	13.02	33.24	1.14	41.08	13.11
7/16/2018 12:20:33 PM	3.29	1.11	3.71	0.00	0.00	0.00	0.00	0.61	8.11	87.73	1.42	53.15	1744	1111	1671	0	0	0	0	0	4526	152.92	13.75	3.89	13.46	18.09	14.03	31.80	1.14	41.14	13.14
7/16/2018 12:20:35 PM	5.04	0.86	3.66	0.00	0.00	0.00	0.00	0.19	9.56	87.27	1.47	53.14	2669	864	1647	0	0	0	0	0	5179	152.12	13.54	1.65	13.41	15.96	14.66	33.69	1.14	41.22	13.11
7/16/2018 12:20:38 PM	1.43	1.18	6.03	0.00	0.00	0.00	0.00	0.67	8.65	88.87	1.52	53.16	759	1184	2714	0	0	0	0	0	4658	154.91	18.67	2.09	14.39	20.12	15.99	36.58	1.15	41.29	13.12
7/16/2018 12:20:40 PM	3.96	0.61	3.55	1.17	0.00	0.00	0.00	0.50	9.29	87.98	1.54	53.31	2100	610	1598	35	0	0	0	0	4343	153.35	16.58	6.88	14.61	19.33	16.21	37.33	1.15	41.36	13.13
7/16/2018 12:20:42 PM	2.59	1.05	4.06	0.75	0.00	0.00	0.00	0.64	8.45	87.28	1.55	53.29	1374	1051	1825	23	0	0	0	0	4273	152.14	16.61	3.46	13.74	19.27	17.83	34.62	1.15	41.44	13.16
7/16/2018 12:20:45 PM	2.95	1.18	5.99	0.03	0.00	0.00	0.00	0.44	10.15	87.96	1.56	53.20	1566	1178	2695	1	0	0	0	0	5439	153.32	18.68	4.64	15.28	19.84	17.07	39.53	1.15	41.51	13.15
7/16/2018 12:20:47 PM	2.41	0.98	6.21	0.00	0.00	0.00	0.00	0.47	9.60	89.04	1.58	53.01	1277	983	2793	0	0	0	0	0	5053	155.21	18.81	2.87	13.59	19.55	16.73	38.80	1.15	41.57	13.17
7/16/2018 12:20:50 PM	4.14	0.62	4.20	0.75	0.00	0.00	0.00	0.26	9.71	88.78	1.64	52.86	2192	619	1891	22	0	0	0	0	4725	154.75	16.52	3.34	13.10	17.51	17.16	37.03	1.16	41.65	13.19
7/16/2018 12:20:52 PM	2.29	0.95	6.03	0.26	0.00	0.00	0.00	0.58	9.53	87.81	1.67	53.08	1213	945	2716	8	0	0	0	0	4882	153.05	19.29	5.16	14.51	20.71	16.33	39.71	1.16	41.73	13.19
7/16/2018 12:20:54 PM	3.10	1.17	6.16	0.00	0.00	0.00	0.00	0.51	10.43	87.22	1.71	53.16	1643	1167	2772	0	0	0	0	0	5582	152.04	19.44	2.61	15.32	20.97	17.78	41.16	1.17	41.79	13.19
7/16/2018 12:20:57 PM	4.56	1.21	5.82	0.14	0.00	0.00	0.00	0.39	11.73	88.21	1.75	53.06	2416	1212	2620	4	0	0	0	0	6253	153.76	19.50	4.54	16.67	21.56	19.04	44.05	1.17	41.87	13.19
7/16/2018 12:20:59 PM	3.63	1.17	7.23	0.00	0.00	0.00	0.00	0.41	12.03	87.95	1.78	52.98	1923	1171	3255	0	0	0	0	0	6350	153.31	21.98	4.41	17.10	22.58	18.83	46.81	1.17	41.92	13.23
7/16/2018 12:21:01 PM	4.58	1.15	6.52	0.60	0.00	0.00	0.00	0.40	12.85	88.18	1.81	52.96	2426	1147	2935	18	0	0	0	0	6527	153.71	22.69	4.43	17.79	23.66	21.98	49.31	1.18	42.00	13.22
7/16/2018 12:21:04 PM	4.31	0.89	9.21	0.92	0.00	0.00	0.00	0.42	15.33	87.03	1.82	52.82	2287	893	4143	28	0	0	0	0	7350	151.71	29.76	6.27	20.07	28.45	24.57	61.74	1.18	42.06	13.24
7/16/2018 12:21:06 PM	4.34	1.19	10.11	0.17	0.00	0.00	0.00	0.50	15.81	88.40	1.89	52.74	2300	1194	4551	5	0	0	0	0	8050	154.09	30.04	6.00	20.67	29.76	23.88	63.26	1.19	42.14	13.24
7/16/2018 12:21:09 PM	6.78	0.97	13.13	0.41	0.00	0.00	0.00	0.35	21.27	86.57	1.92	52.81	3591	965	5906	12	0	0	0	0	10475	150.90	38.83	8.59	25.55	37.14	28.62	84.14	1.19	42.21	13.24
7/16/2018 12:21:11 PM	4.96	1.18	14.28	0.00	0.00	0.00	0.00	0.41	20.43	87.20	1.96	52.71	2631	1183	6428	0	0	0	0	0	10241	151.99	39.57	9.06	25.69	36.63	27.12	82.19	1.19	42.28	13.25
7/16/2018 12:21:13 PM	4.89	1.34	14.37	0.00	0.00	0.00	0.00	0.47	20.60	87.08	1.99	52.51	2594	1336	6465	0	0	0	0	0	10394	151.78	40.41	4.82	25.94	37.39	29.10	82.87	1.19	42.35	13.26
7/16/2018 12:21:16 PM	2.98	0.56	13.68	0.79	0.00	0.00	0.00	0.58	18.00	87.83	2.01	52.41	1577	556	6158	24	0	0	0	0	8315	153.10	39.43	7.71	21.77	35.41	26.40	77.80	1.20	42.41	13.28
7/16/2018 12:21:18 PM	3.19	1.29	13.50	0.00	0.00	0.00	0.00	0.57	17.97	87.00	2.06	52.38	1689	1286	6074	0	0	0	0	0	9048	151.65	37.56	4.81	24.57	34.44	25.27	74.30	1.20	42.47	13.28
7/16/2018 12:21:20 PM	3.36	1.18	15.77	0.00	0.00	0.00	0.00	0.25	20.30	87.05	2.10	52.39	1781	1175	7094	0	0	0	0	0	10051	151.73	41.85	7.63	24.96	35.21	28.34	82.28	1.21	42.53	13.31
7/16/2018 12:21:23 PM	5.29	1.36	14.67	0.00	0.00	0.00	0.00	0.28	21.31	87.14	2.13	52.24	2803	1356	6599	0	0	0	0	0	10759	151.89	40.62	7.24	26.18	36.53	29.75	83.95	1.21	42.62	13.30
7/16/2018 12:21:25 PM	5.42	1.46	15.44	0.02	0.00	0.00	0.00	0.42	22.35	86.15	2.18	52.18	2872	1465	6947	1	0	0	0	0	11285	150.16	43.03	8.19	27.67	39.58	31.28	89.02	1.21	42.67	13.30
7/16/2018 12:21:28 PM	6.19	1.39	16.27	0.00	0.00	0.00	0.00	0.19	23.86	86.38	2.20	52.10	3283	1393	7322	0	0	0	0	0	11998	150.56	45.06	6.23	29.70	39.65	31.59	93.17	1.22	42.74	13.33
7/16/2018 12:21:30 PM	6.07	1.34	16.37	0.00	0.00	0.00	0.00	0.47	23.78	84.54	2.21	51.98	3220	1337	7365	0	0	0	0	0	11922	147.36	45.82	7.34	29.59	42.53	31.36	95.48	1.22	42.81	13.31
7/16/2018 12:21:32 PM	6.23	0.69	15.34	1.49	0.00	0.00	0.00	0.57	23.75	86.61	2.23	51.89	3303	686	6903	45	0	0	0	0	10936	150.97	47.67	9.14	28.03	44.12	34.78	98.61	1.22	42.85	13.31
7/16/2018 12:21:35 PM	4.62	0.81	16.88	1.12	0.00	0.00	0.00	0.54	23.43	85.45	2.27	51.90	2448	810	7596	34	0	0	0	0	10887	148.94	49.28	8.96	27.83	43.63	34.24	98.41	1.22	42.92	13.36
7/16/2018 12:21:37 PM	5.71	0.00	14.66	2.41	0.00	0.00	0.00	0.54	22.77	86.49	2.31	51.79	3024	0	6595	72	0	0	0	0	9692	150.75	48.01	8.69	25.60	42.95	34.78	97.49	1.23	42.97	13.36
7/16/2018 12:21:39 PM	6.03	0.92	17.95	0.03	0.00	0.00	0.00	0.16	24.94	84.98	2.33	51.61	3195	923	8080	1	0	0	0	0	12198	148.13	48.43	7.15	27.52	41.70	33.09	99.85	1.23	43.05	13.35
7/16/2018 12:21:42 PM	4.84	1.23	18.65	0.10	0.00	0.00	0.00	0.33	24.82	85.77	2.38	51.46	2563	1229	8393	3	0	0	0	0	12189	149.50	50.18	9.70	29.62	43.35	33.34	100.88	1.23	43.12	13.38
7/16/2018 12:21:44 PM	5.01	0.98	17.47	0.75	0.00	0.00	0.00	0.49	24.21	85.19	2.43	51.10	2654	982	7861	23	0	0	0	0	11520	148.49	49.73	9.69	28.96	44.15	33.99	100.29	1.24	43.18	13.38
7/16/2018 12:21:47 PM	5.41	0.66	16.84	1.40	0.00	0.00	0.00	0.53	24.31	86.12	2.46	50.89	2869	658	7579	42	0	0	0	0	11148	150.11	50.42	8.92	28.27	44.97	35.57	101.90	1.24	43.24	13.40
7/16/2018 12:21:49 PM	6.89	1.05	15.62	1.56	0.00	0.00	0.00	0.24	25.13	87.50	2.49	50.79	3650	1053	7031	47	0	0	0	0	11780	152.52	48.30	11.47	31.24	42.59	36.23	99.77	1.24	43.29	13.40
7/16/2018 12:21:51 PM	4.52	1.03	16.67	1.45	0.00	0.00	0.00	0.62	23.67	85.58	2.54	50.54	2395	1027	7502	44	0	0	0	0	10968	149.18	50.02	11.62	30.14	44.70	34.99	99.33	1.25	43.35	13.41
7/16/2018 12:21:54 PM	4.75	0.94	16.67	1.08	0.00	0.00	0.00	0.77	23.43	85.15	2.59	50.10	2515	940	7502	32	0	0	0	0	10989	148.42	49.39	9.44	28.48	45.78	34.40	99.55	1.25	43.42	13.42
7/16/2018 12:21:56 PM	4.56	0.91	17.67	0.65	0.00	0.00	0.00	0.50	23.79	86.31	2.64	49.42	2416	909	7953	19	0	0	0	0	11297	150.45	49.68	8.03	27.64	43.71	33.99	99.34	1.26	43.47	13.43
7/16/2018 12:21:58 PM	5.35	0.94	18.01	0.04	0.00	0.00	0.00	0.61	24.33	87.11	2.68	48.88	2833	944	8104	1	0	0	0	0	11882	151.83	49.31	8.31	27.74	45.53	32.36	101.58	1.26	43.53	13.44
7/16/2018 12:22:01 PM	5.33	0.94	18.50	0.32	0.00	0.00	0.00	0.44	25.09	86.14	2.72	48.74	2824	940	8326	10	0	0	0	0	12100	150.16	50.86	9.60	29.07	45.08	33.42	103.54	1.27	43.57	13.44
7/16/2018 12:22:03 PM	4.95	0.27	16.03	2.05	0.00	0.00	0.00	0.67	23.30	85.93	2.77	48.34	2622	266	7213	62	0	0	0	0	10162	149.78	50.27	9.46	27.03	45.16	35.11	100.66	1.27	43.62	13.45
7/16/2018 12:22:06 PM	3.85	0.89	16.88	0.69	0.00	0.00	0.00	0.64	22.31	86.10	2.81	47.83	2042	887	7598	21	0	0	0	0	10547	150.08	47.73	9.70	27.12	42.85	31.50	94.88	1.28	43.68	13.47
7/16/2018 12:22:08 PM	5.53	1.03	16.20	0.32	0.00	0.00	0.00	0.70	23.07	85.59	2.84	47.68	2929	1025	7290	10	0	0	0	0	11254	149.19	46.17	9.86	27.85	44.22	31.01	96.20	1.28	43.73	13.47
7/16/2018 12:22:10 PM	5.81	0.52	16.18	1.34	0.00	0.00	0.00	0.45	23.85	86.40	2.90	47.46	3079	521	7279	40	0	0	0	0	10920	150.60	48.51	9.24	27.46	43.33	33.88	99.27	1.28	43.78	13.49
7/16/2018 12:22:13 PM	6.69	1.41	18.48	0.00	0.00	0.00	0.00	0.57	26.58	86.75	2.96	46.25	3543	1411	8317	0	0	0	0	0	13271	151.21	51.43	8.89	31.46	48.12	35.69	107.62	1.29	43.82	13.49
7/16/2018 12:22:15 PM	9.35	1.29	22.45	0.00	0.00	0.00	0.00	0.75	33.09	86.82	3.00	45.68	4957	1289	10102	0	0	0	0	0	16348	151.33	62.88	11.31	37.34	60.53	41.70	135.13	1.29	43.86	13.49
7/16/2018 12:22:17 PM	13.94	1.29	24.85	0.00	0.00	0.00	0.00	0.44	40.08	85.37	3.04	44.95	7389	1295	11181	0	0	0	0	0	19865	148.81	70.56	13.28	44.04	68.01	47.39	157.93	1.30	43.91	13.50
7/16/2018 12:22:20 PM	12.65	1.59	23.89	0.00	0.00	0.00	0.00	0.56	38.12	84.88	3.09	44.02	6702	1585	10752	0	0	0	0	0	19040	147.95	68.19	11.69	43.54	65.94	46.56	150.60	1.30	43.94	13.52
7/16/2018 12:22:22 PM	14.08	1.19	25.29	0.00	0.00	0.00	0.00	0.61	40.56	85.07	3.14	43.81	7461	1185	11383	0	0	0	0	0	20029	148.29	72.10	13.96	45.24	70.59	46.43	161.60	1.31	44.00	13.51
7/16/2018 12:22:25 PM	12.08	1.47	21.60	0.00	0.00	0.00	0.00	0.68	35.16	86.15	3.18	43.86	6404	1469	9722	0	0	0	0	0	17595	150.16	62.39	11.83	39.57	62.30	43.73	139.60	1.31	44.01	13.54
7/16/2018 12:22:27 PM	11.82	0.75	15.88	0.74	0.00	0.00	0.00	0.52	29.19	86.06	3.24	44.14	6264	754	7147	22	0	0	0	0	14187	150.01	49.83	9.61	31.95	51.23	37.15	115.26	1.32	44.06	13.53
7/16/2018 12:22:29 PM	11.25	1.57	14.73	0.00	0.00	0.00	0.00	0.61	27.56	87.18	3.28	43.99	5965	1571	6629	0	0	0	0	0	14165	151.97	45.27	10.05	32.90	48.77	35.19	106.17	1.32	44.09	13.53
7/16/2018 12:22:32 PM	9.42	1.54	12.09	0.00	0.00	0.00	0.00	0.56	23.05	87.03	3.32	43.91	4992	1540	5439	0	0	0	0	0	11971	151.70	37.79	7.47	28.56	41.05	30.76	88.18	1.33	44.14	13.54
7/16/2018 12:22:34 PM	10.40	1.16	10.76	0.48	0.00	0.00	0.00	0.49	22.81	87.17	3.39	44.16	5513	1163	4842	14	0	0	0	0	11531	151.95	36.07	8.87	27.50	40.00	30.09	86.91	1.33	44.17	13.57
7/16/2018 12:22:36 PM	10.31	1.17	11.40	0.00	0.00	0.00	0.00	0.44	22.88	87.74	3.44	44.27	5464	1173	5131	0	0	0	0	0	11767	152.94	36.01	6.86	26.44	39.56	29.64	86.89	1.34	44.20	13.58
7/16/2018 12:22:39 PM	9.83	1.30	10.70	0.00	0.00	0.00	0.00	0.54	21.83	87.85	3.49	43.46	5208	1303	4816	0	0	0	0	0	11328	153.13	34.45	6.86	26.47	38.86	28.52	83.14	1.34	44.23	13.57
7/16/2018 12:22:41 PM	8.85	1.33	9.26	0.18	0.00	0.00	0.00	0.39	19.62	87.78	3.55	43.03	4691	1325	4168	5	0	0	0	0	10190	153.00	30.55	6.39	24.17	33.71	27.33	73.22	1.35	44.26	13.59
7/16/2018 12:22:44 PM	8.77	1.37	9.11	0.05	0.00	0.00	0.00	0.44	19.31	87.64	3.60	43.11	4651	1373	4102	1	0	0	0	0	10127	152.76	29.89	6.70	24.09	33.77	26.52	72.22	1.35	44.30	13.59
7/16/2018 12:22:46 PM	8.37	1.22	9.25	0.22	0.00	0.00	0.00	0.44	19.06	87.59	3.65	42.81	4436	1216	4162	7	0	0	0	0	9821	152.68	30.43	6.20	23.35	33.58	26.71	72.22	1.36	44.33	13.59
7/16/2018 12:22:48 PM	8.98	1.10	9.45	0.43	0.00	0.00	0.00	0.36	19.96	87.65	3.69	42.61	4758	1101	4255	13	0	0	0	0	10126	152.79	31.58	7.36	24.31	34.28	27.23	75.30	1.36	44.34	13.61
7/16/2018 12:22:51 PM	8.15	1.03	8.14	0.56	0.00	0.00	0.00	0.38	17.88	88.06	3.74	42.43	4320	1027	3664	17	0	0	0	0	9027	153.49	28.32	6.75	22.26	31.18	25.33	67.53	1.37	44.37	13.61
7/16/2018 12:22:53 PM	7.14	1.30	8.48	0.28	0.00	0.00	0.00	0.38	17.20	88.02	3.80	40.82	3782	1297	3818	8	0	0	0	0	8905	153.42	27.87	6.98	22.46	30.08	24.66	64.67	1.37	44.38	13.60
7/16/2018 12:22:55 PM	7.12	1.17	7.27	0.44	0.00	0.00	0.00	0.37	16.00	88.19	3.84	39.09	3775	1172	3270	13	0	0	0	0	8230	153.72	25.31	6.66	21.08	28.00	23.38	59.82	1.38	44.40	13.63
7/16/2018 12:22:58 PM	7.45	1.57	7.69	0.08	0.00	0.00	0.00	0.44	16.79	88.48	3.88	38.77	3948	1569	3460	2	0	0	0	0	8980	154.22	25.95	5.97	22.43	29.62	24.87	61.87	1.38	44.41	13.64
7/16/2018 12:23:00 PM	6.78	1.35	7.41	0.14	0.00	0.00	0.00	0.37	15.68	88.53	3.92	38.63	3591	1352	3335	4	0	0	0	0	8282	154.31	24.64	6.33	21.01	27.33	22.85	58.04	1.38	44.41	13.65
7/16/2018 12:23:03 PM	6.17	1.16	6.50	0.68	0.00	0.00	0.00	0.40	14.51	88.17	3.96	37.27	3268	1159	2925	20	0	0	0	0	7373	153.69	23.75	6.14	19.87	26.07	22.85	54.67	1.39	44.44	13.63
7/16/2018 12:23:05 PM	5.34	0.84	5.43	1.19	0.00	0.00	0.00	0.47	12.80	88.87	4.01	36.52	2832	836	2443	36	0	0	0	0	6147	154.91	22.25	5.82	17.81	24.46	21.81	50.04	1.39	44.45	13.65
7/16/2018 12:23:07 PM	5.14	1.00	5.38	1.05	0.00	0.00	0.00	0.55	12.56	89.06	4.06	37.43	2723	997	2420	32	0	0	0	0	6171	155.23	21.84	6.38	18.27	24.74	21.37	49.19	1.40	44.45	13.65
7/16/2018 12:23:10 PM	6.41	0.99	4.69	0.87	0.00	0.00	0.00	0.45	12.96	88.93	4.10	38.07	3397	991	2112	26	0	0	0	0	6526	155.00	20.15	5.52	17.96	23.99	21.18	48.64	1.40	44.46	13.64
7/16/2018 12:23:12 PM	4.79	1.44	5.35	0.28	0.00	0.00	0.00	0.39	11.85	88.60	4.14	37.15	2539	1435	2407	8	0	0	0	0	6389	154.44	19.09	5.37	17.95	21.52	19.85	43.40	1.41	44.46	13.64
7/16/2018 12:23:14 PM	4.40	1.25	4.42	0.53	0.00	0.00	0.00	0.46	10.60	89.08	4.13	36.82	2333	1248	1989	16	0	0	0	0	5587	155.26	17.49	4.98	16.43	20.43	18.87	39.72	1.41	44.46	13.64
7/16/2018 12:23:17 PM	4.61	0.99	3.08	1.09	0.00	0.00	0.00	0.50	9.77	88.96	4.22	35.17	2442	985	1388	33	0	0	0	0	4848	155.05	16.03	5.14	15.45	19.61	18.62	37.16	1.41	44.45	13.66
7/16/2018 12:23:19 PM	3.36	1.18	3.84	0.94	0.00	0.00	0.00	0.46	9.32	88.86	4.23	33.29	1779	1183	1729	28	0	0	0	0	4719	154.89	16.66	5.30	15.70	18.53	18.54	35.51	1.41	44.45	13.66
7/16/2018 12:23:22 PM	2.98	1.33	4.15	0.56	0.00	0.00	0.00	0.54	9.02	89.04	4.24	34.02	1578	1329	1868	17	0	0	0	0	4791	155.20	16.35	4.70	15.39	18.81	17.93	34.70	1.42	44.44	13.68
7/16/2018 12:23:24 PM	3.47	0.91	2.92	1.18	0.00	0.00	0.00	0.36	8.48	89.21	4.30	34.41	1839	912	1314	35	0	0	0	0	4100	155.50	14.79	4.91	14.13	16.32	17.41	31.98	1.42	44.41	13.66
7/16/2018 12:23:26 PM	3.29	1.05	2.61	1.09	0.00	0.00	0.00	0.43	8.04	89.05	4.35	34.31	1744	1049	1175	33	0	0	0	0	4001	155.22	13.97	4.65	14.07	16.18	17.26	30.24	1.43	44.41	13.67
7/16/2018 12:23:29 PM	3.57	0.81	2.24	1.31	0.00	0.00	0.00	0.34	7.93	88.85	4.41	34.64	1894	814	1007	39	0	0	0	0	3753	154.88	13.49	4.91	13.47	15.25	16.73	29.68	1.43	44.38	13.67
7/16/2018 12:23:31 PM	2.71	1.09	3.13	0.86	0.00	0.00	0.00	0.33	7.79	88.47	4.47	35.02	1437	1085	1410	26	0	0	0	0	3958	154.21	13.94	4.61	13.75	14.92	16.45	28.94	1.44	44.39	13.67
7/16/2018 12:23:33 PM	3.25	1.11	2.59	1.07	0.00	0.00	0.00	0.38	8.02	88.36	4.52	34.49	1721	1110	1167	32	0	0	0	0	4030	154.03	13.80	4.29	14.08	15.63	17.58	29.61	1.44	44.34	13.67
7/16/2018 12:23:36 PM	3.51	0.86	2.41	1.23	0.00	0.00	0.00	0.24	8.01	88.26	4.57	34.49	1862	864	1083	37	0	0	0	0	3846	153.85	13.41	4.52	13.44	14.30	16.91	29.09	1.45	44.34	13.67
7/16/2018 12:23:38 PM	2.95	1.16	2.87	1.04	0.00	0.00	0.00	0.33	8.02	88.20	4.59	35.52	1563	1164	1294	31	0	0	0	0	4052	153.74	14.06	4.88	14.46	15.12	17.38	29.32	1.45	44.32	13.68
7/16/2018 12:23:41 PM	3.43	0.99	2.95	1.16	0.00	0.00	0.00	0.25	8.52	88.22	4.61	36.38	1818	987	1325	35	0	0	0	0	4165	153.77	14.53	5.12	14.46	15.17	17.47	31.00	1.45	44.28	13.68
7/16/2018 12:23:43 PM	3.21	1.03	2.69	1.28	0.00	0.00	0.00	0.31	8.21	88.02	4.67	35.76	1699	1033	1212	38	0	0	0	0	3982	153.43	14.40	4.73	14.33	15.31	17.98	30.22	1.46	44.28	13.68
7/16/2018 12:23:45 PM	3.25	0.57	1.70	2.01	0.00	0.00	0.00	0.30	7.53	87.49	4.72	33.61	1721	568	767	60	0	0	0	0	3116	152.50	13.94	5.46	13.21	14.55	17.56	29.02	1.46	44.24	13.68
7/16/2018 12:23:48 PM	3.05	0.87	2.27	1.62	0.00	0.00	0.00	0.37	7.80	87.43	4.75	32.85	1616	867	1020	48	0	0	0	0	3552	152.39	14.34	5.10	13.93	15.40	17.91	29.71	1.47	44.22	13.68
7/16/2018 12:23:50 PM	3.04	1.08	2.85	0.94	0.00	0.00	0.00	0.31	7.90	87.31	4.79	32.90	1609	1080	1282	28	0	0	0	0	3999	152.18	13.64	4.27	13.73	14.76	16.89	28.86	1.47	44.19	13.68
7/16/2018 12:23:52 PM	2.71	0.93	2.78	1.07	0.00	0.00	0.00	0.32	7.50	86.94	4.83	32.75	1437	929	1252	32	0	0	0	0	3650	151.54	13.58	4.77	13.25	14.41	16.15	28.15	1.47	44.14	13.68
7/16/2018 12:23:55 PM	2.94	0.97	2.61	1.06	0.00	0.00	0.00	0.18	7.58	86.91	4.87	32.92	1558	974	1174	32	0	0	0	0	3738	151.50	12.94	4.62	13.34	13.01	16.25	26.95	1.48	44.13	13.68
7/16/2018 12:23:57 PM	2.77	0.73	2.23	1.11	0.00	0.00	0.00	0.24	6.84	87.04	4.92	32.59	1467	726	1004	33	0	0	0	0	3231	151.72	12.05	4.24	11.82	12.62	14.93	25.36	1.48	44.08	13.68
7/16/2018 12:24:00 PM	2.89	0.65	2.07	1.49	0.00	0.00	0.00	0.27	7.09	86.74	4.96	31.77	1532	646	932	45	0	0	0	0	3154	151.20	12.91	4.97	12.42	13.47	15.83	26.92	1.49	44.04	13.68
7/16/2018 12:24:02 PM	2.35	0.90	2.95	0.68	0.00	0.00	0.00	0.25	6.89	86.79	5.02	31.78	1247	900	1330	20	0	0	0	0	3498	151.28	12.39	3.77	11.88	12.81	14.57	25.50	1.49	44.01	13.66
7/16/2018 12:24:04 PM	2.16	0.87	2.49	0.65	0.00	0.00	0.00	0.30	6.16	86.81	5.08	32.36	1144	867	1121	19	0	0	0	0	3152	151.31	11.12	3.76	11.15	12.12	13.48	23.03	1.50	43.95	13.66
7/16/2018 12:24:07 PM	1.99	0.80	2.65	0.57	0.00	0.00	0.00	0.27	6.00	86.65	5.13	32.50	1056	799	1192	17	0	0	0	0	3064	151.03	11.03	3.22	10.50	11.63	13.12	22.56	1.50	43.91	13.67
7/16/2018 12:24:09 PM	2.47	0.70	2.19	0.66	0.00	0.00	0.00	0.25	6.02	86.66	5.19	31.93	1307	696	987	20	0	0	0	0	3010	151.05	10.38	3.55	10.37	11.44	12.73	22.33	1.51	43.88	13.67
7/16/2018 12:24:12 PM	2.07	0.73	2.07	0.59	0.00	0.00	0.00	0.33	5.45	86.81	5.24	31.14	1095	728	932	18	0	0	0	0	2772	151.32	9.86	2.95	9.74	11.33	12.39	20.80	1.51	43.82	13.67
7/16/2018 12:24:14 PM	2.28	0.79	2.51	0.55	0.00	0.00	0.00	0.30	6.12	86.82	5.32	29.82	1206	785	1130	17	0	0	0	0	3138	151.32	10.89	3.35	10.59	12.06	13.02	23.03	1.52	43.76	13.66
7/16/2018 12:24:16 PM	2.36	0.65	2.27	0.62	0.00	0.00	0.00	0.28	5.90	86.90	5.34	29.28	1251	651	1021	19	0	0	0	0	2941	151.47	10.42	3.15	9.93	11.65	12.56	22.38	1.52	43.73	13.66
7/16/2018 12:24:19 PM	2.57	0.72	2.27	0.74	0.00	0.00	0.00	0.23	6.29	86.75	5.38	29.40	1363	718	1021	22	0	0	0	0	3124	151.21	10.85	3.41	10.67	11.72	13.44	23.21	1.53	43.66	13.66
7/16/2018 12:24:21 PM	2.10	0.79	2.59	0.56	0.00	0.00	0.00	0.29	6.05	86.56	5.40	29.29	1114	790	1167	17	0	0	0	0	3088	150.89	10.96	3.90	10.78	11.90	12.72	22.82	1.53	43.61	13.65
7/16/2018 12:24:23 PM	1.69	0.63	2.18	0.54	0.00	0.00	0.00	0.35	5.04	86.55	5.41	30.24	895	632	982	16	0	0	0	0	2525	150.87	9.73	2.99	9.08	11.12	11.50	20.06	1.53	43.54	13.64
7/16/2018 12:24:26 PM	1.69	0.94	2.88	0.17	0.00	0.00	0.00	0.29	5.67	86.83	5.44	30.06	894	936	1298	5	0	0	0	0	3133	151.35	10.32	3.32	10.37	11.29	11.86	21.12	1.53	43.47	13.64
7/16/2018 12:24:28 PM	1.68	0.75	2.08	0.43	0.00	0.00	0.00	0.34	4.95	86.72	5.43	29.45	892	746	938	13	0	0	0	0	2589	151.16	9.21	2.96	9.26	10.68	11.40	19.05	1.53	43.42	13.64
7/16/2018 12:24:31 PM	1.51	0.67	2.09	0.34	0.00	0.00	0.00	0.28	4.61	86.60	5.46	29.82	801	669	941	10	0	0	0	0	2422	150.94	8.63	2.65	8.51	9.64	10.59	17.64	1.54	43.35	13.63
7/16/2018 12:24:33 PM	1.50	0.58	1.87	0.48	0.00	0.00	0.00	0.35	4.44	86.31	5.47	29.94	797	579	841	15	0	0	0	0	2232	150.45	8.67	2.60	8.21	10.20	10.62	17.84	1.54	43.29	13.64
7/16/2018 12:24:35 PM	1.53	0.75	2.18	0.18	0.00	0.00	0.00	0.34	4.64	86.51	5.49	30.68	811	748	982	5	0	0	0	0	2547	150.79	8.59	2.40	8.56	10.23	10.54	17.92	1.54	43.22	13.62
7/16/2018 12:24:38 PM	1.80	0.83	2.25	0.16	0.00	0.00	0.00	0.28	5.05	86.36	5.50	30.94	955	830	1014	5	0	0	0	0	2804	150.53	8.75	2.86	9.30	10.15	10.86	18.56	1.54	43.17	13.61
7/16/2018 12:24:40 PM	1.48	0.79	2.20	0.18	0.00	0.00	0.00	0.34	4.65	86.56	5.58	30.47	787	788	989	5	0	0	0	0	2570	150.89	8.62	2.52	8.75	10.23	10.61	17.85	1.55	43.10	13.60
7/16/2018 12:24:42 PM	1.11	0.86	2.34	0.04	0.00	0.00	0.00	0.34	4.34	86.36	5.66	29.26	587	857	1051	1	0	0	0	0	2497	150.54	8.35	2.47	8.59	9.76	10.15	16.68	1.55	43.02	13.60
7/16/2018 12:24:45 PM	1.73	0.66	1.64	0.19	0.00	0.00	0.00	0.29	4.23	86.55	5.68	28.77	918	657	740	6	0	0	0	0	2321	150.86	7.24	2.44	7.92	9.04	9.56	15.82	1.56	42.96	13.60
7/16/2018 12:24:47 PM	1.87	0.62	1.45	0.44	0.00	0.00	0.00	0.31	4.38	86.43	5.72	28.77	989	615	652	13	0	0	0	0	2270	150.65	7.65	2.63	8.21	9.50	10.33	16.63	1.56	42.90	13.57
7/16/2018 12:24:50 PM	1.79	0.63	1.37	0.36	0.00	0.00	0.00	0.31	4.15	86.26	5.81	28.55	948	630	615	11	0	0	0	0	2204	150.36	7.16	2.58	7.98	9.11	9.85	15.66	1.57	42.82	13.57
7/16/2018 12:24:52 PM	1.44	0.67	1.73	0.15	0.00	0.00	0.00	0.31	3.98	86.12	5.90	28.43	761	669	778	5	0	0	0	0	2212	150.11	7.19	2.20	7.64	8.85	9.40	15.18	1.58	42.74	13.56
7/16/2018 12:24:54 PM	1.37	0.69	1.76	0.12	0.00	0.00	0.00	0.30	3.94	86.30	5.94	28.35	727	694	792	4	0	0	0	0	2217	150.43	7.11	2.33	7.71	8.70	9.27	14.91	1.58	42.69	13.57
7/16/2018 12:24:57 PM	0.89	0.85	1.98	0.01	0.00	0.00	0.00	0.38	3.72	86.32	5.98	28.53	470	846	890	0	0	0	0	0	2207	150.46	7.36	2.25	7.95	9.14	9.43	14.55	1.59	42.59	13.55
7/16/2018 12:24:59 PM	1.33	0.70	1.65	0.17	0.00	0.00	0.00	0.33	3.85	86.32	6.01	28.92	702	705	743	5	0	0	0	0	2156	150.46	7.10	2.31	7.73	8.91	9.43	14.81	1.59	42.52	13.53
7/16/2018 12:25:01 PM	1.23	0.72	1.70	0.09	0.00	0.00	0.00	0.34	3.74	86.41	6.05	29.31	654	721	763	3	0	0	0	0	2140	150.62	6.91	2.20	7.57	8.76	9.14	14.37	1.59	42.46	13.53
7/16/2018 12:25:04 PM	1.36	0.63	1.57	0.16	0.00	0.00	0.00	0.31	3.73	86.20	6.08	29.79	723	630	708	5	0	0	0	0	2066	150.25	6.79	2.07	7.27	8.50	9.08	14.32	1.60	42.39	13.52
7/16/2018 12:25:06 PM	1.22	0.75	1.68	0.08	0.00	0.00	0.00	0.38	3.73	85.99	6.11	30.37	648	750	756	2	0	0	0	0	2157	149.89	6.98	2.04	7.60	9.13	9.33	14.57	1.60	42.31	13.51
7/16/2018 12:25:09 PM	1.16	0.80	1.77	0.15	0.00	0.00	0.00	0.37	3.88	85.91	6.14	30.81	616	797	795	4	0	0	0	0	2213	149.75	7.38	2.39	8.08	9.30	9.74	15.03	1.60	42.23	13.49
7/16/2018 12:25:11 PM	1.53	0.85	1.80	0.00	0.00	0.00	0.00	0.33	4.18	86.06	6.16	31.06	812	847	810	0	0	0	0	0	2469	150.01	7.15	2.31	8.40	9.23	9.55	15.39	1.60	42.14	13.47
7/16/2018 12:25:13 PM	1.28	0.74	1.88	0.05	0.00	0.00	0.00	0.31	3.94	86.33	6.22	30.66	677	742	845	1	0	0	0	0	2265	150.48	7.17	2.24	7.77	8.76	9.27	14.89	1.61	42.07	13.48
7/16/2018 12:25:16 PM	1.58	0.62	1.29	0.28	0.00	0.00	0.00	0.34	3.78	86.33	6.27	29.84	838	619	582	9	0	0	0	0	2047	150.48	6.69	2.37	7.50	8.88	9.28	14.58	1.61	42.01	13.47
7/16/2018 12:25:18 PM	1.16	0.73	1.73	0.01	0.00	0.00	0.00	0.36	3.64	86.27	6.29	29.24	617	731	780	0	0	0	0	0	2129	150.37	6.76	2.33	7.51	8.80	8.74	14.14	1.62	41.93	13.47
7/16/2018 12:25:20 PM	1.22	0.73	1.66	0.00	0.00	0.00	0.00	0.34	3.61	86.35	6.32	28.76	648	729	746	0	0	0	0	0	2123	150.52	6.56	2.06	7.36	8.55	8.80	13.81	1.62	41.87	13.46
7/16/2018 12:25:23 PM	1.19	0.69	1.66	0.03	0.00	0.00	0.00	0.35	3.57	86.07	6.38	28.58	629	686	749	1	0	0	0	0	2066	150.03	6.63	2.20	7.27	8.64	8.64	13.93	1.62	41.79	13.46
7/16/2018 12:25:25 PM	1.30	0.80	1.75	0.05	0.00	0.00	0.00	0.35	3.89	86.28	6.42	28.70	689	796	786	1	0	0	0	0	2272	150.39	7.04	2.35	7.97	9.09	9.37	14.79	1.63	41.70	13.44
7/16/2018 12:25:28 PM	1.48	0.72	1.60	0.00	0.00	0.00	0.00	0.32	3.80	86.17	6.50	28.47	785	720	719	0	0	0	0	0	2224	150.19	6.50	2.12	7.53	8.61	8.80	14.21	1.64	41.61	13.42
7/16/2018 12:25:30 PM	1.17	0.75	1.73	0.00	0.00	0.00	0.00	0.35	3.65	86.37	6.54	28.14	618	752	779	0	0	0	0	0	2148	150.55	6.73	2.27	7.55	8.71	8.82	14.03	1.64	41.54	13.42
7/16/2018 12:25:32 PM	1.22	0.68	1.46	0.16	0.00	0.00	0.00	0.35	3.51	86.37	6.62	28.06	644	675	656	5	0	0	0	0	1981	150.55	6.54	2.39	7.38	8.52	8.84	13.66	1.65	41.47	13.41
7/16/2018 12:25:35 PM	1.42	0.57	1.09	0.24	0.00	0.00	0.00	0.37	3.31	86.42	6.66	28.22	750	567	490	7	0	0	0	0	1815	150.63	5.98	2.13	6.81	8.44	8.54	13.13	1.65	41.38	13.40
7/16/2018 12:25:37 PM	1.15	0.69	1.53	0.01	0.00	0.00	0.00	0.36	3.38	86.23	6.70	28.50	612	686	689	0	0	0	0	0	1987	150.30	6.24	2.04	7.02	8.43	8.41	13.21	1.66	41.29	13.40
7/16/2018 12:25:39 PM	1.13	0.75	1.79	0.00	0.00	0.00	0.00	0.35	3.67	85.88	6.74	28.61	599	754	804	0	0	0	0	0	2156	149.70	6.84	2.24	7.59	8.75	8.86	14.15	1.66	41.22	13.38
7/16/2018 12:25:42 PM	1.26	0.71	1.58	0.00	0.00	0.00	0.00	0.37	3.55	85.23	6.80	28.39	669	706	711	0	0	0	0	0	2086	148.56	6.44	1.93	7.19	8.72	8.69	13.79	1.67	41.15	13.37
7/16/2018 12:25:44 PM	1.23	0.62	1.40	0.06	0.00	0.00	0.00	0.36	3.31	86.08	6.82	28.12	652	620	630	2	0	0	0	0	1904	150.04	6.07	2.09	6.81	8.35	8.20	13.07	1.67	41.05	13.36
7/16/2018 12:25:47 PM	1.21	0.65	1.38	0.05	0.00	0.00	0.00	0.35	3.29	85.90	6.83	28.32	641	652	619	2	0	0	0	0	1913	149.73	6.00	2.02	6.87	8.20	8.32	12.81	1.67	40.97	13.35
7/16/2018 12:25:49 PM	1.28	0.72	1.42	0.06	0.00	0.00	0.00	0.36	3.48	86.09	6.86	28.68	677	717	640	2	0	0	0	0	2036	150.07	6.24	2.22	7.33	8.54	8.67	13.37	1.67	40.91	13.34
7/16/2018 12:25:51 PM	1.31	0.65	1.48	0.12	0.00	0.00	0.00	0.36	3.56	86.21	6.89	28.65	692	651	666	4	0	0	0	0	2013	150.27	6.52	2.23	7.23	8.68	8.74	13.92	1.68	40.82	13.33
7/16/2018 12:25:54 PM	1.06	0.71	1.60	0.00	0.00	0.00	0.00	0.36	3.37	86.20	6.92	28.77	562	711	721	0	0	0	0	0	1994	150.26	6.37	1.99	7.15	8.43	8.46	13.20	1.68	40.74	13.31
7/16/2018 12:25:56 PM	1.08	0.68	1.54	0.00	0.00	0.00	0.00	0.38	3.30	85.99	6.95	29.08	572	678	693	0	0	0	0	0	1943	149.89	6.24	2.04	6.94	8.52	8.30	13.13	1.68	40.65	13.30
7/16/2018 12:25:58 PM	1.05	0.72	1.47	0.00	0.00	0.00	0.00	0.36	3.25	86.14	6.97	29.25	558	721	664	0	0	0	0	0	1943	150.15	6.08	2.04	7.19	8.24	8.20	12.65	1.68	40.58	13.30
7/16/2018 12:26:01 PM	1.09	0.67	1.35	0.03	0.00	0.00	0.00	0.37	3.14	86.09	7.00	29.38	578	674	608	1	0	0	0	0	1861	150.07	5.86	1.91	6.76	8.15	8.24	12.37	1.69	40.50	13.31
7/16/2018 12:26:03 PM	1.03	0.59	1.24	0.13	0.00	0.00	0.00	0.38	2.98	86.15	7.02	29.28	546	588	556	4	0	0	0	0	1694	150.16	5.81	2.07	6.51	8.09	8.01	12.18	1.69	40.43	13.27
7/16/2018 12:26:06 PM	1.02	0.70	1.44	0.00	0.00	0.00	0.00	0.37	3.15	86.26	7.03	29.32	539	701	646	0	0	0	0	0	1886	150.37	5.97	2.06	7.06	8.21	8.02	12.43	1.69	40.36	13.26
7/16/2018 12:26:08 PM	1.18	0.62	1.30	0.06	0.00	0.00	0.00	0.37	3.16	86.33	7.07	29.22	627	615	586	2	0	0	0	0	1830	150.49	5.82	2.06	6.66	8.20	8.02	12.55	1.69	40.27	13.25
7/16/2018 12:26:10 PM	1.00	0.64	1.35	0.01	0.00	0.00	0.00	0.38	3.00	86.26	7.11	28.85	531	642	607	0	0	0	0	0	1781	150.36	5.74	1.91	6.53	8.04	7.93	12.05	1.70	40.19	13.24
7/16/2018 12:26:13 PM	0.89	0.66	1.36	0.00	0.00	0.00	0.00	0.39	2.92	86.28	7.17	29.00	474	664	611	0	0	0	0	0	1749	150.40	5.71	1.83	6.58	8.00	7.86	11.78	1.70	40.12	13.24
7/16/2018 12:26:15 PM	1.03	0.66	1.36	0.00	0.00	0.00	0.00	0.37	3.05	86.26	7.21	29.10	547	663	612	0	0	0	0	0	1821	150.36	5.75	1.93	6.67	8.06	7.96	12.12	1.71	40.04	13.22
7/16/2018 12:26:17 PM	1.17	0.60	1.18	0.07	0.00	0.00	0.00	0.38	3.03	86.32	7.25	29.24	622	598	532	2	0	0	0	0	1755	150.46	5.60	1.88	6.44	8.07	7.96	12.12	1.71	39.97	13.20
7/16/2018 12:26:20 PM	1.09	0.63	1.33	0.00	0.00	0.00	0.00	0.38	3.05	86.16	7.29	29.44	579	628	600	0	0	0	0	0	1807	150.19	5.72	1.87	6.54	8.14	7.84	12.24	1.71	39.87	13.20
7/16/2018 12:26:22 PM	1.11	0.67	1.45	0.00	0.00	0.00	0.00	0.36	3.23	86.34	7.37	29.31	588	669	652	0	0	0	0	0	1910	150.49	5.99	1.93	7.01	8.14	7.98	12.62	1.72	39.81	13.19
7/16/2018 12:26:25 PM	1.18	0.70	1.32	0.00	0.00	0.00	0.00	0.37	3.20	86.20	7.44	29.04	627	697	594	0	0	0	0	0	1918	150.26	5.77	2.09	7.03	8.21	8.04	12.43	1.73	39.73	13.17
7/16/2018 12:26:27 PM	1.11	0.76	1.39	0.00	0.00	0.00	0.00	0.40	3.26	86.29	7.54	28.85	591	763	624	0	0	0	0	0	1977	150.41	6.03	2.14	7.52	8.56	8.17	12.74	1.74	39.65	13.18
7/16/2018 12:26:29 PM	1.15	0.66	1.18	0.00	0.00	0.00	0.00	0.40	2.99	86.30	7.61	28.49	612	655	530	0	0	0	0	0	1797	150.42	5.46	1.92	6.63	8.21	7.78	11.94	1.75	39.59	13.15
7/16/2018 12:26:32 PM	1.08	0.66	1.11	0.00	0.00	0.00	0.00	0.42	2.85	86.26	7.66	28.30	572	661	497	0	0	0	0	0	1731	150.36	5.29	1.93	6.47	8.18	7.74	11.54	1.75	39.52	13.13
7/16/2018 12:26:34 PM	0.86	0.63	1.16	0.00	0.00	0.00	0.00	0.42	2.65	86.33	7.69	28.52	458	628	522	0	0	0	0	0	1608	150.48	5.26	1.96	6.26	7.94	7.39	11.07	1.75	39.42	13.12
7/16/2018 12:26:36 PM	0.83	0.67	1.21	0.00	0.00	0.00	0.00	0.42	2.71	86.42	7.73	28.82	438	673	544	0	0	0	0	0	1655	150.64	5.42	1.95	6.59	8.03	7.50	11.20	1.76	39.35	13.12
7/16/2018 12:26:39 PM	1.07	0.67	1.14	0.00	0.00	0.00	0.00	0.42	2.88	86.48	7.78	28.62	568	675	511	0	0	0	0	0	1753	150.74	5.37	1.93	6.57	8.24	7.80	11.65	1.76	39.28	13.09
7/16/2018 12:26:41 PM	0.94	0.67	1.16	0.00	0.00	0.00	0.00	0.41	2.77	86.21	7.82	28.27	498	670	522	0	0	0	0	0	1689	150.27	5.31	1.96	6.47	7.97	7.67	11.24	1.77	39.19	13.09
7/16/2018 12:26:44 PM	1.06	0.68	1.13	0.00	0.00	0.00	0.00	0.40	2.88	86.12	7.87	28.43	562	684	510	0	0	0	0	0	1756	150.12	5.32	1.92	6.58	8.03	7.83	11.46	1.77	39.12	13.09
7/16/2018 12:26:46 PM	0.95	0.64	1.08	0.00	0.00	0.00	0.00	0.42	2.67	86.22	7.95	28.49	504	639	488	0	0	0	0	0	1630	150.29	5.14	1.90	6.32	7.90	7.41	10.99	1.78	39.06	13.07
7/16/2018 12:26:48 PM	0.93	0.63	0.95	0.01	0.00	0.00	0.00	0.42	2.51	86.29	8.00	28.29	493	629	425	0	0	0	0	0	1548	150.40	4.82	1.76	6.04	7.70	7.35	10.38	1.78	38.98	13.07
7/16/2018 12:26:51 PM	1.03	0.66	1.03	0.00	0.00	0.00	0.00	0.42	2.73	86.26	8.08	28.05	546	663	466	0	0	0	0	0	1675	150.36	5.10	1.80	6.35	8.01	7.65	11.08	1.79	38.89	13.05
7/16/2018 12:26:53 PM	1.04	0.62	1.01	0.04	0.00	0.00	0.00	0.40	2.70	85.94	8.14	27.86	549	616	455	1	0	0	0	0	1620	149.81	5.07	1.86	6.20	7.80	7.56	10.99	1.80	38.83	13.03
7/16/2018 12:26:55 PM	1.07	0.65	0.99	0.00	0.00	0.00	0.00	0.41	2.71	86.31	8.22	27.89	567	654	446	0	0	0	0	0	1666	150.44	4.96	1.90	6.34	7.82	7.51	10.88	1.81	38.76	13.00
7/16/2018 12:26:58 PM	1.08	0.70	0.90	0.00	0.00	0.00	0.00	0.39	2.69	86.01	8.28	27.85	575	703	407	0	0	0	0	0	1684	149.92	4.76	1.91	6.48	7.55	7.63	10.42	1.81	38.68	13.00
7/16/2018 12:27:00 PM	1.18	0.81	0.88	0.00	0.00	0.00	0.00	0.39	2.88	85.30	8.41	27.76	627	812	397	0	0	0	0	0	1837	148.69	4.87	1.95	7.09	7.75	8.10	10.70	1.82	38.62	13.01
