Date/Time	Green Algae	Bluegreen	Diatoms	Cryptophyta	#5	#6	#7	Yellow substances	Total conc.	Transmission	Depth	Temp. Sample	Green Algae	Bluegreen	Diatoms	Cryptophyta	#5	#6	#7	Yellow substances	Total cell count	Trans. 700 nm	LED 3 [525 nm]	LED 4 [570 nm]	LED 5 [610 nm]	LED 6 [370 nm]	LED 7 [590 nm]	LED 8 [470 nm]	Pressure	Temp. LEDs	Temp. Sensor
date	µg/l	µg/l	µg/l	µg/l	µg/l	µg/l	µg/l	r.u.	µg/l	%	m	°C	cells/ml	cells/ml	cells/ml	cells/ml	cells/ml	cells/ml	cells/ml	r.u.	cells/ml	digits	digits	digits	digits	digits	digits	digits	bar	°C	°C
7/23/2018 9:37:23 AM	4.26	5.79	12.60	0.00	0.00	0.00	0.00	0.73	22.65	85.71	0.18	49.28	2259	5792	5668	0	0	0	0	0	13719	149.40	39.95	9.87	43.79	39.53	45.27	76.66	1.02	37.08	11.57
7/23/2018 9:37:26 AM	3.91	6.22	12.28	0.00	0.00	0.00	0.00	0.77	22.41	85.58	0.24	49.33	2071	6221	5525	0	0	0	0	0	13818	149.16	39.40	10.47	45.22	39.20	46.28	74.57	1.02	37.15	11.58
7/23/2018 9:37:28 AM	3.62	6.17	12.25	0.00	0.00	0.00	0.00	0.83	22.04	85.62	0.28	49.61	1917	6173	5512	0	0	0	0	0	13603	149.24	39.27	10.27	44.62	39.26	46.00	73.94	1.03	37.21	11.54
7/23/2018 9:37:30 AM	4.14	6.19	12.16	0.00	0.00	0.00	0.00	0.77	22.48	86.13	0.32	49.67	2193	6186	5471	0	0	0	0	0	13849	150.13	39.28	9.77	45.10	39.27	46.33	74.75	1.03	37.33	11.57
7/23/2018 9:37:33 AM	4.23	6.03	12.10	0.00	0.00	0.00	0.00	0.75	22.36	85.85	0.41	49.76	2243	6030	5443	0	0	0	0	0	13716	149.65	38.85	10.55	43.86	38.94	46.10	74.55	1.04	37.36	11.55
7/23/2018 9:37:35 AM	3.72	6.27	11.78	0.00	0.00	0.00	0.00	0.85	21.77	85.75	0.46	49.91	1972	6271	5302	0	0	0	0	0	13545	149.47	38.36	9.96	44.62	38.90	46.12	72.42	1.04	37.44	11.57
7/23/2018 9:37:37 AM	3.68	6.37	12.23	0.00	0.00	0.00	0.00	0.71	22.27	86.07	0.51	49.73	1951	6366	5502	0	0	0	0	0	13819	150.02	39.10	10.46	45.59	38.22	46.62	73.13	1.05	37.52	11.62
7/23/2018 9:37:40 AM	4.02	6.14	12.21	0.00	0.00	0.00	0.00	0.77	22.37	85.81	0.54	49.46	2132	6136	5495	0	0	0	0	0	13763	149.57	39.23	10.45	44.81	39.19	46.00	74.61	1.05	37.61	11.60
7/23/2018 9:37:42 AM	4.32	6.08	12.07	0.00	0.00	0.00	0.00	0.72	22.47	85.52	0.60	49.33	2288	6081	5433	0	0	0	0	0	13802	149.08	38.94	9.94	44.83	38.75	45.70	74.48	1.06	37.64	11.57
7/23/2018 9:37:45 AM	4.12	6.12	11.65	0.00	0.00	0.00	0.00	0.77	21.89	85.61	0.66	49.58	2183	6117	5242	0	0	0	0	0	13542	149.23	37.92	10.45	44.52	38.35	45.06	72.43	1.06	37.73	11.63
7/23/2018 9:37:47 AM	3.65	6.24	11.79	0.00	0.00	0.00	0.00	0.79	21.68	85.84	0.71	49.59	1933	6245	5307	0	0	0	0	0	13485	149.63	38.20	9.93	44.66	38.24	45.67	71.78	1.07	37.80	11.63
7/23/2018 9:37:49 AM	3.69	5.97	12.06	0.00	0.00	0.00	0.00	0.79	21.72	85.77	0.75	49.45	1957	5969	5425	0	0	0	0	0	13351	149.51	38.63	9.61	43.72	38.49	44.87	72.95	1.07	37.86	11.63
7/23/2018 9:37:52 AM	3.63	6.75	12.39	0.00	0.00	0.00	0.00	0.75	22.77	85.87	0.80	49.33	1922	6753	5577	0	0	0	0	0	14252	149.68	39.95	10.86	48.13	39.16	47.72	74.15	1.08	37.93	11.64
7/23/2018 9:37:54 AM	4.00	6.38	11.99	0.00	0.00	0.00	0.00	0.73	22.38	85.62	0.84	49.16	2120	6385	5397	0	0	0	0	0	13902	149.25	38.90	10.20	46.38	38.58	46.08	73.34	1.08	38.00	11.65
7/23/2018 9:37:56 AM	4.08	6.08	12.30	0.00	0.00	0.00	0.00	0.63	22.45	85.67	0.89	49.17	2162	6078	5534	0	0	0	0	0	13774	149.32	39.00	10.27	44.00	37.88	46.47	74.01	1.09	38.08	11.66
7/23/2018 9:37:59 AM	4.12	5.95	11.92	0.00	0.00	0.00	0.00	0.73	21.99	85.68	0.95	49.41	2183	5949	5366	0	0	0	0	0	13497	149.35	38.27	10.33	43.17	38.26	45.53	73.28	1.09	38.14	11.66
7/23/2018 9:38:01 AM	5.20	5.93	11.29	0.00	0.00	0.00	0.00	0.65	22.42	85.82	1.01	49.59	2756	5933	5078	0	0	0	0	0	13768	149.59	37.25	9.54	43.69	37.85	45.36	73.26	1.10	38.21	11.66
7/23/2018 9:38:04 AM	4.18	5.94	11.94	0.00	0.00	0.00	0.00	0.69	22.07	85.72	1.06	49.47	2217	5943	5374	0	0	0	0	0	13534	149.42	38.37	9.60	43.78	38.00	45.06	73.25	1.10	38.29	11.66
7/23/2018 9:38:06 AM	4.59	6.34	11.58	0.00	0.00	0.00	0.00	0.70	22.52	85.85	1.10	49.34	2435	6343	5213	0	0	0	0	0	13991	149.65	38.14	9.99	46.06	38.37	46.17	73.19	1.11	38.35	11.69
7/23/2018 9:38:08 AM	4.63	6.02	11.46	0.00	0.00	0.00	0.00	0.67	22.10	85.61	1.17	49.33	2453	6018	5156	0	0	0	0	0	13627	149.22	37.44	9.88	43.84	37.66	45.31	72.42	1.11	38.41	11.70
7/23/2018 9:38:11 AM	3.78	6.10	11.68	0.00	0.00	0.00	0.00	0.65	21.56	85.71	1.24	49.26	2006	6095	5256	0	0	0	0	0	13358	149.40	37.50	9.81	43.89	36.68	44.97	70.54	1.12	38.48	11.70
7/23/2018 9:38:13 AM	4.33	6.25	11.54	0.00	0.00	0.00	0.00	0.65	22.12	85.53	1.32	49.25	2293	6247	5194	0	0	0	0	0	13734	149.08	37.62	10.15	45.26	37.27	45.48	71.66	1.13	38.55	11.70
7/23/2018 9:38:15 AM	4.44	6.65	11.44	0.00	0.00	0.00	0.00	0.69	22.52	85.52	1.37	49.29	2352	6645	5148	0	0	0	0	0	14146	149.07	37.94	10.37	47.59	38.01	46.64	72.05	1.13	38.63	11.72
7/23/2018 9:38:18 AM	4.81	6.26	11.30	0.00	0.00	0.00	0.00	0.65	22.37	85.51	1.44	49.34	2548	6257	5086	0	0	0	0	0	13891	149.05	37.32	10.08	45.03	37.59	46.14	72.20	1.14	38.70	11.70
7/23/2018 9:38:20 AM	3.87	5.84	11.81	0.00	0.00	0.00	0.00	0.72	21.52	85.91	1.50	49.44	2052	5837	5314	0	0	0	0	0	13203	149.74	37.76	9.98	42.52	37.54	44.54	71.86	1.15	38.74	11.74
7/23/2018 9:38:23 AM	4.13	5.92	11.80	0.00	0.00	0.00	0.00	0.73	21.84	85.70	1.56	49.64	2187	5918	5308	0	0	0	0	0	13413	149.38	38.02	9.59	42.92	38.06	45.36	72.75	1.15	38.80	11.74
7/23/2018 9:38:25 AM	4.37	6.33	11.49	0.00	0.00	0.00	0.00	0.64	22.19	85.44	1.62	49.74	2316	6333	5170	0	0	0	0	0	13820	148.92	37.59	10.27	45.88	37.26	45.54	71.56	1.16	38.87	11.76
7/23/2018 9:38:27 AM	4.29	6.39	11.22	0.00	0.00	0.00	0.00	0.70	21.90	86.01	1.66	49.68	2274	6393	5047	0	0	0	0	0	13714	149.92	37.09	10.00	45.44	37.37	45.92	70.63	1.16	38.96	11.77
7/23/2018 9:38:30 AM	4.06	6.13	11.67	0.00	0.00	0.00	0.00	0.71	21.85	85.48	1.72	49.68	2150	6133	5249	0	0	0	0	0	13532	148.99	37.76	10.22	43.92	37.70	45.72	71.86	1.17	38.98	11.76
7/23/2018 9:38:32 AM	4.70	6.11	11.18	0.00	0.00	0.00	0.00	0.63	21.99	86.11	1.73	49.81	2490	6115	5031	0	0	0	0	0	13636	150.10	36.80	9.95	44.41	36.90	45.03	71.08	1.17	39.07	11.77
7/23/2018 9:38:34 AM	4.25	6.16	11.33	0.00	0.00	0.00	0.00	0.62	21.74	85.88	1.75	49.78	2252	6156	5099	0	0	0	0	0	13507	149.69	37.00	9.38	44.72	36.49	44.72	70.27	1.17	39.15	11.77
7/23/2018 9:38:37 AM	4.23	5.67	11.65	0.00	0.00	0.00	0.00	0.65	21.55	85.54	1.77	49.63	2243	5669	5243	0	0	0	0	0	13156	149.11	37.29	10.10	42.37	36.94	43.36	71.70	1.17	39.22	11.78
7/23/2018 9:38:39 AM	4.13	5.73	11.73	0.00	0.00	0.00	0.00	0.65	21.59	85.77	1.79	49.46	2188	5727	5281	0	0	0	0	0	13196	149.50	37.44	9.90	42.02	36.94	44.29	71.74	1.18	39.26	11.80
7/23/2018 9:38:42 AM	4.22	5.92	11.58	0.00	0.00	0.00	0.00	0.67	21.72	85.99	1.85	49.36	2235	5917	5211	0	0	0	0	0	13364	149.88	37.33	10.32	42.96	37.19	44.80	71.59	1.18	39.33	11.81
7/23/2018 9:38:44 AM	4.78	5.91	11.30	0.00	0.00	0.00	0.00	0.66	21.99	85.42	1.90	49.43	2535	5906	5085	0	0	0	0	0	13526	148.89	37.02	10.07	43.66	37.41	44.36	72.08	1.19	39.39	11.82
7/23/2018 9:38:46 AM	4.90	6.13	11.15	0.00	0.00	0.00	0.00	0.65	22.18	85.89	1.96	49.44	2594	6135	5016	0	0	0	0	0	13745	149.71	36.95	9.96	45.12	37.37	44.76	71.74	1.19	39.44	11.83
7/23/2018 9:38:49 AM	4.69	6.10	11.41	0.00	0.00	0.00	0.00	0.60	22.20	85.93	2.01	49.32	2485	6105	5134	0	0	0	0	0	13724	149.79	37.23	10.21	44.45	36.98	45.32	71.84	1.20	39.51	11.86
7/23/2018 9:38:51 AM	4.19	5.89	11.60	0.00	0.00	0.00	0.00	0.63	21.68	85.80	2.07	49.27	2221	5886	5222	0	0	0	0	0	13328	149.56	37.27	9.81	42.70	36.75	44.83	71.27	1.20	39.57	11.85
7/23/2018 9:38:53 AM	4.25	5.97	11.26	0.00	0.00	0.00	0.00	0.61	21.49	85.90	2.13	49.33	2255	5974	5069	0	0	0	0	0	13297	149.72	36.58	9.71	43.51	36.10	44.12	69.82	1.21	39.64	11.85
7/23/2018 9:38:56 AM	4.54	5.86	11.18	0.00	0.00	0.00	0.00	0.63	21.58	85.64	2.19	49.27	2405	5863	5031	0	0	0	0	0	13300	149.28	36.49	9.79	43.11	36.50	43.87	70.50	1.21	39.68	11.88
7/23/2018 9:38:58 AM	4.41	5.88	11.15	0.00	0.00	0.00	0.00	0.61	21.44	85.64	2.23	49.22	2339	5878	5019	0	0	0	0	0	13235	149.28	36.33	9.50	42.87	36.10	43.99	69.84	1.22	39.76	11.88
7/23/2018 9:39:01 AM	4.49	5.85	11.46	0.00	0.00	0.00	0.00	0.57	21.80	85.80	2.30	49.33	2380	5854	5155	0	0	0	0	0	13389	149.56	36.92	9.70	42.61	36.30	44.78	71.11	1.23	39.82	11.87
7/23/2018 9:39:03 AM	4.07	5.76	11.50	0.00	0.00	0.00	0.00	0.63	21.33	85.94	2.34	49.45	2159	5759	5173	0	0	0	0	0	13091	149.79	36.89	9.58	42.46	36.30	43.52	70.36	1.23	39.88	11.88
7/23/2018 9:39:05 AM	4.32	6.00	11.56	0.00	0.00	0.00	0.00	0.62	21.87	85.61	2.41	49.39	2288	5997	5201	0	0	0	0	0	13486	149.23	37.35	9.94	43.77	36.85	44.80	71.44	1.24	39.91	11.88
7/23/2018 9:39:08 AM	4.75	6.36	11.45	0.00	0.00	0.00	0.00	0.60	22.56	85.86	2.49	49.49	2517	6358	5152	0	0	0	0	0	14027	149.66	37.63	10.45	46.28	37.35	45.85	72.29	1.24	39.99	11.92
7/23/2018 9:39:10 AM	4.84	6.22	11.31	0.00	0.00	0.00	0.00	0.59	22.38	85.70	2.56	49.51	2565	6224	5091	0	0	0	0	0	13880	149.39	37.25	10.20	45.77	37.07	45.06	71.87	1.25	40.05	11.93
7/23/2018 9:39:12 AM	4.91	6.04	11.33	0.00	0.00	0.00	0.00	0.55	22.28	85.69	2.62	49.46	2600	6040	5100	0	0	0	0	0	13740	149.37	36.96	9.98	43.81	36.56	45.59	71.75	1.26	40.11	11.93
7/23/2018 9:39:15 AM	4.72	6.15	11.27	0.00	0.00	0.00	0.00	0.58	22.14	85.72	2.69	49.35	2503	6149	5069	0	0	0	0	0	13721	149.42	36.86	10.38	44.33	36.65	45.53	71.20	1.26	40.17	11.94
7/23/2018 9:39:17 AM	4.74	6.24	11.08	0.00	0.00	0.00	0.00	0.62	22.07	85.58	2.76	49.18	2512	6243	4988	0	0	0	0	0	13743	149.17	36.71	10.01	45.35	36.79	45.04	70.74	1.27	40.23	11.94
7/23/2018 9:39:20 AM	4.31	5.64	11.29	0.00	0.00	0.00	0.00	0.61	21.23	85.70	2.82	49.29	2283	5640	5079	0	0	0	0	0	13002	149.38	36.34	9.55	41.55	36.00	43.33	70.02	1.28	40.26	11.95
7/23/2018 9:39:22 AM	4.21	5.43	11.22	0.00	0.00	0.00	0.00	0.75	20.87	85.59	2.89	49.11	2233	5435	5048	0	0	0	0	0	12716	149.19	36.30	9.71	40.74	37.01	42.13	70.44	1.28	40.32	11.95
7/23/2018 9:39:24 AM	3.80	3.95	10.74	0.73	0.00	0.00	0.00	0.97	19.22	85.99	2.94	48.57	2014	3953	4832	22	0	0	0	0	10820	149.89	36.52	9.55	34.74	38.07	38.34	71.54	1.29	40.39	11.99
7/23/2018 9:39:27 AM	4.01	4.83	11.63	0.00	0.00	0.00	0.00	0.86	20.47	86.05	3.00	47.98	2125	4832	5234	0	0	0	0	0	12191	150.00	36.96	9.31	38.19	38.14	40.10	72.33	1.29	40.45	11.98
7/23/2018 9:39:29 AM	4.12	4.23	11.85	0.08	0.00	0.00	0.00	0.96	20.28	86.02	3.07	47.21	2185	4235	5331	2	0	0	0	0	11754	149.94	37.51	9.43	35.87	39.38	38.40	74.59	1.30	40.49	12.00
7/23/2018 9:39:31 AM	4.39	2.88	11.34	0.54	0.00	0.00	0.00	1.14	19.15	86.21	3.15	46.56	2324	2875	5105	16	0	0	0	0	10321	150.28	37.28	8.95	30.74	40.56	34.18	76.28	1.31	40.56	11.99
7/23/2018 9:39:34 AM	4.15	3.57	11.77	0.00	0.00	0.00	0.00	1.14	19.49	86.15	3.23	46.00	2200	3567	5298	0	0	0	0	0	11065	150.17	37.05	9.03	33.35	40.46	34.62	75.19	1.32	40.58	12.00
7/23/2018 9:39:36 AM	4.70	3.09	11.37	0.00	0.00	0.00	0.00	1.06	19.16	86.53	3.30	44.76	2490	3089	5116	0	0	0	0	0	10695	150.82	35.79	8.47	31.10	39.36	32.71	74.37	1.32	40.64	12.00
7/23/2018 9:39:39 AM	4.75	2.20	10.48	0.00	0.00	0.00	0.00	1.07	17.43	87.74	3.38	43.95	2520	2196	4716	0	0	0	0	0	9432	152.94	33.00	7.11	26.11	37.38	28.21	70.44	1.33	40.69	12.02
7/23/2018 9:39:41 AM	4.62	2.31	10.54	0.02	0.00	0.00	0.00	1.07	17.49	87.47	3.43	43.71	2449	2314	4742	1	0	0	0	0	9506	152.46	33.17	7.19	26.27	37.35	29.10	70.34	1.34	40.72	12.02
7/23/2018 9:39:43 AM	5.64	2.58	10.27	0.00	0.00	0.00	0.00	1.00	18.49	86.86	3.49	43.38	2987	2580	4623	0	0	0	0	0	10190	151.41	33.18	7.65	28.67	37.88	29.92	71.94	1.34	40.78	12.04
7/23/2018 9:39:46 AM	4.86	2.05	8.89	0.00	0.00	0.00	0.00	0.94	15.80	87.19	3.55	43.29	2578	2047	4001	0	0	0	0	0	8626	151.99	28.77	6.51	23.83	33.36	25.86	62.69	1.35	40.83	12.07
7/23/2018 9:39:48 AM	5.06	1.96	8.63	0.00	0.00	0.00	0.00	0.93	15.65	87.74	3.62	43.23	2681	1960	3883	0	0	0	0	0	8525	152.93	28.16	6.42	23.55	32.99	25.13	62.02	1.35	40.85	12.07
7/23/2018 9:39:50 AM	4.79	1.98	8.13	0.00	0.00	0.00	0.00	0.84	14.89	87.97	3.69	42.98	2538	1977	3657	0	0	0	0	0	8172	153.34	26.58	6.19	22.91	30.81	24.29	58.21	1.36	40.89	12.07
7/23/2018 9:39:53 AM	4.65	2.09	8.15	0.00	0.00	0.00	0.00	0.87	14.89	87.93	3.76	42.21	2464	2091	3668	0	0	0	0	0	8222	153.27	26.71	6.18	23.08	31.06	24.99	58.16	1.37	40.95	12.08
7/23/2018 9:39:55 AM	3.91	2.14	6.18	0.00	0.00	0.00	0.00	0.76	12.24	88.13	3.83	41.24	2073	2145	2782	0	0	0	0	0	7001	153.61	21.30	5.78	21.09	25.55	21.85	46.25	1.38	40.96	12.12
7/23/2018 9:39:58 AM	4.15	2.11	5.69	0.00	0.00	0.00	0.00	0.69	11.96	88.06	3.92	40.57	2201	2112	2562	0	0	0	0	0	6875	153.50	20.08	5.42	20.65	24.36	21.33	44.32	1.38	41.02	12.09
7/23/2018 9:40:00 AM	2.87	1.88	4.38	0.13	0.00	0.00	0.00	0.64	9.25	88.51	3.98	39.76	1519	1880	1969	4	0	0	0	0	5372	154.27	16.19	4.85	17.10	19.80	18.68	34.48	1.39	41.04	12.12
7/23/2018 9:40:02 AM	3.53	1.99	5.11	0.00	0.00	0.00	0.00	0.67	10.62	88.25	4.05	39.07	1872	1987	2297	0	0	0	0	0	6156	153.82	18.12	4.98	18.69	22.14	19.91	39.53	1.40	41.09	12.10
7/23/2018 9:40:05 AM	3.07	2.01	4.36	0.00	0.00	0.00	0.00	0.60	9.44	88.32	4.12	38.03	1627	2011	1964	0	0	0	0	0	5602	153.94	15.88	4.69	17.70	19.45	18.67	34.17	1.40	41.11	12.12
7/23/2018 9:40:07 AM	2.71	1.90	3.92	0.00	0.00	0.00	0.00	0.58	8.54	88.36	4.21	36.81	1438	1900	1766	0	0	0	0	0	5103	154.01	14.44	4.60	16.38	17.90	17.43	30.89	1.41	41.15	12.13
7/23/2018 9:40:09 AM	2.37	1.83	3.29	0.04	0.00	0.00	0.00	0.53	7.53	88.64	4.27	36.06	1259	1828	1478	1	0	0	0	0	4566	154.50	12.65	4.37	15.20	15.85	16.28	26.77	1.42	41.15	12.15
7/23/2018 9:40:12 AM	2.21	1.75	3.16	0.00	0.00	0.00	0.00	0.51	7.12	88.44	4.36	35.57	1173	1753	1421	0	0	0	0	0	4346	154.16	12.02	4.11	14.66	15.09	15.33	25.33	1.43	41.17	12.16
7/23/2018 9:40:14 AM	2.35	1.82	3.01	0.00	0.00	0.00	0.00	0.53	7.19	88.50	4.43	34.93	1247	1823	1356	0	0	0	0	0	4426	154.25	11.88	4.14	15.06	15.29	15.49	25.31	1.43	41.22	12.15
7/23/2018 9:40:17 AM	2.08	1.74	2.96	0.00	0.00	0.00	0.00	0.54	6.79	88.35	4.53	34.31	1103	1742	1334	0	0	0	0	0	4179	154.00	11.54	4.07	14.27	14.87	15.03	24.30	1.44	41.22	12.17
7/23/2018 9:40:19 AM	1.53	1.53	2.47	0.00	0.00	0.00	0.00	0.45	5.54	88.40	4.58	33.66	813	1532	1112	0	0	0	0	0	3457	154.08	9.64	3.48	12.40	12.17	13.02	19.57	1.45	41.23	12.18
7/23/2018 9:40:21 AM	1.56	1.38	2.18	0.00	0.00	0.00	0.00	0.41	5.11	88.24	4.64	34.09	825	1376	982	0	0	0	0	0	3182	153.81	8.72	3.25	11.38	11.19	12.06	18.00	1.45	41.22	12.18
7/23/2018 9:40:24 AM	2.02	1.61	2.44	0.00	0.00	0.00	0.00	0.42	6.07	88.17	4.68	35.47	1071	1606	1098	0	0	0	0	0	3774	153.68	9.84	3.60	13.30	12.51	13.47	20.74	1.46	41.24	12.20
7/23/2018 9:40:26 AM	1.77	1.47	2.18	0.00	0.00	0.00	0.00	0.43	5.41	88.22	4.74	36.14	938	1467	980	0	0	0	0	0	3384	153.77	8.97	3.37	12.18	11.70	12.41	18.80	1.46	41.27	12.18
7/23/2018 9:40:29 AM	1.35	1.16	1.54	0.00	0.00	0.00	0.00	0.45	4.06	87.78	4.81	34.74	718	1162	693	0	0	0	0	0	2573	153.01	6.99	2.79	9.72	9.99	10.20	14.72	1.47	41.27	12.20
7/23/2018 9:40:31 AM	1.36	0.99	1.10	0.00	0.00	0.00	0.00	0.37	3.44	87.09	4.86	33.11	718	986	495	0	0	0	0	0	2200	151.80	5.61	2.23	8.42	8.32	9.01	12.12	1.48	41.26	12.22
7/23/2018 9:40:33 AM	1.13	0.85	0.94	0.00	0.00	0.00	0.00	0.40	2.92	86.54	4.90	32.96	597	849	424	0	0	0	0	0	1870	150.84	5.06	2.07	7.55	7.94	7.98	10.89	1.48	41.27	12.21
7/23/2018 9:40:36 AM	1.53	0.94	1.09	0.00	0.00	0.00	0.00	0.37	3.55	86.42	4.94	33.13	808	940	489	0	0	0	0	0	2238	150.64	5.62	2.24	8.35	8.44	8.91	12.54	1.48	41.29	12.21
7/23/2018 9:40:38 AM	1.40	0.85	0.99	0.00	0.00	0.00	0.00	0.38	3.25	86.31	5.01	33.34	743	853	445	0	0	0	0	0	2042	150.45	5.27	2.14	7.84	8.13	8.26	11.76	1.49	41.29	12.23
7/23/2018 9:40:40 AM	0.92	0.73	0.75	0.00	0.00	0.00	0.00	0.40	2.40	85.78	5.05	32.60	488	728	337	0	0	0	0	0	1553	149.52	4.37	1.79	6.64	7.17	7.09	9.30	1.50	41.28	12.22
7/23/2018 9:40:43 AM	0.89	0.70	0.70	0.00	0.00	0.00	0.00	0.38	2.28	85.77	5.07	32.74	469	696	314	0	0	0	0	0	1479	149.51	4.16	1.70	6.39	6.83	6.87	8.81	1.50	41.27	12.24
7/23/2018 9:40:45 AM	1.17	0.75	0.79	0.00	0.00	0.00	0.00	0.34	2.71	85.11	5.10	33.36	623	747	356	0	0	0	0	0	1726	148.36	4.49	1.97	7.01	7.06	7.32	9.86	1.50	41.25	12.23
7/23/2018 9:40:48 AM	1.09	0.68	0.69	0.00	0.00	0.00	0.00	0.38	2.47	85.98	5.13	32.90	580	680	311	0	0	0	0	0	1572	149.87	4.25	1.73	6.51	7.10	6.96	9.44	1.50	41.28	12.24
7/23/2018 9:40:50 AM	0.91	0.66	0.58	0.00	0.00	0.00	0.00	0.38	2.15	85.64	5.15	32.54	483	656	263	0	0	0	0	0	1402	149.28	3.86	1.64	6.17	6.61	6.55	8.35	1.50	41.26	12.26
7/23/2018 9:40:52 AM	0.80	0.65	0.52	0.00	0.00	0.00	0.00	0.40	1.97	85.70	5.23	32.25	424	646	235	0	0	0	0	0	1305	149.39	3.69	1.64	6.01	6.55	6.31	7.88	1.51	41.24	12.22
7/23/2018 9:40:55 AM	0.72	0.64	0.46	0.00	0.00	0.00	0.00	0.39	1.81	85.34	5.27	31.01	379	637	205	0	0	0	0	0	1222	148.75	3.47	1.56	5.87	6.24	6.09	7.26	1.52	41.22	12.26
7/23/2018 9:40:57 AM	0.88	0.63	0.43	0.00	0.00	0.00	0.00	0.37	1.94	85.22	5.32	30.89	467	630	195	0	0	0	0	0	1292	148.55	3.43	1.55	5.93	6.15	6.17	7.47	1.52	41.20	12.26
7/23/2018 9:40:59 AM	0.86	0.64	0.46	0.00	0.00	0.00	0.00	0.38	1.96	85.33	5.39	31.43	454	636	209	0	0	0	0	0	1298	148.73	3.53	1.51	5.94	6.30	6.26	7.63	1.53	41.16	12.27
7/23/2018 9:41:02 AM	0.85	0.67	0.42	0.00	0.00	0.00	0.00	0.37	1.93	85.34	5.45	31.93	448	666	189	0	0	0	0	0	1302	148.76	3.43	1.57	6.11	6.17	6.22	7.36	1.53	41.16	12.23
7/23/2018 9:41:04 AM	0.90	0.64	0.39	0.00	0.00	0.00	0.00	0.38	1.93	85.39	5.49	32.26	477	645	175	0	0	0	0	0	1297	148.84	3.38	1.54	6.00	6.22	6.18	7.42	1.54	41.15	12.29
7/23/2018 9:41:07 AM	0.85	0.63	0.40	0.00	0.00	0.00	0.00	0.37	1.87	85.27	5.57	31.76	448	626	178	0	0	0	0	0	1251	148.63	3.34	1.56	5.92	6.12	6.00	7.25	1.55	41.12	12.26
7/23/2018 9:41:09 AM	0.93	0.60	0.43	0.00	0.00	0.00	0.00	0.38	1.95	85.20	5.62	31.33	492	596	194	0	0	0	0	0	1282	148.51	3.47	1.42	5.82	6.32	6.09	7.70	1.55	41.10	12.27
7/23/2018 9:41:11 AM	0.70	0.59	0.51	0.00	0.00	0.00	0.00	0.38	1.80	85.28	5.68	31.26	370	586	231	0	0	0	0	0	1187	148.66	3.52	1.48	5.62	6.17	5.99	7.36	1.56	41.07	12.26
7/23/2018 9:41:14 AM	0.80	0.64	0.51	0.00	0.00	0.00	0.00	0.38	1.95	84.98	5.74	31.37	421	642	231	0	0	0	0	0	1295	148.13	3.60	1.61	5.95	6.28	6.29	7.63	1.56	41.03	12.27
7/23/2018 9:41:16 AM	0.68	0.63	0.45	0.00	0.00	0.00	0.00	0.39	1.77	85.27	5.80	31.42	361	631	204	0	0	0	0	0	1196	148.64	3.42	1.51	5.81	6.12	6.03	7.09	1.57	41.01	12.26
7/23/2018 9:41:18 AM	0.79	0.64	0.42	0.00	0.00	0.00	0.00	0.39	1.85	85.37	5.87	31.27	420	642	189	0	0	0	0	0	1251	148.80	3.41	1.52	5.83	6.26	6.23	7.32	1.58	40.96	12.27
7/23/2018 9:41:21 AM	0.84	0.61	0.39	0.00	0.00	0.00	0.00	0.38	1.84	85.44	5.94	31.84	446	615	175	0	0	0	0	0	1235	148.94	3.32	1.46	5.77	6.11	6.06	7.23	1.58	40.94	12.27
7/23/2018 9:41:23 AM	0.88	0.67	0.42	0.00	0.00	0.00	0.00	0.38	1.96	85.26	6.00	31.57	467	666	188	0	0	0	0	0	1320	148.62	3.46	1.49	6.11	6.26	6.30	7.50	1.59	40.90	12.25
7/23/2018 9:41:26 AM	0.80	0.66	0.39	0.00	0.00	0.00	0.00	0.38	1.85	85.22	6.06	30.65	424	662	176	0	0	0	0	0	1262	148.56	3.37	1.51	6.04	6.17	6.14	7.18	1.59	40.85	12.27
7/23/2018 9:41:28 AM	0.81	0.64	0.41	0.00	0.00	0.00	0.00	0.39	1.86	85.29	6.13	30.29	427	644	186	0	0	0	0	0	1258	148.66	3.41	1.50	5.90	6.25	6.19	7.32	1.60	40.83	12.25
7/23/2018 9:41:30 AM	0.70	0.60	0.43	0.00	0.00	0.00	0.00	0.39	1.74	85.28	6.21	29.92	373	603	196	0	0	0	0	0	1171	148.64	3.36	1.53	5.57	6.13	6.03	7.10	1.61	40.79	12.25
7/23/2018 9:41:33 AM	0.84	0.64	0.39	0.00	0.00	0.00	0.00	0.39	1.87	84.66	6.28	30.04	447	635	178	0	0	0	0	0	1260	147.57	3.37	1.59	5.89	6.25	6.12	7.35	1.61	40.74	12.25
7/23/2018 9:41:35 AM	0.78	0.63	0.37	0.00	0.00	0.00	0.00	0.39	1.78	85.30	6.33	30.50	413	627	167	0	0	0	0	0	1207	148.69	3.28	1.52	5.70	6.15	6.10	7.07	1.62	40.72	12.27
7/23/2018 9:41:37 AM	0.85	0.60	0.38	0.00	0.00	0.00	0.00	0.37	1.83	85.31	6.38	30.36	450	599	171	0	0	0	0	0	1219	148.70	3.27	1.45	5.68	6.05	6.00	7.16	1.63	40.65	12.25
7/23/2018 9:41:40 AM	0.77	0.59	0.38	0.00	0.00	0.00	0.00	0.39	1.74	85.28	6.43	30.73	409	591	171	0	0	0	0	0	1170	148.64	3.28	1.41	5.53	6.16	5.99	7.10	1.63	40.59	12.27
7/23/2018 9:41:42 AM	0.84	0.60	0.49	0.00	0.00	0.00	0.00	0.37	1.92	85.17	6.50	31.37	443	599	220	0	0	0	0	0	1262	148.46	3.52	1.53	5.73	6.24	6.15	7.62	1.64	40.54	12.25
7/23/2018 9:41:45 AM	0.88	0.65	0.45	0.00	0.00	0.00	0.00	0.39	1.98	84.94	6.54	31.17	465	651	203	0	0	0	0	0	1319	148.05	3.54	1.61	6.02	6.40	6.32	7.70	1.64	40.52	12.23
7/23/2018 9:41:47 AM	0.86	0.60	0.35	0.00	0.00	0.00	0.00	0.38	1.81	85.20	6.59	31.53	456	600	159	0	0	0	0	0	1214	148.51	3.24	1.41	5.66	6.10	6.01	7.15	1.65	40.46	12.25
7/23/2018 9:41:49 AM	0.69	0.59	0.34	0.00	0.00	0.00	0.00	0.40	1.62	85.55	6.63	31.95	364	590	153	0	0	0	0	0	1107	149.12	3.14	1.40	5.46	6.02	5.82	6.68	1.65	40.42	12.24
7/23/2018 9:41:52 AM	0.72	0.59	0.41	0.00	0.00	0.00	0.00	0.39	1.72	85.40	6.67	31.85	383	591	183	0	0	0	0	0	1157	148.87	3.30	1.46	5.56	6.08	5.91	7.01	1.65	40.38	12.22
7/23/2018 9:41:54 AM	0.99	0.63	0.35	0.00	0.00	0.00	0.00	0.38	1.98	85.34	6.74	31.82	527	635	159	0	0	0	0	0	1322	148.75	3.35	1.49	5.94	6.32	6.25	7.60	1.66	40.32	12.23
7/23/2018 9:41:56 AM	0.79	0.65	0.40	0.00	0.00	0.00	0.00	0.39	1.85	84.83	6.80	31.48	418	654	182	0	0	0	0	0	1254	147.87	3.39	1.51	5.96	6.23	6.17	7.24	1.67	40.27	12.22
7/23/2018 9:41:59 AM	0.78	0.62	0.41	0.00	0.00	0.00	0.00	0.37	1.81	85.21	6.86	30.62	411	622	186	0	0	0	0	0	1219	148.52	3.33	1.51	5.74	6.03	6.09	7.09	1.67	40.22	12.22
7/23/2018 9:42:01 AM	0.74	0.60	0.41	0.00	0.00	0.00	0.00	0.39	1.75	85.09	6.89	30.15	392	601	185	0	0	0	0	0	1178	148.32	3.33	1.46	5.63	6.11	5.97	7.08	1.68	40.16	12.22
7/23/2018 9:42:04 AM	0.74	0.63	0.36	0.00	0.00	0.00	0.00	0.39	1.74	85.17	6.95	30.69	394	635	164	0	0	0	0	0	1192	148.46	3.23	1.53	5.73	6.05	6.06	6.89	1.68	40.12	12.21
7/23/2018 9:42:06 AM	0.76	0.61	0.29	0.00	0.00	0.00	0.00	0.40	1.66	85.20	7.01	30.36	402	610	131	0	0	0	0	0	1144	148.51	3.08	1.43	5.61	6.03	5.86	6.69	1.69	40.06	12.22
7/23/2018 9:42:08 AM	0.79	0.62	0.38	0.00	0.00	0.00	0.00	0.38	1.79	85.08	7.06	29.69	418	616	172	0	0	0	0	0	1205	148.30	3.26	1.46	5.64	6.03	6.10	7.02	1.69	40.00	12.20
7/23/2018 9:42:11 AM	0.70	0.62	0.32	0.00	0.00	0.00	0.00	0.41	1.64	85.18	7.12	30.12	373	617	143	0	0	0	0	0	1133	148.47	3.15	1.47	5.59	6.15	5.91	6.75	1.70	39.94	12.20
7/23/2018 9:42:13 AM	0.69	0.60	0.36	0.00	0.00	0.00	0.00	0.39	1.64	84.95	7.18	30.29	363	596	160	0	0	0	0	0	1120	148.08	3.16	1.47	5.51	5.97	5.84	6.69	1.70	39.89	12.18
7/23/2018 9:42:15 AM	0.70	0.65	0.36	0.00	0.00	0.00	0.00	0.40	1.71	85.04	7.20	30.15	370	655	161	0	0	0	0	0	1186	148.24	3.26	1.51	5.84	6.14	6.05	6.84	1.71	39.82	12.16
7/23/2018 9:42:18 AM	0.71	0.63	0.38	0.00	0.00	0.00	0.00	0.40	1.73	84.98	7.25	30.55	377	635	172	0	0	0	0	0	1183	148.14	3.30	1.49	5.77	6.18	6.02	6.98	1.71	39.77	12.19
7/23/2018 9:42:20 AM	0.72	0.66	0.45	0.00	0.00	0.00	0.00	0.39	1.83	85.05	7.28	30.86	382	659	204	0	0	0	0	0	1244	148.25	3.47	1.59	5.89	6.27	6.27	7.28	1.71	39.72	12.18
7/23/2018 9:42:23 AM	0.70	0.69	0.55	0.00	0.00	0.00	0.00	0.38	1.94	85.05	7.30	30.86	371	686	249	0	0	0	0	0	1305	148.25	3.71	1.58	6.15	6.34	6.41	7.59	1.72	39.66	12.16
7/23/2018 9:42:25 AM	0.64	0.65	0.44	0.00	0.00	0.00	0.00	0.41	1.73	85.30	7.33	30.92	339	645	200	0	0	0	0	0	1184	148.69	3.44	1.50	5.78	6.27	6.13	7.09	1.72	39.59	12.16
7/23/2018 9:42:27 AM	0.61	0.64	0.36	0.00	0.00	0.00	0.00	0.41	1.61	85.36	7.36	31.01	325	637	161	0	0	0	0	0	1123	148.79	3.21	1.45	5.60	6.12	6.01	6.65	1.72	39.55	12.16
7/23/2018 9:42:30 AM	0.76	0.69	0.40	0.00	0.00	0.00	0.00	0.39	1.85	85.15	7.40	31.08	402	691	180	0	0	0	0	0	1273	148.42	3.39	1.60	6.01	6.25	6.38	7.17	1.73	39.48	12.15
7/23/2018 9:42:32 AM	0.94	0.66	0.36	0.00	0.00	0.00	0.00	0.39	1.96	84.74	7.48	31.14	496	662	164	0	0	0	0	0	1322	147.70	3.38	1.60	6.01	6.38	6.34	7.54	1.73	39.42	12.14
7/23/2018 9:42:34 AM	0.96	0.74	0.38	0.00	0.00	0.00	0.00	0.39	2.08	85.18	7.54	30.48	511	738	169	0	0	0	0	0	1418	148.48	3.50	1.64	6.54	6.50	6.54	7.71	1.74	39.36	12.14
7/23/2018 9:42:37 AM	0.66	0.64	0.34	0.00	0.00	0.00	0.00	0.40	1.64	85.15	7.60	30.04	352	639	151	0	0	0	0	0	1142	148.42	3.18	1.43	5.68	6.09	5.98	6.66	1.74	39.29	12.16
7/23/2018 9:42:39 AM	0.72	0.65	0.36	0.00	0.00	0.00	0.00	0.39	1.72	84.66	7.66	29.99	379	647	161	0	0	0	0	0	1187	147.57	3.24	1.44	5.76	6.07	6.10	6.82	1.75	39.24	12.14
7/23/2018 9:42:42 AM	0.61	0.64	0.44	0.00	0.00	0.00	0.00	0.41	1.69	85.41	7.70	29.84	321	639	199	0	0	0	0	0	1159	148.87	3.41	1.42	5.69	6.23	6.12	6.98	1.75	39.18	12.13
7/23/2018 9:42:44 AM	0.69	0.67	0.35	0.00	0.00	0.00	0.00	0.41	1.71	85.21	7.75	30.30	367	666	158	0	0	0	0	0	1191	148.54	3.27	1.44	5.84	6.20	6.15	6.86	1.76	39.14	12.14
7/23/2018 9:42:46 AM	0.73	0.67	0.34	0.00	0.00	0.00	0.00	0.41	1.73	85.07	7.79	30.55	386	670	151	0	0	0	0	0	1207	148.28	3.25	1.48	5.86	6.22	6.19	6.90	1.76	39.07	12.11
7/23/2018 9:42:49 AM	0.76	0.65	0.32	0.00	0.00	0.00	0.00	0.41	1.74	84.89	7.83	30.20	405	655	144	0	0	0	0	0	1204	147.96	3.22	1.42	5.82	6.22	6.12	6.93	1.77	39.01	12.12
7/23/2018 9:42:51 AM	0.75	0.65	0.32	0.00	0.00	0.00	0.00	0.41	1.72	85.20	7.86	29.90	399	649	143	0	0	0	0	0	1191	148.51	3.20	1.47	5.73	6.20	6.13	6.88	1.77	38.95	12.11
7/23/2018 9:42:53 AM	0.82	0.71	0.38	0.00	0.00	0.00	0.00	0.40	1.90	85.08	7.88	30.08	432	706	170	0	0	0	0	0	1308	148.30	3.41	1.54	6.15	6.38	6.43	7.32	1.77	38.90	12.08
7/23/2018 9:42:56 AM	0.81	0.69	0.39	0.00	0.00	0.00	0.00	0.39	1.88	85.17	7.92	30.50	427	689	175	0	0	0	0	0	1292	148.46	3.38	1.50	6.00	6.23	6.45	7.23	1.78	38.83	12.10
7/23/2018 9:42:58 AM	0.71	0.66	0.35	0.00	0.00	0.00	0.00	0.41	1.72	85.11	7.97	30.56	376	659	157	0	0	0	0	0	1192	148.36	3.26	1.47	5.75	6.25	6.21	6.93	1.78	38.76	12.08
7/23/2018 9:43:01 AM	0.66	0.66	0.40	0.00	0.00	0.00	0.00	0.41	1.72	85.23	8.01	30.02	348	657	181	0	0	0	0	0	1186	148.57	3.36	1.46	5.80	6.25	6.16	6.97	1.79	38.71	12.06
7/23/2018 9:43:03 AM	0.65	0.64	0.42	0.00	0.00	0.00	0.00	0.40	1.72	85.45	8.05	29.73	346	643	190	0	0	0	0	0	1179	148.94	3.38	1.46	5.75	6.22	6.12	7.01	1.79	38.64	12.06
7/23/2018 9:43:05 AM	0.72	0.65	0.35	0.00	0.00	0.00	0.00	0.41	1.72	85.21	8.10	29.97	381	654	157	0	0	0	0	0	1192	148.52	3.26	1.47	5.78	6.21	6.14	6.91	1.79	38.58	12.05
7/23/2018 9:43:08 AM	0.78	0.65	0.29	0.00	0.00	0.00	0.00	0.41	1.72	85.33	8.12	29.97	413	649	133	0	0	0	0	0	1195	148.73	3.17	1.39	5.73	6.22	6.15	6.89	1.80	38.52	12.04
7/23/2018 9:43:10 AM	0.70	0.70	0.39	0.00	0.00	0.00	0.00	0.41	1.79	85.00	8.18	30.25	369	701	175	0	0	0	0	0	1245	148.16	3.37	1.54	6.01	6.27	6.36	7.03	1.80	38.45	12.05
7/23/2018 9:43:12 AM	0.69	0.68	0.36	0.00	0.00	0.00	0.00	0.42	1.72	85.10	8.24	29.67	366	676	161	0	0	0	0	0	1202	148.33	3.32	1.53	5.86	6.38	6.23	7.01	1.81	38.41	12.01
7/23/2018 9:43:15 AM	0.69	0.70	0.30	0.00	0.00	0.00	0.00	0.42	1.68	85.42	8.29	29.33	364	702	133	0	0	0	0	0	1199	148.90	3.19	1.46	5.91	6.27	6.29	6.72	1.81	38.35	12.03
7/23/2018 9:43:17 AM	0.78	0.69	0.31	0.00	0.00	0.00	0.00	0.41	1.79	85.14	8.35	29.62	415	694	141	0	0	0	0	0	1250	148.41	3.25	1.46	5.92	6.31	6.39	7.01	1.82	38.29	12.02
7/23/2018 9:43:20 AM	0.60	0.71	0.42	0.00	0.00	0.00	0.00	0.42	1.72	85.38	8.41	29.18	316	706	187	0	0	0	0	0	1209	148.82	3.40	1.58	5.83	6.29	6.48	6.91	1.82	38.23	12.01
7/23/2018 9:43:22 AM	0.63	0.70	0.36	0.00	0.00	0.00	0.00	0.42	1.70	84.82	8.48	29.18	336	702	163	0	0	0	0	0	1201	147.85	3.31	1.53	5.84	6.29	6.40	6.83	1.83	38.18	12.02
7/23/2018 9:43:24 AM	0.65	0.70	0.36	0.00	0.00	0.00	0.00	0.42	1.70	84.98	8.58	29.48	342	700	160	0	0	0	0	0	1202	148.13	3.31	1.50	5.92	6.31	6.31	6.85	1.84	38.11	12.00
7/23/2018 9:43:27 AM	0.74	0.68	0.30	0.00	0.00	0.00	0.00	0.40	1.72	85.10	8.71	29.10	393	680	133	0	0	0	0	0	1206	148.35	3.15	1.41	5.73	6.12	6.35	6.72	1.85	38.05	11.98
7/23/2018 9:43:29 AM	0.66	0.67	0.30	0.00	0.00	0.00	0.00	0.43	1.63	85.24	8.79	28.77	352	665	136	0	0	0	0	0	1153	148.58	3.17	1.40	5.64	6.26	6.22	6.69	1.86	37.97	12.00
7/23/2018 9:43:31 AM	0.76	0.71	0.35	0.00	0.00	0.00	0.00	0.41	1.82	85.17	8.87	28.68	405	713	156	0	0	0	0	0	1274	148.47	3.34	1.47	5.97	6.40	6.56	7.14	1.87	37.92	11.98
7/23/2018 9:43:34 AM	0.79	0.72	0.32	0.00	0.00	0.00	0.00	0.42	1.84	84.99	8.94	28.84	420	722	144	0	0	0	0	0	1286	148.15	3.31	1.55	6.06	6.43	6.53	7.14	1.88	37.86	11.95
7/23/2018 9:43:36 AM	0.79	0.69	0.28	0.00	0.00	0.00	0.00	0.41	1.75	85.32	9.00	29.09	417	690	124	0	0	0	0	0	1231	148.72	3.17	1.47	5.85	6.29	6.35	6.89	1.88	37.79	11.98
7/23/2018 9:43:39 AM	0.77	0.69	0.27	0.00	0.00	0.00	0.00	0.42	1.72	85.23	9.08	29.28	406	689	120	0	0	0	0	0	1215	148.56	3.14	1.40	5.81	6.25	6.35	6.79	1.89	37.73	11.97
7/23/2018 9:43:41 AM	0.75	0.69	0.28	0.00	0.00	0.00	0.00	0.42	1.72	85.23	9.14	29.59	399	687	124	0	0	0	0	0	1211	148.56	3.15	1.46	5.70	6.30	6.45	6.83	1.90	37.65	11.95
7/23/2018 9:43:43 AM	0.81	0.70	0.28	0.00	0.00	0.00	0.00	0.41	1.80	85.29	9.20	29.80	431	702	128	0	0	0	0	0	1260	148.66	3.20	1.42	5.86	6.32	6.52	6.99	1.90	37.60	11.93
7/23/2018 9:43:46 AM	0.71	0.68	0.34	0.00	0.00	0.00	0.00	0.42	1.73	85.44	9.26	29.72	377	681	153	0	0	0	0	0	1211	148.94	3.28	1.45	5.75	6.35	6.41	6.97	1.91	37.55	11.92
7/23/2018 9:43:48 AM	0.69	0.70	0.32	0.00	0.00	0.00	0.00	0.43	1.70	85.16	9.34	29.67	363	696	145	0	0	0	0	0	1204	148.44	3.26	1.40	5.75	6.36	6.47	6.87	1.91	37.46	11.94
7/23/2018 9:43:51 AM	0.67	0.68	0.31	0.00	0.00	0.00	0.00	0.43	1.66	85.13	9.37	29.20	353	683	141	0	0	0	0	0	1178	148.40	3.21	1.46	5.71	6.32	6.34	6.78	1.92	37.42	11.92
7/23/2018 9:43:53 AM	0.69	0.68	0.36	0.00	0.00	0.00	0.00	0.43	1.73	85.28	9.42	29.16	368	683	161	0	0	0	0	0	1211	148.66	3.34	1.54	5.74	6.50	6.44	7.11	1.92	37.38	11.91
7/23/2018 9:43:55 AM	0.72	0.74	0.37	0.00	0.00	0.00	0.00	0.42	1.83	85.06	9.47	29.47	382	739	168	0	0	0	0	0	1290	148.26	3.42	1.51	6.10	6.45	6.65	7.16	1.93	37.30	11.91
7/23/2018 9:43:58 AM	0.88	0.71	0.38	0.00	0.00	0.00	0.00	0.40	1.97	84.95	9.51	29.30	469	713	169	0	0	0	0	0	1351	148.07	3.45	1.51	6.07	6.50	6.71	7.56	1.93	37.24	11.89
7/23/2018 9:44:00 AM	0.79	0.76	0.34	0.00	0.00	0.00	0.00	0.42	1.89	85.29	9.53	29.20	418	758	153	0	0	0	0	0	1330	148.66	3.39	1.55	6.27	6.48	6.68	7.22	1.93	37.21	11.87
7/23/2018 9:44:02 AM	0.76	0.78	0.35	0.00	0.00	0.00	0.00	0.43	1.90	85.23	9.59	29.40	403	782	160	0	0	0	0	0	1345	148.57	3.47	1.59	6.42	6.64	6.72	7.32	1.94	37.15	11.87
7/23/2018 9:44:05 AM	0.72	0.72	0.34	0.00	0.00	0.00	0.00	0.43	1.78	85.20	9.65	29.40	379	722	152	0	0	0	0	0	1254	148.50	3.33	1.47	5.85	6.46	6.69	7.06	1.95	37.08	11.87
7/23/2018 9:44:07 AM	0.71	0.73	0.30	0.00	0.00	0.00	0.00	0.43	1.74	85.12	9.71	29.40	378	728	136	0	0	0	0	0	1242	148.37	3.25	1.56	5.90	6.43	6.60	6.92	1.95	37.01	11.87
7/23/2018 9:44:10 AM	0.67	0.71	0.31	0.00	0.00	0.00	0.00	0.44	1.69	85.00	9.78	29.24	354	708	142	0	0	0	0	0	1203	148.16	3.26	1.46	5.81	6.43	6.47	6.86	1.96	36.95	11.87
7/23/2018 9:44:12 AM	0.64	0.71	0.30	0.00	0.00	0.00	0.00	0.44	1.66	85.27	9.83	29.08	340	710	136	0	0	0	0	0	1187	148.63	3.21	1.53	5.75	6.37	6.47	6.73	1.96	36.89	11.85
7/23/2018 9:44:14 AM	0.64	0.71	0.31	0.00	0.00	0.00	0.00	0.45	1.66	85.18	9.88	29.03	339	713	138	0	0	0	0	0	1190	148.47	3.27	1.46	5.81	6.54	6.47	6.87	1.97	36.84	11.84
7/23/2018 9:44:17 AM	0.69	0.70	0.31	0.00	0.00	0.00	0.00	0.44	1.70	85.14	9.93	28.92	367	704	138	0	0	0	0	0	1209	148.41	3.25	1.48	5.78	6.47	6.50	6.92	1.97	36.82	11.81
7/23/2018 9:44:19 AM	0.72	0.73	0.34	0.00	0.00	0.00	0.00	0.44	1.80	85.11	9.99	28.99	382	733	154	0	0	0	0	0	1269	148.35	3.38	1.52	5.97	6.59	6.68	7.17	1.98	36.76	11.81
7/23/2018 9:44:21 AM	0.68	0.71	0.27	0.00	0.00	0.00	0.00	0.44	1.66	85.33	10.08	29.08	362	711	122	0	0	0	0	0	1195	148.75	3.18	1.48	5.76	6.46	6.48	6.79	1.99	36.69	11.79
7/23/2018 9:44:24 AM	0.66	0.73	0.29	0.00	0.00	0.00	0.00	0.45	1.68	85.10	10.16	29.09	352	733	129	0	0	0	0	0	1214	148.35	3.25	1.50	5.86	6.56	6.59	6.87	2.00	36.62	11.82
7/23/2018 9:44:26 AM	0.73	0.71	0.28	0.00	0.00	0.00	0.00	0.44	1.72	85.00	10.24	28.72	389	711	124	0	0	0	0	0	1224	148.17	3.22	1.47	5.83	6.50	6.51	6.94	2.00	36.57	11.79
7/23/2018 9:44:29 AM	0.87	0.72	0.27	0.00	0.00	0.00	0.00	0.43	1.86	85.09	10.30	28.62	461	719	123	0	0	0	0	0	1303	148.32	3.25	1.56	5.88	6.57	6.73	7.27	2.01	36.52	11.78
7/23/2018 9:44:31 AM	0.79	0.70	0.23	0.00	0.00	0.00	0.00	0.44	1.72	85.27	10.36	28.92	416	699	104	0	0	0	0	0	1220	148.64	3.11	1.44	5.67	6.43	6.56	6.86	2.02	36.45	11.79
7/23/2018 9:44:33 AM	0.71	0.76	0.43	0.00	0.00	0.00	0.00	0.44	1.90	85.24	10.42	29.08	375	755	195	0	0	0	0	0	1325	148.57	3.58	1.60	5.96	6.72	7.06	7.53	2.02	36.42	11.76
7/23/2018 9:44:36 AM	0.70	0.75	0.35	0.00	0.00	0.00	0.00	0.44	1.80	85.28	10.50	29.04	373	750	157	0	0	0	0	0	1279	148.65	3.40	1.58	6.01	6.63	6.76	7.18	2.03	36.34	11.76
7/23/2018 9:44:38 AM	0.69	0.71	0.26	0.00	0.00	0.00	0.00	0.45	1.65	85.17	10.56	28.63	366	708	115	0	0	0	0	0	1189	148.46	3.16	1.51	5.67	6.54	6.54	6.82	2.03	36.30	11.74
