Date/Time	Green Algae	Bluegreen	Diatoms	Cryptophyta	#5	#6	#7	Yellow substances	Total conc.	Transmission	Depth	Temp. Sample	Green Algae	Bluegreen	Diatoms	Cryptophyta	#5	#6	#7	Yellow substances	Total cell count	Trans. 700 nm	LED 3 [525 nm]	LED 4 [570 nm]	LED 5 [610 nm]	LED 6 [370 nm]	LED 7 [590 nm]	LED 8 [470 nm]	Pressure	Temp. LEDs	Temp. Sensor
date	µg/l	µg/l	µg/l	µg/l	µg/l	µg/l	µg/l	r.u.	µg/l	%	m	°C	cells/ml	cells/ml	cells/ml	cells/ml	cells/ml	cells/ml	cells/ml	r.u.	cells/ml	digits	digits	digits	digits	digits	digits	digits	bar	°C	°C
11/2/2018 1:11:58 PM	5.45	0.61	2.05	2.41	0.00	0.00	0.00	0.33	10.52	84.88	0.48	30.86	2887	610	922	72	0	0	0	0	4491	147.95	17.41	6.63	16.57	19.27	21.51	39.57	1.05	40.05	12.53
11/2/2018 1:12:00 PM	5.02	1.03	3.15	1.73	0.00	0.00	0.00	0.31	10.93	85.05	0.51	30.85	2661	1034	1417	52	0	0	0	0	5164	148.25	17.95	6.18	17.50	19.43	21.59	40.01	1.05	40.05	12.54
11/2/2018 1:12:02 PM	5.16	0.90	3.21	1.84	0.00	0.00	0.00	0.27	11.10	85.39	0.53	30.95	2735	901	1443	55	0	0	0	0	5134	148.85	18.34	5.90	17.18	19.46	21.82	40.86	1.05	40.08	12.54
11/2/2018 1:12:05 PM	5.83	1.16	3.32	1.58	0.00	0.00	0.00	0.25	11.89	85.14	0.53	31.64	3087	1160	1495	47	0	0	0	0	5790	148.40	18.34	6.21	18.52	20.13	22.39	42.29	1.05	40.10	12.54
11/2/2018 1:12:07 PM	5.45	1.06	3.54	1.67	0.00	0.00	0.00	0.25	11.72	84.85	0.57	32.02	2887	1060	1593	50	0	0	0	0	5590	147.90	18.85	6.19	18.15	20.07	22.31	42.42	1.06	40.13	12.55
11/2/2018 1:12:09 PM	5.72	1.06	3.30	1.82	0.00	0.00	0.00	0.22	11.90	85.11	0.64	31.59	3031	1058	1486	55	0	0	0	0	5630	148.36	18.84	6.31	18.47	20.00	22.87	42.67	1.06	40.15	12.56
11/2/2018 1:12:12 PM	5.97	0.86	2.92	2.25	0.00	0.00	0.00	0.30	12.00	85.16	0.69	31.99	3165	857	1315	68	0	0	0	0	5404	148.44	19.47	6.62	18.43	21.10	23.57	44.25	1.07	40.19	12.54
11/2/2018 1:12:14 PM	5.48	0.65	3.03	2.49	0.00	0.00	0.00	0.26	11.65	85.11	0.74	32.12	2905	649	1364	75	0	0	0	0	4993	148.35	19.91	6.56	17.66	20.40	23.40	43.77	1.07	40.19	12.54
11/2/2018 1:12:17 PM	5.72	1.08	3.43	1.82	0.00	0.00	0.00	0.21	12.04	85.00	0.78	31.94	3032	1079	1542	54	0	0	0	0	5707	148.16	19.10	6.55	18.74	20.13	22.96	43.12	1.08	40.20	12.58
11/2/2018 1:12:19 PM	6.19	0.69	2.40	2.58	0.00	0.00	0.00	0.29	11.86	85.27	0.81	32.22	3278	692	1079	77	0	0	0	0	5127	148.63	19.20	6.92	18.18	20.83	23.67	43.91	1.08	40.21	12.58
11/2/2018 1:12:21 PM	6.44	0.79	2.60	2.32	0.00	0.00	0.00	0.18	12.15	84.94	0.84	32.14	3415	791	1168	70	0	0	0	0	5443	148.06	18.79	7.06	18.51	20.08	23.24	43.66	1.08	40.25	12.56
11/2/2018 1:12:24 PM	5.76	0.81	2.97	2.48	0.00	0.00	0.00	0.30	12.03	85.05	0.87	32.37	3053	809	1339	75	0	0	0	0	5275	148.25	20.14	7.32	18.80	21.31	23.92	44.84	1.09	40.24	12.58
11/2/2018 1:12:26 PM	5.92	0.80	3.23	2.17	0.00	0.00	0.00	0.24	12.12	85.35	0.92	33.05	3138	800	1455	65	0	0	0	0	5457	148.78	19.67	7.21	18.48	20.74	22.87	44.56	1.09	40.26	12.60
11/2/2018 1:12:28 PM	5.93	1.03	3.25	2.23	0.00	0.00	0.00	0.31	12.44	85.11	0.96	33.49	3143	1027	1461	67	0	0	0	0	5697	148.35	20.34	6.81	19.41	21.85	24.59	45.63	1.09	40.26	12.60
11/2/2018 1:12:31 PM	6.52	1.18	2.84	2.12	0.00	0.00	0.00	0.23	12.66	84.93	0.99	33.65	3455	1178	1280	64	0	0	0	0	5976	148.03	19.24	7.60	20.25	21.12	24.26	44.68	1.10	40.28	12.61
11/2/2018 1:12:33 PM	5.70	0.83	3.20	2.27	0.00	0.00	0.00	0.21	12.00	85.01	1.00	33.68	3022	827	1440	68	0	0	0	0	5356	148.19	19.79	6.67	18.35	20.33	23.55	44.00	1.10	40.28	12.60
11/2/2018 1:12:36 PM	6.13	1.25	3.23	2.02	0.00	0.00	0.00	0.29	12.64	84.84	1.04	33.92	3250	1255	1455	61	0	0	0	0	6020	147.89	19.87	7.21	20.27	21.72	24.57	45.21	1.10	40.27	12.59
11/2/2018 1:12:38 PM	6.13	0.80	3.02	2.43	0.00	0.00	0.00	0.25	12.38	85.16	1.07	34.37	3250	799	1359	73	0	0	0	0	5480	148.44	20.17	6.86	18.78	21.30	24.22	45.57	1.10	40.29	12.60
11/2/2018 1:12:40 PM	5.85	0.89	2.66	2.73	0.00	0.00	0.00	0.33	12.13	85.19	1.10	34.38	3100	894	1196	82	0	0	0	0	5272	148.50	20.36	7.44	19.44	21.71	25.09	45.08	1.11	40.28	12.60
11/2/2018 1:12:43 PM	5.94	0.44	2.69	2.74	0.00	0.00	0.00	0.17	11.82	85.22	1.13	33.95	3149	444	1212	82	0	0	0	0	4887	148.54	19.75	6.91	17.44	19.92	23.32	44.13	1.11	40.28	12.60
11/2/2018 1:12:45 PM	5.84	0.97	2.99	2.23	0.00	0.00	0.00	0.26	12.03	85.61	1.16	33.90	3095	966	1346	67	0	0	0	0	5474	149.23	19.45	6.99	18.93	20.64	23.71	43.72	1.11	40.30	12.60
11/2/2018 1:12:47 PM	6.01	0.88	2.46	2.46	0.00	0.00	0.00	0.31	11.80	85.17	1.27	32.83	3184	876	1105	74	0	0	0	0	5238	148.47	19.06	7.10	18.71	20.89	23.80	43.35	1.12	40.28	12.60
11/2/2018 1:12:50 PM	4.71	1.08	3.52	1.82	0.00	0.00	0.00	0.31	11.13	84.92	1.35	31.72	2499	1077	1583	55	0	0	0	0	5213	148.03	18.98	6.41	18.00	19.82	22.30	41.05	1.13	40.26	12.60
11/2/2018 1:12:52 PM	5.36	1.20	3.33	1.76	0.00	0.00	0.00	0.24	11.64	85.14	1.45	31.63	2839	1197	1497	53	0	0	0	0	5586	148.41	18.67	6.33	18.69	19.76	22.94	41.57	1.14	40.26	12.58
11/2/2018 1:12:55 PM	4.94	1.05	3.05	1.88	0.00	0.00	0.00	0.26	10.91	85.18	1.50	30.84	2617	1050	1372	56	0	0	0	0	5096	148.47	18.05	6.06	17.62	18.95	22.20	39.60	1.15	40.25	12.58
11/2/2018 1:12:57 PM	4.99	1.03	2.80	1.93	0.00	0.00	0.00	0.32	10.75	84.89	1.54	31.01	2647	1034	1258	58	0	0	0	0	4997	147.98	17.76	6.37	17.62	19.32	21.94	39.38	1.15	40.24	12.59
11/2/2018 1:12:59 PM	5.23	1.03	2.90	2.03	0.00	0.00	0.00	0.33	11.20	84.91	1.60	31.48	2774	1031	1307	61	0	0	0	0	5172	148.01	18.52	6.30	18.05	20.04	22.85	41.11	1.16	40.22	12.60
11/2/2018 1:13:02 PM	5.56	0.82	2.09	2.50	0.00	0.00	0.00	0.30	10.97	84.92	1.66	31.94	2949	820	942	75	0	0	0	0	4785	148.03	17.97	6.77	17.76	19.53	22.98	40.36	1.16	40.19	12.58
11/2/2018 1:13:04 PM	5.25	0.77	2.55	2.22	0.00	0.00	0.00	0.26	10.78	85.05	1.79	31.84	2780	765	1145	67	0	0	0	0	4757	148.26	17.85	6.46	17.04	18.95	21.86	39.81	1.18	40.19	12.59
11/2/2018 1:13:06 PM	4.56	0.95	3.23	1.83	0.00	0.00	0.00	0.27	10.56	85.10	1.85	30.93	2416	947	1453	55	0	0	0	0	4870	148.34	18.03	6.08	16.98	18.67	21.36	39.01	1.18	40.16	12.58
11/2/2018 1:13:09 PM	4.96	0.66	2.05	2.61	0.00	0.00	0.00	0.30	10.28	85.09	1.90	30.81	2631	655	923	78	0	0	0	0	4287	148.32	17.72	6.83	16.80	18.65	22.09	38.67	1.19	40.13	12.58
11/2/2018 1:13:11 PM	4.48	0.72	2.09	2.27	0.00	0.00	0.00	0.30	9.56	85.04	1.98	30.98	2373	719	942	68	0	0	0	0	4103	148.24	16.53	6.16	15.85	17.51	20.77	35.85	1.19	40.09	12.58
11/2/2018 1:13:14 PM	4.16	0.96	2.69	1.75	0.00	0.00	0.00	0.28	9.57	85.08	2.03	30.45	2207	956	1211	53	0	0	0	0	4427	148.31	16.32	5.63	15.95	17.18	20.22	35.14	1.20	40.07	12.54
11/2/2018 1:13:16 PM	4.15	0.96	2.50	1.92	0.00	0.00	0.00	0.33	9.53	85.06	2.08	30.44	2202	959	1123	58	0	0	0	0	4341	148.26	16.48	5.92	16.22	17.59	20.63	35.34	1.20	40.04	12.57
11/2/2018 1:13:18 PM	4.71	1.03	2.50	1.86	0.00	0.00	0.00	0.27	10.10	85.16	2.10	31.13	2498	1028	1125	56	0	0	0	0	4707	148.45	16.54	6.20	16.93	17.78	21.01	36.49	1.21	40.01	12.57
11/2/2018 1:13:21 PM	4.44	0.83	2.14	2.21	0.00	0.00	0.00	0.35	9.62	85.05	2.17	31.94	2353	833	964	66	0	0	0	0	4217	148.26	16.67	6.14	16.23	18.07	21.09	36.14	1.21	39.98	12.57
11/2/2018 1:13:23 PM	4.71	1.11	2.57	1.83	0.00	0.00	0.00	0.30	10.23	84.89	2.19	31.67	2496	1111	1158	55	0	0	0	0	4820	147.98	16.77	6.12	17.26	18.22	21.42	36.93	1.22	39.95	12.58
11/2/2018 1:13:25 PM	5.21	0.76	1.94	2.24	0.00	0.00	0.00	0.27	10.15	84.57	2.20	31.34	2760	761	872	67	0	0	0	0	4461	147.42	16.44	6.17	16.40	17.90	21.26	37.11	1.22	39.92	12.59
11/2/2018 1:13:28 PM	4.64	1.13	2.78	1.68	0.00	0.00	0.00	0.26	10.23	84.98	2.21	31.74	2458	1131	1251	50	0	0	0	0	4891	148.12	16.62	6.40	17.29	17.79	20.81	36.61	1.22	39.87	12.58
11/2/2018 1:13:30 PM	3.85	1.07	2.97	2.17	0.00	0.00	0.00	0.35	10.06	85.54	2.34	32.07	2038	1075	1337	65	0	0	0	0	4514	149.10	18.37	6.83	17.67	18.76	22.23	37.80	1.23	39.84	12.56
11/2/2018 1:13:33 PM	4.64	0.92	2.30	2.33	0.00	0.00	0.00	0.31	10.18	85.32	2.31	32.34	2460	918	1033	70	0	0	0	0	4481	148.72	17.46	6.86	17.35	18.46	22.00	37.67	1.23	39.83	12.53
11/2/2018 1:13:35 PM	4.19	1.37	3.33	1.59	0.00	0.00	0.00	0.35	10.48	85.13	2.35	32.47	2222	1366	1496	48	0	0	0	0	5132	148.39	17.83	6.57	18.31	19.00	21.80	37.98	1.23	39.81	12.53
11/2/2018 1:13:37 PM	4.58	1.03	2.24	2.11	0.00	0.00	0.00	0.36	9.95	84.89	2.37	32.52	2429	1025	1007	63	0	0	0	0	4525	147.97	16.82	6.71	17.27	18.51	21.47	36.72	1.23	39.77	12.53
11/2/2018 1:13:40 PM	4.78	0.92	2.30	1.92	0.00	0.00	0.00	0.29	9.93	85.11	2.46	32.24	2531	924	1036	58	0	0	0	0	4548	148.36	16.25	6.16	16.49	17.71	20.64	36.17	1.24	39.71	12.57
11/2/2018 1:13:42 PM	3.98	0.84	2.15	1.96	0.00	0.00	0.00	0.34	8.93	84.97	2.50	31.07	2108	843	966	59	0	0	0	0	3977	148.12	15.58	5.92	15.39	16.83	19.64	33.46	1.24	39.72	12.53
11/2/2018 1:13:44 PM	4.11	0.97	2.54	1.70	0.00	0.00	0.00	0.28	9.32	85.21	2.52	30.42	2176	970	1143	51	0	0	0	0	4340	148.53	15.74	5.98	15.88	16.77	19.59	34.07	1.25	39.64	12.55
11/2/2018 1:13:47 PM	4.33	0.61	1.72	2.30	0.00	0.00	0.00	0.35	8.96	85.26	2.52	30.58	2295	609	773	69	0	0	0	0	3746	148.62	15.67	5.88	14.93	17.09	19.96	34.18	1.25	39.59	12.54
11/2/2018 1:13:49 PM	4.45	0.87	2.13	1.96	0.00	0.00	0.00	0.29	9.42	84.96	2.55	30.77	2358	874	960	59	0	0	0	0	4250	148.09	15.74	5.78	15.80	16.98	20.27	34.52	1.25	39.60	12.50
11/2/2018 1:13:52 PM	4.06	0.88	1.94	2.12	0.00	0.00	0.00	0.30	9.00	85.04	2.60	30.70	2153	880	872	64	0	0	0	0	3969	148.24	15.56	6.16	15.80	16.49	20.22	33.21	1.26	39.53	12.54
11/2/2018 1:13:54 PM	4.11	0.75	1.72	2.37	0.00	0.00	0.00	0.36	8.94	85.26	2.71	30.28	2178	751	772	71	0	0	0	0	3772	148.61	15.89	6.22	15.60	17.14	20.55	33.92	1.27	39.48	12.47
11/2/2018 1:13:56 PM	4.08	0.78	1.72	1.94	0.00	0.00	0.00	0.33	8.52	85.10	2.70	30.16	2161	783	772	58	0	0	0	0	3775	148.34	14.48	5.54	14.67	16.02	19.01	31.68	1.26	39.42	12.54
11/2/2018 1:13:59 PM	4.10	0.81	1.50	2.17	0.00	0.00	0.00	0.37	8.57	85.16	2.76	30.46	2171	811	675	65	0	0	0	0	3721	148.44	14.82	5.88	15.17	16.58	19.78	32.16	1.27	39.44	12.48
11/2/2018 1:14:01 PM	3.82	1.04	2.40	1.78	0.00	0.00	0.00	0.30	9.04	85.34	2.78	30.77	2027	1038	1080	53	0	0	0	0	4198	148.75	15.59	6.03	15.99	16.52	19.82	33.08	1.27	39.37	12.46
11/2/2018 1:14:03 PM	4.02	1.01	2.26	1.93	0.00	0.00	0.00	0.30	9.22	85.02	2.80	31.13	2128	1015	1015	58	0	0	0	0	4216	148.20	15.79	6.28	16.29	16.72	20.25	33.65	1.27	39.28	12.48
11/2/2018 1:14:06 PM	4.08	0.88	1.81	1.98	0.00	0.00	0.00	0.33	8.76	85.04	2.84	31.42	2161	884	815	60	0	0	0	0	3920	148.24	14.93	5.80	15.35	16.41	19.67	32.37	1.28	39.28	12.51
11/2/2018 1:14:08 PM	4.15	0.88	1.87	1.90	0.00	0.00	0.00	0.30	8.79	85.12	2.88	31.47	2198	877	840	57	0	0	0	0	3972	148.37	14.75	5.67	15.20	16.13	19.41	32.21	1.28	39.24	12.46
11/2/2018 1:14:11 PM	3.88	0.92	1.97	1.95	0.00	0.00	0.00	0.36	8.72	85.37	2.93	31.25	2055	918	887	59	0	0	0	0	3918	148.80	15.19	5.78	15.40	16.63	19.73	32.50	1.29	39.20	12.44
11/2/2018 1:14:13 PM	3.82	0.94	1.77	1.92	0.00	0.00	0.00	0.39	8.45	84.82	2.97	30.63	2025	938	796	58	0	0	0	0	3817	147.84	14.67	6.02	15.33	16.49	19.26	31.57	1.29	39.13	12.46
11/2/2018 1:14:15 PM	3.87	1.03	1.89	1.82	0.00	0.00	0.00	0.35	8.61	85.34	3.03	30.37	2049	1032	853	55	0	0	0	0	3988	148.76	14.64	6.01	15.66	16.28	19.38	31.54	1.30	39.13	12.44
11/2/2018 1:14:18 PM	3.53	0.85	1.61	2.10	0.00	0.00	0.00	0.41	8.08	85.22	3.08	30.29	1871	853	723	63	0	0	0	0	3509	148.54	14.61	6.21	15.01	16.21	19.08	30.78	1.30	39.13	12.42
11/2/2018 1:14:20 PM	3.62	0.88	1.65	2.01	0.00	0.00	0.00	0.38	8.16	84.95	3.13	30.29	1920	882	742	60	0	0	0	0	3604	148.07	14.49	5.59	14.83	16.04	19.30	30.71	1.31	39.02	12.40
11/2/2018 1:14:22 PM	3.39	0.71	1.29	1.97	0.00	0.00	0.00	0.35	7.36	85.08	3.19	30.58	1797	711	578	59	0	0	0	0	3146	148.30	13.14	5.20	13.41	14.56	17.81	27.88	1.31	38.95	12.41
11/2/2018 1:14:25 PM	3.54	0.92	1.55	1.82	0.00	0.00	0.00	0.34	7.83	85.10	3.23	30.70	1878	916	697	55	0	0	0	0	3546	148.34	13.54	5.31	14.36	15.04	18.49	28.88	1.32	38.93	12.40
11/2/2018 1:14:27 PM	3.08	0.79	1.50	2.01	0.00	0.00	0.00	0.39	7.39	84.95	3.28	30.96	1633	793	676	60	0	0	0	0	3162	148.07	13.80	5.17	13.76	15.06	18.45	28.40	1.32	38.88	12.46
11/2/2018 1:14:30 PM	3.13	0.75	1.51	1.89	0.00	0.00	0.00	0.36	7.29	85.08	3.33	30.96	1659	753	680	57	0	0	0	0	3150	148.30	13.36	5.09	13.38	14.61	17.77	27.82	1.33	38.82	12.48
11/2/2018 1:14:32 PM	2.97	0.73	1.27	1.94	0.00	0.00	0.00	0.41	6.91	85.21	3.41	30.39	1572	732	573	58	0	0	0	0	2936	148.52	12.93	5.08	13.06	14.51	17.45	26.81	1.33	38.76	12.40
11/2/2018 1:14:34 PM	3.29	0.81	1.32	1.59	0.00	0.00	0.00	0.33	7.01	85.00	3.45	29.99	1741	815	595	48	0	0	0	0	3199	148.17	11.99	4.82	12.94	13.64	16.64	25.88	1.34	38.80	12.40
11/2/2018 1:14:37 PM	3.33	0.79	0.98	1.78	0.00	0.00	0.00	0.38	6.87	85.12	3.50	30.43	1767	787	439	53	0	0	0	0	3046	148.37	11.88	4.85	12.94	13.93	16.99	25.71	1.34	38.69	12.44
11/2/2018 1:14:39 PM	3.25	0.94	1.33	1.54	0.00	0.00	0.00	0.40	7.07	85.10	3.56	30.84	1724	942	600	46	0	0	0	0	3313	148.35	12.11	4.93	13.43	14.33	16.97	26.19	1.35	38.63	12.46
11/2/2018 1:14:41 PM	3.53	0.94	1.27	1.65	0.00	0.00	0.00	0.37	7.39	84.91	3.63	30.96	1872	939	573	49	0	0	0	0	3433	148.00	12.41	5.10	13.83	14.55	17.53	27.09	1.36	38.56	12.38
11/2/2018 1:14:44 PM	3.16	0.75	1.01	1.86	0.00	0.00	0.00	0.40	6.78	85.13	3.72	30.63	1677	749	455	56	0	0	0	0	2937	148.40	12.13	5.13	12.94	14.07	16.93	25.83	1.36	38.54	12.42
11/2/2018 1:14:46 PM	2.95	0.90	1.40	1.60	0.00	0.00	0.00	0.38	6.85	84.94	3.80	30.15	1564	896	630	48	0	0	0	0	3138	148.05	12.21	4.79	13.11	13.91	16.91	25.63	1.37	38.50	12.33
11/2/2018 1:14:49 PM	3.25	0.72	1.17	1.68	0.00	0.00	0.00	0.38	6.82	85.05	3.83	30.02	1721	717	528	50	0	0	0	0	3017	148.25	11.95	4.58	12.47	13.91	16.54	25.85	1.38	38.45	12.31
11/2/2018 1:14:51 PM	3.13	0.91	1.31	1.68	0.00	0.00	0.00	0.37	7.03	84.98	3.89	30.08	1660	906	588	50	0	0	0	0	3204	148.13	12.33	5.08	13.47	14.11	17.21	26.12	1.38	38.37	12.35
11/2/2018 1:14:53 PM	3.15	0.84	1.26	1.48	0.00	0.00	0.00	0.39	6.73	85.01	3.96	29.94	1669	842	565	44	0	0	0	0	3120	148.18	11.60	4.61	12.64	13.83	16.21	25.20	1.39	38.37	12.31
11/2/2018 1:14:56 PM	3.31	0.89	1.09	1.62	0.00	0.00	0.00	0.39	6.91	84.80	4.03	29.32	1752	894	491	49	0	0	0	0	3186	147.82	11.76	4.94	13.22	13.98	16.85	25.55	1.40	38.32	12.30
11/2/2018 1:14:58 PM	3.00	0.83	1.15	1.54	0.00	0.00	0.00	0.39	6.53	84.61	4.08	28.81	1588	831	520	46	0	0	0	0	2985	147.49	11.42	4.75	12.55	13.47	16.07	24.47	1.40	38.25	12.30
11/2/2018 1:15:00 PM	3.19	0.77	1.08	1.50	0.00	0.00	0.00	0.38	6.55	84.91	4.15	29.06	1693	768	486	45	0	0	0	0	2992	148.00	11.19	4.27	12.13	13.41	15.96	24.51	1.41	38.22	12.31
11/2/2018 1:15:03 PM	2.92	0.70	0.80	1.60	0.00	0.00	0.00	0.41	6.02	84.91	4.21	28.98	1550	699	359	48	0	0	0	0	2655	148.00	10.67	4.36	11.61	13.00	15.42	23.06	1.41	38.16	12.27
11/2/2018 1:15:05 PM	3.37	0.85	1.03	1.40	0.00	0.00	0.00	0.37	6.64	84.89	4.28	29.28	1784	850	463	42	0	0	0	0	3138	147.97	10.85	4.61	12.50	13.36	15.72	24.33	1.42	38.10	12.29
11/2/2018 1:15:08 PM	2.98	0.88	1.25	1.49	0.00	0.00	0.00	0.40	6.60	84.83	4.36	29.56	1579	881	561	45	0	0	0	0	3065	147.86	11.53	4.83	12.76	13.67	16.13	24.70	1.43	38.03	12.28
11/2/2018 1:15:10 PM	3.04	0.71	0.97	1.55	0.00	0.00	0.00	0.36	6.27	84.98	4.40	29.11	1611	711	435	46	0	0	0	0	2804	148.12	10.87	4.32	11.76	12.88	15.55	23.58	1.43	37.99	12.26
11/2/2018 1:15:12 PM	3.38	0.78	0.81	1.44	0.00	0.00	0.00	0.38	6.40	84.97	4.46	29.44	1789	783	363	43	0	0	0	0	2979	148.12	10.42	4.53	12.09	13.12	15.36	23.62	1.44	37.92	12.27
11/2/2018 1:15:15 PM	3.38	0.87	0.97	1.48	0.00	0.00	0.00	0.38	6.70	84.87	4.53	29.94	1791	870	439	44	0	0	0	0	3143	147.94	11.02	4.64	12.70	13.54	16.11	24.56	1.44	37.88	12.27
11/2/2018 1:15:17 PM	2.94	0.85	1.16	1.29	0.00	0.00	0.00	0.40	6.25	84.96	4.57	29.86	1558	854	521	39	0	0	0	0	2972	148.10	10.68	4.35	12.01	13.12	15.20	23.33	1.45	37.85	12.29
11/2/2018 1:15:20 PM	2.88	0.92	1.20	1.09	0.00	0.00	0.00	0.39	6.09	84.94	4.61	29.90	1525	923	540	33	0	0	0	0	3021	148.07	10.14	4.16	11.85	12.74	14.67	22.40	1.45	37.80	12.29
11/2/2018 1:15:22 PM	3.18	0.88	1.04	1.32	0.00	0.00	0.00	0.41	6.42	84.91	4.70	30.10	1687	881	467	39	0	0	0	0	3074	148.01	10.65	4.54	12.33	13.47	15.40	23.80	1.46	37.77	12.21
11/2/2018 1:15:24 PM	2.96	0.70	0.93	1.39	0.00	0.00	0.00	0.39	5.97	84.80	4.78	29.56	1569	701	417	42	0	0	0	0	2728	147.82	10.29	3.98	11.21	12.70	14.83	22.66	1.47	37.74	12.20
11/2/2018 1:15:27 PM	2.86	0.82	1.13	1.15	0.00	0.00	0.00	0.39	5.96	84.98	4.82	28.97	1514	821	508	34	0	0	0	0	2878	148.13	10.04	3.96	11.37	12.52	14.44	22.17	1.47	37.64	12.22
11/2/2018 1:15:29 PM	3.18	0.72	0.77	1.36	0.00	0.00	0.00	0.41	6.03	84.84	4.85	29.05	1686	723	345	41	0	0	0	0	2794	147.89	10.02	4.13	11.36	12.94	14.72	22.72	1.48	37.60	12.23
11/2/2018 1:15:31 PM	3.52	0.79	0.94	1.38	0.00	0.00	0.00	0.37	6.62	84.92	4.95	29.43	1867	788	422	41	0	0	0	0	3118	148.02	10.61	4.28	12.11	13.30	15.53	24.29	1.48	37.53	12.22
11/2/2018 1:15:34 PM	2.86	0.81	1.21	1.23	0.00	0.00	0.00	0.39	6.11	84.86	5.03	29.49	1514	814	545	37	0	0	0	0	2909	147.92	10.51	4.10	11.61	12.85	14.84	22.93	1.49	37.52	12.17
11/2/2018 1:15:36 PM	3.16	0.81	1.12	1.17	0.00	0.00	0.00	0.37	6.26	85.14	5.09	29.29	1674	814	503	35	0	0	0	0	3026	148.41	10.19	4.09	11.65	12.76	14.68	23.01	1.50	37.43	12.20
11/2/2018 1:15:39 PM	3.46	0.87	0.95	1.32	0.00	0.00	0.00	0.40	6.60	84.95	5.18	29.04	1834	869	428	40	0	0	0	0	3171	148.08	10.58	4.33	12.34	13.57	15.60	24.21	1.51	37.39	12.20
11/2/2018 1:15:41 PM	3.26	0.87	1.11	1.09	0.00	0.00	0.00	0.38	6.33	84.99	5.22	28.62	1730	874	500	33	0	0	0	0	3136	148.14	10.08	4.00	11.79	12.96	14.72	23.11	1.51	37.34	12.21
11/2/2018 1:15:43 PM	3.34	0.97	0.98	1.19	0.00	0.00	0.00	0.41	6.49	84.83	5.29	28.73	1773	969	443	36	0	0	0	0	3220	147.88	10.29	4.38	12.48	13.42	15.38	23.53	1.52	37.28	12.15
11/2/2018 1:15:46 PM	3.16	0.94	0.99	1.01	0.00	0.00	0.00	0.40	6.10	85.21	5.40	28.62	1675	940	446	30	0	0	0	0	3091	148.52	9.58	3.97	11.74	12.74	14.44	22.09	1.53	37.24	12.14
11/2/2018 1:15:48 PM	2.98	0.81	0.88	0.97	0.00	0.00	0.00	0.41	5.64	85.01	5.54	28.23	1578	813	396	29	0	0	0	0	2816	148.17	9.01	3.63	10.79	12.16	13.56	20.85	1.54	37.20	12.20
11/2/2018 1:15:50 PM	3.09	0.86	0.93	0.99	0.00	0.00	0.00	0.43	5.86	85.07	5.59	28.16	1636	860	419	30	0	0	0	0	2945	148.29	9.33	3.81	11.21	12.66	13.93	21.65	1.55	37.14	12.10
11/2/2018 1:15:53 PM	3.28	0.99	1.04	0.94	0.00	0.00	0.00	0.39	6.25	84.82	5.64	28.41	1739	992	470	28	0	0	0	0	3229	147.86	9.56	4.17	12.04	12.79	14.41	22.32	1.55	37.09	12.09
11/2/2018 1:15:55 PM	3.12	0.95	1.08	1.01	0.00	0.00	0.00	0.41	6.16	84.95	5.73	28.75	1655	951	484	30	0	0	0	0	3121	148.07	9.81	4.06	11.87	12.95	14.54	22.44	1.56	37.09	12.08
11/2/2018 1:15:58 PM	3.26	0.87	1.02	1.13	0.00	0.00	0.00	0.39	6.28	84.86	5.77	28.77	1727	865	460	34	0	0	0	0	3086	147.93	10.01	4.12	11.81	12.93	14.73	22.95	1.57	37.01	12.11
11/2/2018 1:16:00 PM	3.26	0.95	1.11	1.16	0.00	0.00	0.00	0.41	6.47	84.59	5.87	28.94	1726	950	498	35	0	0	0	0	3208	147.45	10.42	4.24	12.32	13.43	15.29	23.64	1.57	36.97	12.09
11/2/2018 1:16:02 PM	2.96	0.83	0.87	1.09	0.00	0.00	0.00	0.41	5.75	84.83	5.96	28.90	1568	826	394	33	0	0	0	0	2821	147.86	9.36	3.91	11.14	12.34	13.98	21.27	1.58	36.89	12.09
11/2/2018 1:16:05 PM	2.81	0.84	0.98	0.94	0.00	0.00	0.00	0.43	5.57	84.81	6.06	28.59	1489	842	440	28	0	0	0	0	2799	147.82	9.13	3.60	10.79	12.31	13.55	20.80	1.59	36.84	12.08
11/2/2018 1:16:07 PM	2.81	0.83	0.88	0.91	0.00	0.00	0.00	0.43	5.43	84.70	6.14	28.27	1490	829	394	27	0	0	0	0	2741	147.65	8.79	3.61	10.62	12.06	13.22	20.22	1.60	36.78	12.10
11/2/2018 1:16:09 PM	3.17	0.94	1.01	0.81	0.00	0.00	0.00	0.41	5.93	84.94	6.18	28.13	1679	942	454	24	0	0	0	0	3099	148.06	9.03	3.84	11.37	12.54	13.63	21.41	1.61	36.75	12.01
11/2/2018 1:16:12 PM	3.17	0.97	0.97	0.91	0.00	0.00	0.00	0.45	6.01	84.93	6.22	28.41	1680	967	436	27	0	0	0	0	3111	148.04	9.35	4.00	11.69	13.00	14.09	21.93	1.61	36.70	12.05
11/2/2018 1:16:14 PM	3.13	0.96	0.90	0.88	0.00	0.00	0.00	0.43	5.86	84.72	6.26	28.66	1658	957	405	26	0	0	0	0	3046	147.67	9.03	3.84	11.44	12.63	13.85	21.27	1.61	36.65	12.08
11/2/2018 1:16:17 PM	3.16	0.86	0.83	0.94	0.00	0.00	0.00	0.42	5.79	84.99	6.29	28.87	1673	864	373	28	0	0	0	0	2938	148.14	8.97	3.69	11.06	12.48	13.70	21.19	1.62	36.60	12.04
11/2/2018 1:16:19 PM	3.31	0.90	0.84	1.09	0.00	0.00	0.00	0.40	6.14	84.79	6.32	29.04	1756	903	376	33	0	0	0	0	3068	147.80	9.53	4.14	11.80	12.81	14.51	22.26	1.62	36.58	12.00
11/2/2018 1:16:21 PM	3.24	1.11	1.05	0.90	0.00	0.00	0.00	0.44	6.30	84.77	6.38	29.19	1715	1107	472	27	0	0	0	0	3321	147.77	9.65	4.33	12.51	13.23	14.71	22.46	1.63	36.50	12.03
11/2/2018 1:16:24 PM	3.19	0.90	0.87	0.96	0.00	0.00	0.00	0.44	5.92	85.09	6.43	29.09	1688	904	390	29	0	0	0	0	3011	148.31	9.25	3.76	11.36	12.87	14.08	21.74	1.63	36.47	11.99
11/2/2018 1:16:26 PM	3.34	0.87	0.83	1.00	0.00	0.00	0.00	0.43	6.04	84.94	6.47	28.99	1772	868	373	30	0	0	0	0	3043	148.06	9.30	3.79	11.38	12.94	14.16	22.14	1.63	36.40	12.01
11/2/2018 1:16:28 PM	3.19	0.82	0.71	1.19	0.00	0.00	0.00	0.45	5.91	84.97	6.52	29.06	1689	816	321	36	0	0	0	0	2862	148.11	9.53	4.17	11.45	12.98	14.32	22.09	1.64	36.36	12.00
11/2/2018 1:16:31 PM	3.10	0.91	1.00	1.01	0.00	0.00	0.00	0.43	6.02	84.99	6.56	29.09	1644	908	451	30	0	0	0	0	3033	148.14	9.64	3.96	11.59	12.97	14.30	22.20	1.64	36.30	11.99
11/2/2018 1:16:33 PM	3.03	0.91	1.00	1.00	0.00	0.00	0.00	0.45	5.94	84.95	6.64	28.73	1607	907	451	30	0	0	0	0	2995	148.07	9.62	4.01	11.54	13.03	14.18	22.08	1.65	36.27	11.94
11/2/2018 1:16:36 PM	2.84	0.85	0.92	0.84	0.00	0.00	0.00	0.43	5.46	84.99	6.75	28.07	1507	854	415	25	0	0	0	0	2801	148.15	8.72	3.53	10.61	12.13	13.12	20.25	1.66	36.20	11.94
11/2/2018 1:16:38 PM	3.03	0.94	0.96	0.78	0.00	0.00	0.00	0.46	5.71	84.72	6.82	27.86	1605	936	432	23	0	0	0	0	2996	147.67	8.86	3.58	11.06	12.63	13.45	20.96	1.67	36.17	11.97
11/2/2018 1:16:40 PM	3.24	0.97	0.89	0.80	0.00	0.00	0.00	0.44	5.90	84.91	6.93	27.87	1719	965	400	24	0	0	0	0	3108	148.01	8.85	3.90	11.45	12.71	13.60	21.30	1.68	36.12	11.92
11/2/2018 1:16:43 PM	3.00	1.04	1.10	0.79	0.00	0.00	0.00	0.46	5.94	84.79	6.98	27.99	1592	1043	497	24	0	0	0	0	3156	147.80	9.30	3.90	11.75	12.96	13.98	21.60	1.68	36.06	11.93
11/2/2018 1:16:45 PM	3.01	0.89	0.83	0.93	0.00	0.00	0.00	0.47	5.66	84.98	7.07	28.17	1595	887	374	28	0	0	0	0	2885	148.13	9.01	3.73	11.07	12.74	13.68	21.09	1.69	36.04	11.89
11/2/2018 1:16:47 PM	3.14	0.93	1.02	0.84	0.00	0.00	0.00	0.45	5.93	84.88	7.15	28.20	1666	931	458	25	0	0	0	0	3080	147.95	9.23	3.63	11.29	12.95	13.84	21.79	1.70	35.99	11.90
11/2/2018 1:16:50 PM	2.93	0.92	0.90	0.93	0.00	0.00	0.00	0.50	5.68	84.76	7.21	28.10	1551	923	406	28	0	0	0	0	2908	147.74	9.21	3.82	11.24	13.07	13.81	21.35	1.71	35.91	11.95
11/2/2018 1:16:52 PM	3.06	0.90	0.97	1.01	0.00	0.00	0.00	0.48	5.94	84.92	7.27	28.14	1621	900	434	30	0	0	0	0	2986	148.02	9.65	3.86	11.47	13.31	14.27	22.27	1.71	35.87	11.88
11/2/2018 1:16:55 PM	3.12	0.91	0.83	1.04	0.00	0.00	0.00	0.47	5.90	84.97	7.34	28.28	1653	914	374	31	0	0	0	0	2972	148.11	9.40	4.19	11.62	13.09	14.13	21.88	1.72	35.85	11.85
11/2/2018 1:16:57 PM	3.05	1.04	1.08	0.85	0.00	0.00	0.00	0.47	6.02	85.05	7.39	28.30	1617	1036	486	25	0	0	0	0	3164	148.24	9.47	4.03	11.89	13.19	14.18	21.98	1.72	35.78	11.89
11/2/2018 1:16:59 PM	3.05	1.02	0.93	0.98	0.00	0.00	0.00	0.48	5.98	84.95	7.45	28.39	1618	1015	417	29	0	0	0	0	3080	148.08	9.55	4.18	11.98	13.32	14.43	22.02	1.73	35.73	11.81
11/2/2018 1:17:02 PM	3.01	0.94	0.91	0.99	0.00	0.00	0.00	0.46	5.85	84.93	7.58	28.34	1598	935	410	30	0	0	0	0	2973	148.05	9.40	3.98	11.53	12.98	14.14	21.68	1.74	35.67	11.86
11/2/2018 1:17:04 PM	3.13	0.88	0.76	1.01	0.00	0.00	0.00	0.49	5.78	84.83	7.64	27.96	1660	883	341	30	0	0	0	0	2913	147.87	9.19	3.84	11.26	13.13	13.98	21.64	1.75	35.63	11.86
11/2/2018 1:17:06 PM	3.27	0.87	0.71	1.03	0.00	0.00	0.00	0.49	5.87	84.90	7.70	27.87	1731	871	319	31	0	0	0	0	2951	147.98	9.20	3.83	11.31	13.25	14.08	21.93	1.75	35.59	11.81
11/2/2018 1:17:09 PM	3.13	0.93	0.77	0.97	0.00	0.00	0.00	0.47	5.80	84.89	7.81	27.98	1659	933	349	29	0	0	0	0	2970	147.97	9.08	4.00	11.47	12.94	13.93	21.40	1.77	35.53	11.86
11/2/2018 1:17:11 PM	3.18	1.00	0.99	0.82	0.00	0.00	0.00	0.47	5.98	84.97	7.93	27.89	1686	995	444	25	0	0	0	0	3150	148.11	9.21	3.79	11.60	13.16	13.98	21.87	1.78	35.46	11.84
11/2/2018 1:17:14 PM	3.04	0.96	0.86	1.00	0.00	0.00	0.00	0.51	5.86	84.84	8.03	27.74	1611	960	385	30	0	0	0	0	2987	147.88	9.46	3.99	11.65	13.41	14.30	21.93	1.79	35.46	11.79
11/2/2018 1:17:16 PM	3.18	1.04	0.97	0.87	0.00	0.00	0.00	0.51	6.06	85.01	8.11	27.71	1685	1042	436	26	0	0	0	0	3189	148.19	9.48	3.95	11.95	13.66	14.37	22.35	1.79	35.40	11.82
11/2/2018 1:17:18 PM	3.03	1.12	1.07	0.84	0.00	0.00	0.00	0.48	6.05	84.96	8.17	27.78	1605	1121	480	25	0	0	0	0	3231	148.09	9.50	4.01	12.19	13.33	14.51	21.95	1.80	35.34	11.81
11/2/2018 1:17:21 PM	3.20	1.18	1.10	0.86	0.00	0.00	0.00	0.47	6.34	84.88	8.19	27.80	1695	1182	495	26	0	0	0	0	3396	147.96	9.77	4.31	12.75	13.61	14.93	22.67	1.80	35.29	11.79
11/2/2018 1:17:23 PM	3.30	1.08	0.94	0.98	0.00	0.00	0.00	0.48	6.30	84.88	8.24	27.88	1749	1079	423	29	0	0	0	0	3280	147.95	9.76	4.30	12.49	13.70	14.91	22.86	1.81	35.26	11.77
11/2/2018 1:17:25 PM	3.25	1.06	0.96	0.96	0.00	0.00	0.00	0.48	6.23	85.03	8.28	27.99	1722	1056	433	29	0	0	0	0	3240	148.21	9.72	4.16	12.28	13.65	14.78	22.73	1.81	35.20	11.79
11/2/2018 1:17:28 PM	3.24	1.08	1.03	1.15	0.00	0.00	0.00	0.47	6.49	84.82	8.33	28.19	1715	1078	463	34	0	0	0	0	3291	147.86	10.44	4.48	12.87	13.94	15.64	23.70	1.82	35.16	11.74
11/2/2018 1:17:30 PM	3.13	1.02	0.82	1.03	0.00	0.00	0.00	0.50	6.00	84.75	8.37	28.30	1658	1024	367	31	0	0	0	0	3079	147.73	9.53	4.15	12.06	13.47	14.66	22.12	1.82	35.10	11.77
11/2/2018 1:17:33 PM	3.21	1.14	1.06	0.89	0.00	0.00	0.00	0.47	6.30	84.98	8.42	28.28	1704	1136	476	27	0	0	0	0	3342	148.14	9.74	4.29	12.59	13.60	14.83	22.68	1.83	35.10	11.70
11/2/2018 1:17:35 PM	3.13	0.91	0.72	1.09	0.00	0.00	0.00	0.48	5.85	84.96	8.48	28.22	1657	915	323	33	0	0	0	0	2928	148.09	9.36	3.99	11.57	13.13	14.39	21.76	1.83	35.06	11.69
11/2/2018 1:17:37 PM	3.02	1.11	1.03	0.88	0.00	0.00	0.00	0.48	6.04	84.84	8.53	28.24	1603	1108	465	26	0	0	0	0	3202	147.89	9.52	4.14	12.22	13.29	14.51	21.93	1.84	35.01	11.70
11/2/2018 1:17:40 PM	3.15	1.02	0.80	1.12	0.00	0.00	0.00	0.48	6.10	84.76	8.60	28.16	1669	1025	362	34	0	0	0	0	3090	147.75	9.75	4.30	12.29	13.43	15.01	22.37	1.84	34.94	11.73
11/2/2018 1:17:42 PM	3.18	0.95	0.64	1.23	0.00	0.00	0.00	0.44	6.00	84.56	8.70	28.03	1684	948	288	37	0	0	0	0	2958	147.39	9.58	4.15	11.98	12.99	15.04	21.94	1.85	34.88	11.69
11/2/2018 1:17:44 PM	3.09	0.93	0.79	1.27	0.00	0.00	0.00	0.40	6.08	84.70	8.77	27.59	1639	927	357	38	0	0	0	0	2961	147.64	9.89	4.31	12.07	12.76	15.11	22.17	1.86	34.87	11.69
11/2/2018 1:17:47 PM	3.29	0.95	0.72	1.30	0.00	0.00	0.00	0.37	6.25	84.50	8.81	27.41	1744	950	323	39	0	0	0	0	3056	147.30	9.83	4.50	12.37	12.65	15.29	22.32	1.86	34.81	11.68
11/2/2018 1:17:49 PM	3.42	1.14	0.95	1.16	0.00	0.00	0.00	0.38	6.66	84.59	8.86	27.55	1812	1138	426	35	0	0	0	0	3411	147.45	10.20	4.62	13.24	13.20	15.89	23.27	1.87	34.76	11.68
11/2/2018 1:17:52 PM	3.35	0.97	0.74	1.38	0.00	0.00	0.00	0.39	6.44	84.67	8.90	27.66	1777	975	333	41	0	0	0	0	3126	147.58	10.24	4.54	12.70	13.12	15.86	23.13	1.87	34.75	11.62
11/2/2018 1:17:54 PM	3.34	0.91	0.71	1.39	0.00	0.00	0.00	0.39	6.34	84.58	8.92	27.69	1768	911	319	42	0	0	0	0	3039	147.43	10.14	4.39	12.36	12.99	15.64	22.95	1.87	34.68	11.67
11/2/2018 1:17:56 PM	3.41	0.92	0.69	1.38	0.00	0.00	0.00	0.38	6.40	84.57	8.95	27.84	1805	919	312	41	0	0	0	0	3078	147.42	10.12	4.42	12.43	13.02	15.68	23.05	1.88	34.65	11.62
11/2/2018 1:17:59 PM	3.19	1.00	0.84	1.29	0.00	0.00	0.00	0.40	6.32	84.51	9.07	27.76	1692	1000	378	39	0	0	0	0	3108	147.30	10.17	4.51	12.60	13.04	15.59	22.78	1.89	34.63	11.61
11/2/2018 1:18:01 PM	3.15	0.99	0.77	1.30	0.00	0.00	0.00	0.39	6.21	84.58	9.14	27.38	1671	987	348	39	0	0	0	0	3045	147.43	9.98	4.44	12.45	12.82	15.46	22.34	1.90	34.58	11.60
11/2/2018 1:18:03 PM	3.32	0.99	0.74	1.36	0.00	0.00	0.00	0.39	6.41	84.28	9.21	27.44	1757	992	334	41	0	0	0	0	3124	146.92	10.18	4.56	12.72	13.07	15.81	22.96	1.90	34.53	11.58
11/2/2018 1:18:06 PM	3.32	0.99	0.84	1.37	0.00	0.00	0.00	0.37	6.52	84.83	9.29	27.51	1758	990	377	41	0	0	0	0	3166	147.86	10.40	4.57	12.82	13.01	15.99	23.26	1.91	34.50	11.56
11/2/2018 1:18:08 PM	3.53	1.21	0.93	1.31	0.00	0.00	0.00	0.41	6.98	84.55	9.37	27.54	1871	1210	417	39	0	0	0	0	3537	147.38	10.84	4.87	13.99	13.95	16.93	24.48	1.92	34.42	11.60
11/2/2018 1:18:11 PM	3.56	1.20	0.94	1.42	0.00	0.00	0.00	0.40	7.13	84.43	9.45	27.60	1889	1202	425	42	0	0	0	0	3559	147.18	11.19	5.13	14.29	14.14	17.28	25.07	1.93	34.42	11.53
11/2/2018 1:18:13 PM	3.62	1.11	0.87	1.45	0.00	0.00	0.00	0.39	7.05	84.59	9.57	27.52	1920	1108	393	43	0	0	0	0	3465	147.45	11.05	4.94	13.86	13.95	17.04	24.94	1.94	34.37	11.57
11/2/2018 1:18:15 PM	3.86	1.09	0.92	1.76	0.00	0.00	0.00	0.35	7.62	84.26	9.68	27.39	2047	1089	412	53	0	0	0	0	3601	146.87	12.16	5.32	14.69	14.51	18.45	26.95	1.95	34.29	11.57
11/2/2018 1:18:18 PM	4.15	1.21	1.03	1.72	0.00	0.00	0.00	0.33	8.12	84.16	9.76	27.40	2201	1213	465	52	0	0	0	0	3930	146.70	12.51	5.72	15.61	14.90	19.03	28.08	1.96	34.26	11.56
11/2/2018 1:18:20 PM	4.37	1.23	1.02	1.83	0.00	0.00	0.00	0.31	8.46	84.10	9.83	27.39	2314	1234	460	55	0	0	0	0	4063	146.59	12.94	5.93	16.13	15.20	19.72	29.07	1.96	34.23	11.55
11/2/2018 1:18:22 PM	4.23	1.21	1.06	1.87	0.00	0.00	0.00	0.31	8.37	84.15	9.91	27.43	2239	1214	476	56	0	0	0	0	3985	146.67	13.05	5.90	16.02	15.14	19.74	28.95	1.97	34.19	11.54
11/2/2018 1:18:25 PM	4.49	1.26	1.07	1.87	0.00	0.00	0.00	0.29	8.69	83.68	9.97	27.55	2379	1264	480	56	0	0	0	0	4179	145.86	13.23	5.94	16.45	15.40	20.20	29.72	1.98	34.16	11.51
11/2/2018 1:18:27 PM	4.41	1.30	1.11	2.15	0.00	0.00	0.00	0.30	8.97	83.24	10.07	27.53	2335	1304	499	64	0	0	0	0	4202	145.10	14.19	6.59	17.34	15.97	21.32	30.95	1.99	34.12	11.48
11/2/2018 1:18:30 PM	4.50	1.23	0.97	2.14	0.00	0.00	0.00	0.30	8.84	83.65	10.13	27.39	2387	1232	436	64	0	0	0	0	4118	145.81	13.84	6.09	16.78	15.77	21.12	30.55	1.99	34.07	11.48
11/2/2018 1:18:32 PM	4.40	1.38	1.15	1.98	0.00	0.00	0.00	0.29	8.91	84.10	10.17	27.41	2333	1381	518	59	0	0	0	0	4291	146.59	13.79	6.33	17.28	15.65	21.06	30.27	2.00	34.04	11.49
11/2/2018 1:18:34 PM	4.21	1.29	1.08	1.99	0.00	0.00	0.00	0.29	8.57	83.67	10.25	27.48	2232	1293	487	60	0	0	0	0	4071	145.85	13.48	6.16	16.66	15.24	20.52	29.40	2.00	34.00	11.49
11/2/2018 1:18:37 PM	4.27	1.17	0.93	2.20	0.00	0.00	0.00	0.26	8.57	83.55	10.29	27.29	2261	1165	418	66	0	0	0	0	3911	145.63	13.65	6.13	16.41	14.99	20.79	29.55	2.01	33.92	11.51
11/2/2018 1:18:39 PM	4.17	1.40	1.28	2.01	0.00	0.00	0.00	0.29	8.86	83.44	10.33	27.23	2209	1397	576	60	0	0	0	0	4243	145.45	14.08	6.38	17.35	15.60	21.22	30.25	2.01	33.92	11.43
11/2/2018 1:18:41 PM	4.28	1.43	1.27	1.87	0.00	0.00	0.00	0.25	8.85	83.86	10.41	27.35	2269	1431	573	56	0	0	0	0	4329	146.18	13.61	6.30	17.27	15.17	20.81	29.68	2.02	33.89	11.43
11/2/2018 1:18:44 PM	4.43	1.07	0.70	2.55	0.00	0.00	0.00	0.25	8.75	83.13	10.49	27.41	2349	1065	316	76	0	0	0	0	3807	144.91	14.19	6.34	16.63	15.28	21.67	30.50	2.03	33.82	11.43
11/2/2018 1:18:46 PM	4.40	1.25	1.08	2.36	0.00	0.00	0.00	0.21	9.09	83.06	10.57	27.33	2334	1247	484	71	0	0	0	0	4136	144.78	14.52	6.60	17.44	15.31	21.95	30.99	2.04	33.78	11.42
11/2/2018 1:18:49 PM	4.44	1.48	1.23	2.17	0.00	0.00	0.00	0.20	9.32	83.10	10.63	27.26	2354	1476	553	65	0	0	0	0	4448	144.85	14.45	6.82	18.28	15.37	22.22	30.94	2.04	33.75	11.43
11/2/2018 1:18:51 PM	4.68	1.30	0.95	2.76	0.00	0.00	0.00	0.14	9.68	83.23	10.74	27.26	2478	1298	429	83	0	0	0	0	4288	145.08	15.47	7.19	18.66	15.46	23.75	32.48	2.05	33.71	11.39
11/2/2018 1:18:53 PM	5.03	1.43	1.09	2.62	0.00	0.00	0.00	0.05	10.17	82.83	10.86	27.12	2666	1426	491	79	0	0	0	0	4662	144.39	15.45	7.18	19.31	15.12	24.16	32.94	2.06	33.70	11.39
11/2/2018 1:18:56 PM	6.20	2.20	1.72	4.27	0.00	0.00	0.00	0.00	14.39	81.02	10.99	26.94	3288	2205	774	128	0	0	0	0	6394	141.24	23.06	10.62	28.71	18.68	35.46	47.51	2.08	33.66	11.39
11/2/2018 1:18:58 PM	8.12	3.74	3.55	5.02	0.00	0.00	0.00	0.00	20.43	79.28	11.12	26.75	4305	3743	1596	151	0	0	0	0	9795	138.20	31.92	14.57	41.46	24.91	48.17	66.48	2.09	33.58	11.39
11/2/2018 1:19:00 PM	7.68	3.49	3.57	4.76	0.00	0.00	0.00	0.00	19.49	79.14	11.27	26.42	4069	3487	1605	143	0	0	0	0	9305	137.95	30.79	13.52	39.02	24.42	45.98	63.58	2.10	33.57	11.34
11/2/2018 1:19:03 PM	8.45	3.36	3.46	4.26	0.00	0.00	0.00	0.00	19.52	79.32	11.31	26.10	4477	3356	1555	128	0	0	0	0	9516	138.26	29.55	12.91	37.44	26.27	44.04	62.52	2.11	33.54	11.33
11/2/2018 1:19:05 PM	9.12	3.21	3.37	3.69	0.00	0.00	0.00	0.03	19.39	79.71	11.37	26.20	4834	3211	1515	111	0	0	0	0	9670	138.96	28.11	11.80	35.49	27.91	41.89	61.27	2.11	33.47	11.35
11/2/2018 1:19:08 PM	8.84	3.47	3.07	2.92	0.00	0.00	0.00	0.57	18.30	80.21	11.45	25.93	4686	3466	1382	88	0	0	0	0	9623	139.82	26.43	11.20	34.66	31.38	39.58	60.11	2.12	33.47	11.32
11/2/2018 1:19:10 PM	8.27	3.51	2.86	2.50	0.00	0.00	0.00	0.83	17.14	80.81	11.52	25.42	4384	3508	1286	75	0	0	0	0	9253	140.87	25.01	10.45	33.26	32.22	37.64	57.65	2.13	33.41	11.34
11/2/2018 1:19:12 PM	8.17	3.55	2.43	2.84	0.00	0.00	0.00	0.99	16.98	80.75	11.53	25.39	4328	3545	1093	85	0	0	0	0	9052	140.76	25.42	10.61	33.69	33.52	38.78	58.15	2.13	33.34	11.32
