Date/Time	Green Algae	Bluegreen	Diatoms	Cryptophyta	#5	#6	#7	Yellow substances	Total conc.	Transmission	Depth	Temp. Sample	Green Algae	Bluegreen	Diatoms	Cryptophyta	#5	#6	#7	Yellow substances	Total cell count	Trans. 700 nm	LED 3 [525 nm]	LED 4 [570 nm]	LED 5 [610 nm]	LED 6 [370 nm]	LED 7 [590 nm]	LED 8 [470 nm]	Pressure	Temp. LEDs	Temp. Sensor
date	µg/l	µg/l	µg/l	µg/l	µg/l	µg/l	µg/l	r.u.	µg/l	%	m	°C	cells/ml	cells/ml	cells/ml	cells/ml	cells/ml	cells/ml	cells/ml	r.u.	cells/ml	digits	digits	digits	digits	digits	digits	digits	bar	°C	°C
10/19/2018 1:51:08 PM	4.59	0.86	2.21	1.13	0.00	0.00	0.00	0.39	8.79	84.75	0.14	36.64	2430	856	996	34	0	0	0	0	4316	147.73	13.70	4.00	13.76	16.87	17.58	32.47	1.01	36.47	11.78
10/19/2018 1:51:10 PM	5.08	0.62	1.57	2.06	0.00	0.00	0.00	0.59	9.34	84.91	0.20	36.78	2695	625	708	62	0	0	0	0	4089	148.01	15.75	4.61	14.61	20.03	20.34	36.91	1.02	36.52	11.77
10/19/2018 1:51:12 PM	4.71	1.62	4.71	0.00	0.00	0.00	0.00	0.45	11.03	84.45	0.27	36.61	2494	1616	2118	0	0	0	0	0	6228	147.21	16.99	4.58	17.61	20.58	18.65	39.64	1.03	36.61	11.80
10/19/2018 1:51:15 PM	5.35	0.74	4.52	0.90	0.00	0.00	0.00	0.37	11.51	82.63	0.36	36.62	2835	740	2033	27	0	0	0	0	5635	144.03	18.77	5.18	15.85	21.21	19.04	43.86	1.04	36.63	11.86
10/19/2018 1:51:17 PM	6.82	0.63	2.46	2.15	0.00	0.00	0.00	0.35	12.07	83.74	0.38	36.76	3616	632	1108	65	0	0	0	0	5421	145.97	18.46	7.17	17.84	21.77	21.94	44.89	1.04	36.70	11.85
10/19/2018 1:51:19 PM	7.25	0.54	3.00	2.12	0.00	0.00	0.00	0.24	12.89	84.57	0.43	37.18	3840	536	1348	64	0	0	0	0	5788	147.42	19.53	6.65	17.91	21.93	22.63	47.46	1.04	36.75	11.83
10/19/2018 1:51:22 PM	5.55	1.03	4.27	1.24	0.00	0.00	0.00	0.54	12.09	82.93	0.52	37.48	2943	1034	1921	37	0	0	0	0	5935	144.56	20.02	6.21	18.07	23.65	21.43	46.37	1.05	36.82	11.83
10/19/2018 1:51:24 PM	6.67	1.43	3.73	0.90	0.00	0.00	0.00	0.67	12.73	83.71	0.61	36.96	3535	1427	1678	27	0	0	0	0	6668	145.91	19.08	4.78	19.00	25.33	22.97	47.28	1.06	36.86	11.82
10/19/2018 1:51:27 PM	5.93	1.27	4.69	1.04	0.00	0.00	0.00	0.50	12.92	84.03	0.65	36.41	3144	1265	2108	31	0	0	0	0	6548	146.47	20.65	7.04	19.63	24.31	21.97	48.29	1.06	36.91	11.83
10/19/2018 1:51:29 PM	5.43	0.34	2.85	2.83	0.00	0.00	0.00	0.63	11.46	83.78	0.76	36.07	2877	341	1284	85	0	0	0	0	4587	146.04	21.12	8.91	17.87	24.24	22.22	47.21	1.07	36.97	11.87
10/19/2018 1:51:31 PM	5.14	1.46	5.12	0.74	0.00	0.00	0.00	0.45	12.45	84.90	0.81	35.74	2723	1459	2304	22	0	0	0	0	6508	147.98	20.42	5.11	18.86	23.02	22.38	46.01	1.08	37.03	11.84
10/19/2018 1:51:34 PM	5.82	0.93	3.91	1.43	0.00	0.00	0.00	0.57	12.08	84.37	0.85	35.88	3083	933	1757	43	0	0	0	0	5815	147.06	19.94	5.68	17.69	23.98	21.94	46.67	1.08	37.09	11.85
10/19/2018 1:51:36 PM	4.41	1.60	6.09	0.00	0.00	0.00	0.00	0.60	12.11	85.47	0.94	35.99	2339	1603	2741	0	0	0	0	0	6683	148.99	20.51	5.11	18.69	24.07	20.04	46.01	1.09	37.12	11.87
10/19/2018 1:51:38 PM	7.17	1.34	3.68	0.86	0.00	0.00	0.00	0.57	13.06	85.58	1.00	35.86	3800	1343	1657	26	0	0	0	0	6826	149.17	18.75	5.69	19.26	24.85	22.16	47.68	1.10	37.15	11.86
10/19/2018 1:51:41 PM	5.50	1.31	5.10	1.18	0.00	0.00	0.00	0.48	13.08	85.44	1.03	35.99	2913	1306	2295	35	0	0	0	0	6549	148.94	21.93	5.28	19.35	24.42	23.98	49.17	1.10	37.20	11.87
10/19/2018 1:51:43 PM	6.88	0.97	4.24	1.47	0.00	0.00	0.00	0.33	13.56	85.33	1.09	36.12	3645	974	1908	44	0	0	0	0	6570	148.73	20.97	4.87	18.64	23.66	24.06	49.80	1.11	37.22	11.87
10/19/2018 1:51:46 PM	7.47	0.86	4.57	0.97	0.00	0.00	0.00	0.22	13.87	85.21	1.17	36.05	3957	859	2057	29	0	0	0	0	6903	148.53	20.06	6.10	18.48	22.99	21.33	50.04	1.11	37.28	11.89
10/19/2018 1:51:48 PM	7.45	0.91	3.20	1.89	0.00	0.00	0.00	0.46	13.45	85.37	1.21	36.05	3950	914	1439	57	0	0	0	0	6359	148.81	20.39	5.68	19.08	24.74	24.54	49.94	1.12	37.31	11.89
10/19/2018 1:51:50 PM	6.08	1.16	4.32	1.64	0.00	0.00	0.00	0.60	13.20	84.63	1.21	36.02	3220	1159	1945	49	0	0	0	0	6374	147.53	21.98	7.07	20.12	25.92	24.04	50.58	1.12	37.35	11.89
10/19/2018 1:51:53 PM	5.30	0.73	4.62	2.00	0.00	0.00	0.00	0.65	12.65	86.09	1.25	36.01	2810	729	2078	60	0	0	0	0	5677	150.06	23.17	6.95	18.60	26.15	23.53	51.27	1.12	37.37	11.89
10/19/2018 1:51:55 PM	6.59	1.88	6.02	0.00	0.00	0.00	0.00	0.48	14.49	85.02	1.34	36.03	3495	1880	2709	0	0	0	0	0	8084	148.20	21.51	5.89	21.54	26.02	22.96	51.81	1.13	37.41	11.90
10/19/2018 1:51:57 PM	6.16	1.06	3.91	1.75	0.00	0.00	0.00	0.62	12.88	84.84	1.40	35.93	3263	1057	1761	52	0	0	0	0	6133	147.89	21.29	8.09	20.02	25.66	23.03	49.64	1.14	37.42	11.90
10/19/2018 1:52:00 PM	8.68	1.23	4.21	1.49	0.00	0.00	0.00	0.09	15.60	85.07	1.40	35.93	4600	1231	1892	45	0	0	0	0	7768	148.28	21.50	6.71	21.76	23.94	25.72	53.67	1.14	37.46	11.91
10/19/2018 1:52:02 PM	6.97	1.54	5.90	0.39	0.00	0.00	0.00	0.43	14.81	85.01	1.45	35.77	3696	1541	2657	12	0	0	0	0	7905	148.19	22.31	5.67	20.89	26.27	23.56	53.74	1.14	37.48	11.93
10/19/2018 1:52:05 PM	7.22	1.54	4.49	1.68	0.00	0.00	0.00	0.32	14.93	84.98	1.51	35.59	3829	1544	2021	50	0	0	0	0	7444	148.13	22.88	5.75	22.19	25.30	27.89	53.07	1.15	37.51	11.92
10/19/2018 1:52:07 PM	7.38	0.83	4.41	2.03	0.00	0.00	0.00	0.33	14.64	84.78	1.57	35.61	3910	830	1984	61	0	0	0	0	6785	147.78	23.21	7.33	20.55	25.61	25.29	54.60	1.15	37.53	11.92
10/19/2018 1:52:09 PM	6.84	0.96	4.76	1.87	0.00	0.00	0.00	0.41	14.44	85.41	1.68	35.64	3627	963	2144	56	0	0	0	0	6790	148.88	23.58	7.25	20.69	26.07	25.27	54.43	1.16	37.53	11.92
10/19/2018 1:52:12 PM	7.31	1.53	5.85	0.75	0.00	0.00	0.00	0.36	15.44	85.55	1.77	35.70	3876	1529	2634	22	0	0	0	0	8062	149.13	23.29	6.65	22.06	26.58	24.82	55.61	1.17	37.59	11.94
10/19/2018 1:52:14 PM	6.00	1.53	5.63	1.18	0.00	0.00	0.00	0.62	14.34	84.86	1.85	35.58	3179	1534	2533	35	0	0	0	0	7282	147.93	24.06	6.24	21.57	27.70	25.84	54.36	1.18	37.58	11.93
10/19/2018 1:52:16 PM	8.27	1.07	3.58	1.76	0.00	0.00	0.00	0.61	14.68	85.51	1.90	35.57	4384	1068	1609	53	0	0	0	0	7114	149.05	21.89	6.17	20.70	28.00	25.79	54.94	1.19	37.61	11.96
10/19/2018 1:52:19 PM	6.25	1.42	5.33	1.23	0.00	0.00	0.00	0.54	14.22	85.78	1.97	35.61	3311	1425	2397	37	0	0	0	0	7169	149.53	23.31	6.41	21.18	26.76	25.19	53.38	1.19	37.60	11.95
10/19/2018 1:52:21 PM	6.71	1.55	5.42	1.15	0.00	0.00	0.00	0.53	14.84	85.67	2.07	35.71	3558	1554	2440	35	0	0	0	0	7586	149.33	23.66	6.45	22.03	27.47	25.97	54.94	1.20	37.63	11.93
10/19/2018 1:52:24 PM	7.25	0.88	3.70	2.39	0.00	0.00	0.00	0.60	14.22	85.12	2.14	35.87	3841	880	1666	72	0	0	0	0	6458	148.37	23.34	7.20	20.74	27.58	26.49	54.79	1.21	37.65	11.94
10/19/2018 1:52:26 PM	6.30	0.76	4.94	1.96	0.00	0.00	0.00	0.57	13.95	85.76	2.22	35.97	3338	759	2221	59	0	0	0	0	6376	149.49	24.21	7.00	19.68	27.20	24.74	55.02	1.22	37.66	11.93
10/19/2018 1:52:28 PM	6.46	1.53	6.13	1.00	0.00	0.00	0.00	0.51	15.12	85.75	2.27	35.78	3422	1535	2757	30	0	0	0	0	7744	149.46	24.66	6.73	22.18	27.84	25.71	56.42	1.22	37.66	11.96
10/19/2018 1:52:31 PM	8.14	1.23	4.60	1.42	0.00	0.00	0.00	0.46	15.39	85.18	2.35	35.61	4315	1227	2069	43	0	0	0	0	7654	148.48	22.89	7.00	21.78	27.57	25.56	56.39	1.23	37.69	11.94
10/19/2018 1:52:33 PM	6.49	1.39	5.45	1.36	0.00	0.00	0.00	0.48	14.69	85.30	2.44	35.64	3439	1388	2454	41	0	0	0	0	7322	148.69	23.94	7.17	21.83	26.92	25.54	54.79	1.24	37.68	11.94
10/19/2018 1:52:35 PM	6.59	1.33	5.02	1.48	0.00	0.00	0.00	0.53	14.42	85.72	2.53	35.60	3494	1330	2257	44	0	0	0	0	7126	149.41	23.47	6.42	21.24	27.00	25.83	54.12	1.25	37.70	11.95
10/19/2018 1:52:38 PM	6.99	1.02	4.32	1.72	0.00	0.00	0.00	0.56	14.05	85.24	2.62	35.46	3704	1015	1945	52	0	0	0	0	6716	148.57	22.54	7.28	20.45	26.80	24.46	53.48	1.26	37.71	11.94
10/19/2018 1:52:40 PM	6.61	1.31	5.17	1.37	0.00	0.00	0.00	0.47	14.46	85.79	2.70	35.56	3505	1306	2329	41	0	0	0	0	7181	149.53	23.30	6.85	21.25	26.46	25.13	53.90	1.26	37.70	11.94
10/19/2018 1:52:43 PM	6.39	1.40	5.50	1.04	0.00	0.00	0.00	0.56	14.34	85.51	2.79	35.61	3388	1399	2477	31	0	0	0	0	7296	149.06	23.25	6.43	21.02	27.10	24.57	53.94	1.27	37.72	11.95
10/19/2018 1:52:45 PM	7.02	1.23	4.80	1.77	0.00	0.00	0.00	0.51	14.82	85.04	2.87	35.47	3718	1227	2162	53	0	0	0	0	7160	148.24	23.94	7.09	21.74	27.39	26.42	55.57	1.28	37.73	11.95
10/19/2018 1:52:47 PM	6.92	1.13	4.93	1.39	0.00	0.00	0.00	0.48	14.38	84.94	2.95	35.32	3668	1130	2220	42	0	0	0	0	7060	148.07	22.81	7.30	20.78	26.44	24.11	53.90	1.29	37.71	11.94
10/19/2018 1:52:50 PM	6.03	1.27	4.72	1.31	0.00	0.00	0.00	0.59	13.34	85.44	3.02	35.39	3196	1275	2123	39	0	0	0	0	6633	148.93	21.98	6.31	20.00	25.93	23.96	50.70	1.30	37.72	11.94
10/19/2018 1:52:52 PM	6.51	1.11	4.65	1.27	0.00	0.00	0.00	0.54	13.54	85.50	3.09	35.55	3451	1112	2091	38	0	0	0	0	6691	149.03	21.73	5.71	19.32	25.80	23.66	51.32	1.30	37.72	11.94
10/19/2018 1:52:55 PM	6.61	1.19	4.61	1.56	0.00	0.00	0.00	0.53	13.97	85.21	3.18	35.54	3505	1188	2073	47	0	0	0	0	6813	148.52	22.59	6.72	20.59	26.30	24.82	52.64	1.31	37.71	11.95
10/19/2018 1:52:57 PM	6.42	1.05	4.40	1.54	0.00	0.00	0.00	0.50	13.41	85.65	3.27	35.57	3403	1050	1979	46	0	0	0	0	6478	149.30	21.72	6.33	19.49	25.22	23.81	50.72	1.32	37.72	11.95
10/19/2018 1:52:59 PM	6.76	1.35	4.81	1.11	0.00	0.00	0.00	0.51	14.03	85.42	3.33	35.62	3584	1347	2165	33	0	0	0	0	7129	148.90	21.85	6.42	20.61	26.02	24.03	51.97	1.33	37.71	11.94
10/19/2018 1:53:02 PM	6.08	1.44	5.08	1.19	0.00	0.00	0.00	0.53	13.79	85.67	3.40	35.39	3223	1444	2285	36	0	0	0	0	6988	149.33	22.46	6.53	20.89	25.96	24.52	51.51	1.33	37.71	11.92
10/19/2018 1:53:04 PM	6.40	1.37	4.81	1.27	0.00	0.00	0.00	0.60	13.85	85.22	3.47	35.18	3390	1372	2164	38	0	0	0	0	6964	148.55	22.37	6.76	20.87	26.75	24.43	52.23	1.34	37.70	11.95
10/19/2018 1:53:06 PM	6.49	1.24	4.62	1.23	0.00	0.00	0.00	0.56	13.58	85.65	3.54	35.22	3438	1238	2080	37	0	0	0	0	6793	149.30	21.65	6.24	19.95	25.94	23.70	51.13	1.35	37.71	11.94
10/19/2018 1:53:09 PM	6.55	1.03	4.27	1.49	0.00	0.00	0.00	0.52	13.35	85.55	3.59	35.32	3471	1030	1923	45	0	0	0	0	6469	149.13	21.42	6.16	19.26	25.36	23.59	50.60	1.35	37.70	11.92
10/19/2018 1:53:11 PM	6.29	1.23	4.64	1.12	0.00	0.00	0.00	0.49	13.28	85.47	3.65	35.54	3333	1232	2089	34	0	0	0	0	6687	148.98	21.06	5.87	19.42	24.80	23.16	49.56	1.36	37.69	11.93
10/19/2018 1:53:14 PM	6.14	1.20	4.04	1.17	0.00	0.00	0.00	0.50	12.56	85.89	3.73	35.67	3254	1205	1819	35	0	0	0	0	6313	149.72	19.68	6.04	18.86	23.73	22.25	46.74	1.37	37.68	11.92
10/19/2018 1:53:16 PM	5.94	1.34	4.65	0.72	0.00	0.00	0.00	0.54	12.65	85.51	3.74	35.57	3148	1337	2092	22	0	0	0	0	6598	149.06	19.84	5.52	18.76	24.24	21.69	47.18	1.37	37.68	11.92
10/19/2018 1:53:18 PM	5.86	1.15	4.27	1.14	0.00	0.00	0.00	0.55	12.43	85.45	3.76	35.51	3108	1148	1923	34	0	0	0	0	6213	148.95	20.04	6.17	18.61	24.13	21.84	47.10	1.37	37.67	11.93
10/19/2018 1:53:21 PM	6.23	1.57	4.97	0.91	0.00	0.00	0.00	0.49	13.68	85.04	3.83	35.39	3301	1573	2235	27	0	0	0	0	7136	148.24	21.37	6.64	20.98	25.13	23.70	49.95	1.37	37.66	11.93
10/19/2018 1:53:23 PM	6.06	1.16	4.49	1.21	0.00	0.00	0.00	0.55	12.92	85.74	3.87	35.30	3213	1157	2020	36	0	0	0	0	6426	149.45	20.92	6.04	19.05	24.88	22.77	48.97	1.38	37.65	11.92
10/19/2018 1:53:25 PM	6.14	1.23	4.27	1.00	0.00	0.00	0.00	0.53	12.64	85.75	3.90	35.22	3253	1228	1923	30	0	0	0	0	6433	149.46	19.78	5.64	18.68	24.10	22.08	47.19	1.38	37.65	11.93
10/19/2018 1:53:28 PM	5.55	1.30	4.34	0.89	0.00	0.00	0.00	0.58	12.09	85.34	3.99	35.26	2943	1296	1954	27	0	0	0	0	6220	148.76	19.47	5.69	18.42	23.81	21.47	45.62	1.39	37.64	11.91
10/19/2018 1:53:30 PM	5.80	1.22	4.11	0.96	0.00	0.00	0.00	0.54	12.08	85.54	4.05	35.33	3072	1215	1850	29	0	0	0	0	6166	149.10	19.10	5.61	18.15	23.42	21.33	45.33	1.40	37.63	11.91
10/19/2018 1:53:33 PM	5.96	1.12	3.96	1.13	0.00	0.00	0.00	0.54	12.17	85.50	4.13	35.37	3158	1120	1783	34	0	0	0	0	6095	149.03	19.30	5.64	18.08	23.61	21.63	45.92	1.40	37.59	11.93
10/19/2018 1:53:35 PM	5.63	1.20	3.90	0.90	0.00	0.00	0.00	0.54	11.63	85.71	4.18	35.34	2983	1199	1756	27	0	0	0	0	5965	149.41	18.29	5.31	17.55	22.67	20.72	43.58	1.41	37.62	11.92
10/19/2018 1:53:37 PM	5.37	1.38	4.36	0.70	0.00	0.00	0.00	0.60	11.82	85.62	4.24	35.29	2849	1377	1964	21	0	0	0	0	6211	149.25	18.94	5.50	18.22	23.55	20.94	44.51	1.42	37.60	11.91
10/19/2018 1:53:40 PM	5.66	1.40	4.33	0.70	0.00	0.00	0.00	0.57	12.10	85.57	4.31	35.19	3002	1399	1949	21	0	0	0	0	6370	149.15	18.95	5.71	18.58	23.58	21.12	45.03	1.42	37.59	11.92
10/19/2018 1:53:42 PM	6.07	1.20	4.02	0.89	0.00	0.00	0.00	0.55	12.17	85.78	4.37	35.17	3214	1204	1808	27	0	0	0	0	6254	149.52	18.82	5.49	18.06	23.57	21.14	45.52	1.43	37.59	11.89
10/19/2018 1:53:44 PM	5.98	1.33	4.28	0.73	0.00	0.00	0.00	0.56	12.33	85.60	4.42	35.23	3171	1331	1928	22	0	0	0	0	6452	149.21	19.04	5.44	18.45	23.82	21.32	45.85	1.43	37.59	11.89
10/19/2018 1:53:47 PM	5.79	1.22	3.99	0.89	0.00	0.00	0.00	0.60	11.90	85.63	4.45	35.17	3071	1221	1797	27	0	0	0	0	6116	149.26	18.75	5.36	17.88	23.64	21.08	44.94	1.44	37.56	11.91
10/19/2018 1:53:49 PM	5.42	1.23	4.14	0.76	0.00	0.00	0.00	0.56	11.55	85.60	4.52	35.21	2872	1232	1861	23	0	0	0	0	5988	149.22	18.38	5.19	17.44	22.76	20.42	43.51	1.44	37.54	11.88
10/19/2018 1:53:52 PM	5.47	1.32	4.34	0.64	0.00	0.00	0.00	0.55	11.77	85.89	4.56	35.35	2899	1316	1953	19	0	0	0	0	6188	149.71	18.56	5.30	17.82	22.97	20.48	44.01	1.45	37.55	11.91
10/19/2018 1:53:54 PM	5.29	1.27	4.18	0.76	0.00	0.00	0.00	0.57	11.50	84.90	4.60	35.51	2805	1272	1882	23	0	0	0	0	5981	147.99	18.45	5.34	17.59	22.79	20.44	43.37	1.45	37.53	11.89
10/19/2018 1:53:56 PM	4.88	1.34	4.08	0.69	0.00	0.00	0.00	0.62	10.99	85.30	4.64	35.59	2584	1338	1838	21	0	0	0	0	5781	148.69	17.94	5.24	17.32	22.43	20.03	41.71	1.45	37.52	11.91
10/19/2018 1:53:59 PM	5.09	1.24	3.91	0.61	0.00	0.00	0.00	0.56	10.85	85.67	4.68	35.67	2697	1244	1758	18	0	0	0	0	5717	149.33	17.16	5.00	16.70	21.64	19.26	40.77	1.46	37.52	11.89
10/19/2018 1:54:01 PM	4.92	1.32	3.92	0.58	0.00	0.00	0.00	0.62	10.73	85.77	4.72	35.74	2607	1316	1763	17	0	0	0	0	5703	149.50	17.20	4.92	16.79	22.03	19.38	40.63	1.46	37.49	11.89
10/19/2018 1:54:03 PM	5.27	1.34	3.87	0.53	0.00	0.00	0.00	0.59	11.01	85.67	4.75	35.74	2793	1335	1743	16	0	0	0	0	5887	149.32	17.09	4.94	17.03	22.10	19.48	41.14	1.47	37.48	11.88
10/19/2018 1:54:06 PM	5.24	1.36	3.91	0.64	0.00	0.00	0.00	0.59	11.15	85.59	4.79	35.67	2775	1363	1759	19	0	0	0	0	5916	149.19	17.50	5.50	17.56	22.35	19.82	41.69	1.47	37.47	11.87
10/19/2018 1:54:08 PM	5.40	1.30	3.75	0.76	0.00	0.00	0.00	0.65	11.22	85.49	4.84	35.62	2864	1302	1688	23	0	0	0	0	5877	149.01	17.73	5.27	17.45	23.09	20.23	42.52	1.47	37.47	11.87
10/19/2018 1:54:11 PM	5.20	1.24	4.03	0.71	0.00	0.00	0.00	0.60	11.18	85.40	4.89	35.39	2754	1240	1815	21	0	0	0	0	5830	148.87	17.96	5.16	17.12	22.65	19.93	42.48	1.48	37.45	11.88
10/19/2018 1:54:13 PM	5.37	1.33	4.17	0.63	0.00	0.00	0.00	0.59	11.50	85.49	4.90	35.22	2844	1332	1876	19	0	0	0	0	6071	149.02	18.15	5.23	17.63	22.86	20.25	43.14	1.48	37.42	11.88
10/19/2018 1:54:15 PM	5.50	1.36	4.16	0.60	0.00	0.00	0.00	0.58	11.62	85.26	4.96	35.19	2914	1362	1871	18	0	0	0	0	6165	148.62	18.12	5.30	17.82	22.96	20.32	43.37	1.49	37.41	11.87
10/19/2018 1:54:18 PM	5.32	1.12	3.65	0.91	0.00	0.00	0.00	0.57	11.00	85.52	5.02	35.25	2821	1119	1643	27	0	0	0	0	5611	149.08	17.56	5.23	16.77	22.10	19.83	41.77	1.49	37.41	11.89
10/19/2018 1:54:20 PM	5.09	1.16	3.77	0.72	0.00	0.00	0.00	0.60	10.74	85.66	5.06	35.29	2695	1163	1694	22	0	0	0	0	5574	149.32	17.20	5.08	16.48	21.91	19.19	40.90	1.50	37.39	11.85
10/19/2018 1:54:22 PM	5.13	1.32	3.98	0.61	0.00	0.00	0.00	0.61	11.04	85.78	5.12	35.25	2720	1322	1791	18	0	0	0	0	5852	149.52	17.53	5.30	17.24	22.40	19.61	41.64	1.50	37.39	11.87
10/19/2018 1:54:25 PM	5.13	1.23	3.90	0.79	0.00	0.00	0.00	0.61	11.05	85.62	5.18	35.14	2718	1232	1757	24	0	0	0	0	5730	149.25	17.86	5.23	17.09	22.55	19.96	42.09	1.51	37.37	11.86
10/19/2018 1:54:27 PM	4.99	1.13	3.64	0.78	0.00	0.00	0.00	0.59	10.54	85.65	5.23	35.12	2645	1127	1638	23	0	0	0	0	5433	149.30	16.98	4.75	16.12	21.54	19.22	40.21	1.51	37.35	11.88
10/19/2018 1:54:30 PM	4.91	1.25	3.70	0.62	0.00	0.00	0.00	0.64	10.48	85.50	5.27	35.14	2603	1247	1665	19	0	0	0	0	5534	149.03	16.82	4.76	16.35	21.87	19.08	39.99	1.52	37.34	11.85
10/19/2018 1:54:32 PM	4.85	1.20	3.51	0.69	0.00	0.00	0.00	0.64	10.24	85.74	5.33	35.25	2572	1198	1578	21	0	0	0	0	5368	149.45	16.48	4.75	16.05	21.58	18.84	39.24	1.52	37.33	11.85
10/19/2018 1:54:34 PM	4.98	1.30	3.79	0.58	0.00	0.00	0.00	0.59	10.65	85.79	5.38	35.32	2637	1300	1704	18	0	0	0	0	5659	149.53	16.85	4.96	16.68	21.60	19.17	40.04	1.53	37.30	11.85
10/19/2018 1:54:37 PM	4.77	1.28	3.89	0.70	0.00	0.00	0.00	0.63	10.64	84.85	5.43	35.28	2529	1278	1752	21	0	0	0	0	5581	147.90	17.41	5.18	16.83	22.06	19.46	40.64	1.53	37.31	11.84
10/19/2018 1:54:39 PM	5.54	1.17	3.43	0.85	0.00	0.00	0.00	0.58	10.98	85.73	5.48	35.24	2935	1168	1543	25	0	0	0	0	5672	149.43	17.02	5.22	16.85	22.07	19.69	41.33	1.54	37.28	11.83
10/19/2018 1:54:41 PM	5.14	1.27	3.87	0.59	0.00	0.00	0.00	0.60	10.87	85.51	5.54	35.21	2724	1267	1742	18	0	0	0	0	5751	149.05	17.15	5.14	16.83	22.03	19.21	41.00	1.54	37.27	11.85
10/19/2018 1:54:44 PM	4.83	1.31	4.19	0.53	0.00	0.00	0.00	0.60	10.86	85.69	5.58	35.19	2559	1315	1884	16	0	0	0	0	5774	149.36	17.56	4.92	16.85	22.02	19.38	41.10	1.55	37.26	11.81
10/19/2018 1:54:46 PM	5.47	1.31	3.95	0.62	0.00	0.00	0.00	0.58	11.35	85.86	5.62	35.18	2901	1311	1778	19	0	0	0	0	6009	149.66	17.61	5.28	17.44	22.50	19.87	42.39	1.55	37.25	11.83
10/19/2018 1:54:49 PM	5.37	1.27	3.81	0.56	0.00	0.00	0.00	0.59	11.02	85.85	5.68	35.16	2847	1269	1716	17	0	0	0	0	5848	149.64	17.05	5.01	16.87	22.11	19.29	41.30	1.56	37.22	11.83
10/19/2018 1:54:51 PM	5.01	1.11	3.39	0.71	0.00	0.00	0.00	0.56	10.22	85.92	5.72	35.22	2654	1109	1526	21	0	0	0	0	5311	149.76	16.10	4.70	15.71	20.77	18.51	38.68	1.56	37.20	11.83
10/19/2018 1:54:53 PM	4.94	1.16	3.33	0.75	0.00	0.00	0.00	0.57	10.19	85.19	5.78	35.16	2619	1165	1501	23	0	0	0	0	5307	148.49	16.11	4.87	15.98	20.75	18.73	38.46	1.57	37.20	11.83
10/19/2018 1:54:56 PM	5.10	1.24	3.46	0.71	0.00	0.00	0.00	0.59	10.51	85.15	5.86	35.18	2701	1245	1556	21	0	0	0	0	5523	148.42	16.46	4.96	16.49	21.32	19.16	39.45	1.57	37.20	11.83
10/19/2018 1:54:58 PM	4.89	1.17	3.23	0.76	0.00	0.00	0.00	0.58	10.04	85.61	5.94	35.12	2592	1166	1451	23	0	0	0	0	5232	149.22	15.86	4.75	15.81	20.60	18.63	37.91	1.58	37.18	11.81
10/19/2018 1:55:00 PM	4.81	1.29	3.50	0.66	0.00	0.00	0.00	0.55	10.27	85.68	6.01	34.90	2548	1292	1577	20	0	0	0	0	5437	149.35	16.19	5.13	16.48	20.59	18.83	38.27	1.59	37.15	11.83
10/19/2018 1:55:03 PM	4.54	1.23	3.15	0.79	0.00	0.00	0.00	0.57	9.70	85.53	6.10	34.91	2404	1226	1417	24	0	0	0	0	5070	149.08	15.60	4.77	15.79	19.96	18.63	36.52	1.60	37.13	11.81
10/19/2018 1:55:05 PM	4.70	1.23	2.84	0.82	0.00	0.00	0.00	0.57	9.60	85.74	6.19	35.01	2492	1230	1280	25	0	0	0	0	5027	149.45	15.05	4.74	15.72	19.71	18.54	35.82	1.61	37.13	11.83
10/19/2018 1:55:08 PM	4.71	1.24	2.98	0.77	0.00	0.00	0.00	0.55	9.70	85.80	6.27	34.98	2499	1243	1341	23	0	0	0	0	5105	149.57	15.18	4.75	15.80	19.70	18.53	36.10	1.61	37.12	11.81
10/19/2018 1:55:10 PM	4.63	1.22	2.93	0.79	0.00	0.00	0.00	0.57	9.57	85.94	6.34	34.86	2455	1223	1319	24	0	0	0	0	5020	149.79	15.09	4.88	15.70	19.69	18.32	35.83	1.62	37.09	11.81
10/19/2018 1:55:12 PM	4.82	1.16	2.77	0.87	0.00	0.00	0.00	0.51	9.61	85.75	6.40	34.85	2552	1156	1245	26	0	0	0	0	4979	149.48	14.88	4.68	15.48	19.20	18.40	35.59	1.63	37.09	11.80
10/19/2018 1:55:15 PM	4.66	1.13	2.69	0.91	0.00	0.00	0.00	0.53	9.39	85.67	6.50	34.85	2467	1134	1211	27	0	0	0	0	4839	149.32	14.77	4.73	15.31	19.07	18.26	35.07	1.64	37.08	11.81
10/19/2018 1:55:17 PM	4.68	1.16	2.49	0.88	0.00	0.00	0.00	0.52	9.21	85.91	6.56	34.87	2482	1158	1119	26	0	0	0	0	4785	149.75	14.17	4.72	15.19	18.60	17.95	34.02	1.64	37.04	11.79
10/19/2018 1:55:19 PM	4.53	1.16	2.60	0.88	0.00	0.00	0.00	0.53	9.17	85.24	6.64	34.83	2400	1162	1168	26	0	0	0	0	4756	148.57	14.37	4.64	15.14	18.64	18.03	34.06	1.65	37.03	11.79
10/19/2018 1:55:22 PM	4.46	1.30	2.67	0.80	0.00	0.00	0.00	0.52	9.24	85.85	6.71	34.79	2365	1305	1200	24	0	0	0	0	4894	149.64	14.34	4.84	15.68	18.59	18.25	33.83	1.66	37.02	11.78
10/19/2018 1:55:24 PM	4.54	1.22	2.59	0.86	0.00	0.00	0.00	0.53	9.20	85.54	6.79	34.82	2404	1217	1167	26	0	0	0	0	4814	149.10	14.34	4.75	15.38	18.68	18.13	34.02	1.66	37.01	11.81
10/19/2018 1:55:27 PM	4.48	1.21	2.44	0.90	0.00	0.00	0.00	0.51	9.04	85.85	6.87	34.81	2375	1213	1099	27	0	0	0	0	4714	149.65	14.04	4.66	15.23	18.27	18.10	33.25	1.67	37.00	11.79
10/19/2018 1:55:29 PM	4.58	1.22	2.32	0.93	0.00	0.00	0.00	0.51	9.05	85.72	6.95	34.82	2429	1216	1046	28	0	0	0	0	4719	149.42	13.89	4.82	15.33	18.21	18.08	33.13	1.68	36.97	11.78
10/19/2018 1:55:31 PM	4.85	1.26	2.44	0.94	0.00	0.00	0.00	0.51	9.50	85.82	7.03	34.74	2573	1263	1099	28	0	0	0	0	4964	149.60	14.44	4.86	15.88	18.92	18.78	34.66	1.69	36.95	11.79
10/19/2018 1:55:34 PM	4.92	1.23	2.47	0.97	0.00	0.00	0.00	0.52	9.59	85.85	7.08	34.55	2606	1232	1112	29	0	0	0	0	4978	149.64	14.61	5.03	15.95	19.12	18.76	35.13	1.69	36.96	11.78
10/19/2018 1:55:36 PM	4.86	1.25	2.42	0.99	0.00	0.00	0.00	0.51	9.52	85.93	7.14	34.49	2573	1255	1089	30	0	0	0	0	4946	149.78	14.53	4.93	15.95	18.95	18.90	34.77	1.70	36.93	11.78
10/19/2018 1:55:38 PM	14.48	4.60	5.42	2.62	0.00	0.00	0.00	0.00	27.12	83.30	7.19	34.59	7675	4598	2438	79	0	0	0	0	14790	145.20	33.89	12.34	45.54	37.33	50.77	83.29	1.70	36.90	11.76
10/19/2018 1:55:41 PM	14.30	4.65	5.49	2.24	0.00	0.00	0.00	0.00	26.68	83.10	7.26	34.69	7578	4645	2471	67	0	0	0	0	14761	144.86	32.82	12.16	44.86	36.81	49.24	81.28	1.71	36.90	11.78
10/19/2018 1:55:43 PM	12.77	4.14	4.68	2.21	0.00	0.00	0.00	0.15	23.79	83.65	7.31	34.73	6766	4139	2104	66	0	0	0	0	13076	145.80	29.86	11.17	40.42	34.62	44.87	73.48	1.72	36.89	11.78
10/19/2018 1:55:46 PM	10.89	3.66	3.74	1.73	0.00	0.00	0.00	0.26	20.03	83.97	7.36	34.71	5772	3663	1684	52	0	0	0	0	11171	146.37	24.94	9.26	34.65	30.35	38.54	62.02	1.72	36.86	11.76
10/19/2018 1:55:48 PM	8.10	3.22	3.12	1.19	0.00	0.00	0.00	0.52	15.63	84.76	7.39	34.38	4295	3216	1406	36	0	0	0	0	8952	147.74	20.41	7.69	28.61	26.73	31.53	49.92	1.72	36.86	11.76
10/19/2018 1:55:50 PM	10.91	3.79	4.25	1.57	0.00	0.00	0.00	0.23	20.51	83.76	7.41	33.67	5782	3787	1912	47	0	0	0	0	11529	146.00	25.64	9.68	35.46	30.70	38.76	63.35	1.73	36.82	11.76
10/19/2018 1:55:53 PM	11.76	4.23	4.81	1.49	0.00	0.00	0.00	0.23	22.29	84.06	7.53	32.98	6231	4226	2167	45	0	0	0	0	12669	146.52	27.63	10.40	38.56	33.09	41.64	68.40	1.74	36.82	11.76
10/19/2018 1:55:55 PM	9.36	3.84	3.38	1.12	0.00	0.00	0.00	0.53	17.70	84.47	7.60	31.62	4958	3838	1523	34	0	0	0	0	10353	147.24	22.11	8.46	32.57	29.41	35.25	55.09	1.74	36.81	11.76
10/19/2018 1:55:57 PM	8.26	3.30	2.60	1.31	0.00	0.00	0.00	0.78	15.48	84.80	7.66	30.27	4380	3301	1171	39	0	0	0	0	8891	147.81	20.40	7.80	29.01	29.01	32.14	50.80	1.75	36.78	11.76
10/19/2018 1:56:00 PM	7.87	3.23	2.17	1.25	0.00	0.00	0.00	0.95	14.51	84.95	7.68	30.34	4169	3230	978	37	0	0	0	0	8413	148.08	19.30	7.56	27.89	29.29	30.81	48.68	1.75	36.75	11.74
10/19/2018 1:56:02 PM	8.21	3.49	2.43	0.96	0.00	0.00	0.00	1.00	15.09	84.87	7.75	30.86	4350	3495	1093	29	0	0	0	0	8967	147.94	19.57	7.63	29.01	30.40	31.38	50.13	1.76	36.72	11.76
10/19/2018 1:56:05 PM	8.00	3.63	2.53	0.83	0.00	0.00	0.00	1.01	15.00	84.80	7.82	31.64	4238	3631	1140	25	0	0	0	0	9035	147.81	19.41	7.58	29.24	30.22	31.39	49.44	1.77	36.70	11.73
10/19/2018 1:56:07 PM	7.57	3.36	2.18	1.12	0.00	0.00	0.00	1.01	14.22	84.87	7.86	30.70	4013	3359	979	33	0	0	0	0	8384	147.94	18.96	7.55	27.97	29.27	30.58	47.63	1.77	36.68	11.75
10/19/2018 1:56:09 PM	6.59	2.96	1.69	1.01	0.00	0.00	0.00	1.27	12.25	85.18	7.92	29.41	3494	2957	761	30	0	0	0	0	7242	148.48	17.26	6.81	24.76	29.30	27.27	43.90	1.78	36.67	11.74
10/19/2018 1:56:12 PM	6.18	2.87	1.58	0.94	0.00	0.00	0.00	1.29	11.57	85.46	8.00	29.81	3277	2868	710	28	0	0	0	0	6884	148.96	16.52	6.51	23.75	28.57	26.19	41.95	1.78	36.63	11.74
10/19/2018 1:56:14 PM	6.74	3.01	1.72	0.96	0.00	0.00	0.00	1.23	12.44	85.32	8.03	30.29	3573	3014	775	29	0	0	0	0	7391	148.72	17.19	6.77	25.01	29.06	27.44	43.95	1.79	36.61	11.74
10/19/2018 1:56:17 PM	6.79	3.10	1.89	0.74	0.00	0.00	0.00	1.23	12.52	85.45	8.07	30.47	3600	3105	850	22	0	0	0	0	7577	148.94	17.00	6.88	25.22	29.16	27.04	43.95	1.79	36.58	11.70
10/19/2018 1:56:19 PM	5.90	2.41	1.18	1.06	0.00	0.00	0.00	1.28	10.55	85.63	8.10	30.62	3127	2409	529	32	0	0	0	0	6098	149.27	15.35	6.03	21.31	27.23	24.02	39.54	1.79	36.55	11.72
10/19/2018 1:56:21 PM	6.19	2.67	1.61	0.66	0.00	0.00	0.00	1.22	11.13	85.70	8.17	31.09	3283	2668	724	20	0	0	0	0	6694	149.38	15.35	5.97	22.21	27.25	24.18	40.22	1.80	36.54	11.73
10/19/2018 1:56:24 PM	6.00	2.51	1.37	0.92	0.00	0.00	0.00	1.22	10.80	85.57	8.22	30.88	3181	2514	616	28	0	0	0	0	6339	149.16	15.35	6.03	21.71	26.91	24.14	39.64	1.81	36.51	11.70
10/19/2018 1:56:26 PM	6.26	2.76	1.56	0.75	0.00	0.00	0.00	1.22	11.32	85.66	8.27	30.09	3315	2762	702	22	0	0	0	0	6801	149.31	15.62	6.25	22.87	27.48	24.88	40.62	1.81	36.49	11.72
10/19/2018 1:56:28 PM	6.63	2.88	1.78	0.76	0.00	0.00	0.00	1.28	12.04	85.57	8.31	30.18	3513	2876	800	23	0	0	0	0	7211	149.16	16.64	6.44	23.93	29.07	26.04	43.32	1.81	36.47	11.71
10/19/2018 1:56:31 PM	5.62	2.04	0.80	1.19	0.00	0.00	0.00	1.27	9.65	85.91	8.40	29.98	2977	2039	361	36	0	0	0	0	5412	149.75	14.34	5.73	19.35	25.94	22.28	37.28	1.82	36.43	11.72
10/19/2018 1:56:33 PM	6.31	2.38	1.10	1.13	0.00	0.00	0.00	1.22	10.92	85.96	8.51	29.52	3344	2379	496	34	0	0	0	0	6253	149.84	15.43	6.23	21.63	27.09	24.33	40.29	1.83	36.43	11.68
10/19/2018 1:56:36 PM	6.24	2.51	1.35	0.89	0.00	0.00	0.00	1.23	10.98	85.44	8.58	29.81	3306	2507	607	27	0	0	0	0	6448	148.92	15.35	6.05	21.81	27.20	24.15	40.21	1.84	36.38	11.66
10/19/2018 1:56:38 PM	6.09	2.30	1.08	1.07	0.00	0.00	0.00	1.24	10.54	85.61	8.65	28.84	3228	2296	488	32	0	0	0	0	6044	149.22	15.07	5.94	20.89	26.82	23.61	39.40	1.85	36.37	11.68
10/19/2018 1:56:40 PM	5.73	2.26	1.07	1.13	0.00	0.00	0.00	1.23	10.19	85.52	8.74	26.90	3039	2261	479	34	0	0	0	0	5813	149.06	14.96	5.93	20.55	26.28	23.38	38.36	1.86	36.32	11.67
10/19/2018 1:56:43 PM	5.87	2.09	0.84	1.29	0.00	0.00	0.00	1.24	10.09	85.59	8.83	26.09	3110	2088	379	39	0	0	0	0	5616	149.19	14.86	5.89	20.01	26.27	23.15	38.47	1.86	36.29	11.67
10/19/2018 1:56:45 PM	5.48	2.04	0.73	1.34	0.00	0.00	0.00	1.25	9.60	85.59	8.90	26.12	2905	2037	330	40	0	0	0	0	5313	149.19	14.54	5.92	19.53	25.74	22.66	37.09	1.87	36.25	11.66
10/19/2018 1:56:47 PM	5.41	2.15	1.01	1.14	0.00	0.00	0.00	1.24	9.72	85.05	8.98	26.77	2867	2154	455	34	0	0	0	0	5510	148.26	14.60	5.96	19.84	25.80	22.52	37.19	1.88	36.21	11.64
10/19/2018 1:56:50 PM	5.48	1.78	0.52	1.47	0.00	0.00	0.00	1.21	9.25	85.50	9.05	26.94	2907	1775	233	44	0	0	0	0	4959	149.04	14.11	5.54	18.33	24.98	21.92	36.29	1.89	36.18	11.66
10/19/2018 1:56:52 PM	5.58	2.03	0.96	1.25	0.00	0.00	0.00	1.22	9.82	85.35	9.08	26.09	2958	2030	432	37	0	0	0	0	5458	148.77	14.74	5.71	19.50	25.74	22.65	37.70	1.89	36.13	11.66
10/19/2018 1:56:55 PM	5.51	1.72	0.39	1.70	0.00	0.00	0.00	1.23	9.32	85.71	9.11	25.61	2919	1724	175	51	0	0	0	0	4869	149.39	14.55	5.79	18.54	25.34	22.51	36.95	1.89	36.10	11.64
10/19/2018 1:56:57 PM	5.58	2.14	0.68	1.42	0.00	0.00	0.00	1.21	9.82	85.53	9.20	25.23	2959	2138	306	43	0	0	0	0	5446	149.09	14.67	6.23	20.22	25.60	23.30	37.23	1.90	36.06	11.62
10/19/2018 1:56:59 PM	5.46	1.91	0.64	1.52	0.00	0.00	0.00	1.20	9.52	85.30	9.26	24.93	2892	1908	286	46	0	0	0	0	5132	148.68	14.60	5.87	19.16	25.21	22.71	36.89	1.91	36.01	11.64
10/19/2018 1:57:02 PM	5.98	2.15	0.71	1.58	0.00	0.00	0.00	1.21	10.41	85.13	9.36	24.95	3168	2145	318	47	0	0	0	0	5679	148.40	15.47	6.60	21.01	26.47	24.29	39.30	1.92	35.98	11.61
10/19/2018 1:57:04 PM	5.42	2.01	0.76	1.52	0.00	0.00	0.00	1.21	9.72	85.38	9.43	24.95	2874	2011	341	46	0	0	0	0	5273	148.82	14.99	6.24	19.82	25.61	23.15	37.49	1.92	35.92	11.61
10/19/2018 1:57:06 PM	5.10	1.85	0.62	1.60	0.00	0.00	0.00	1.20	9.17	85.29	9.48	24.93	2705	1852	280	48	0	0	0	0	4884	148.67	14.55	5.99	18.83	24.77	22.40	36.02	1.93	35.88	11.61
10/19/2018 1:57:09 PM	5.36	1.81	0.52	1.65	0.00	0.00	0.00	1.22	9.34	84.61	9.55	25.39	2838	1814	235	49	0	0	0	0	4937	147.48	14.65	6.03	18.90	25.29	22.56	36.80	1.94	35.83	11.60
10/19/2018 1:57:11 PM	5.11	1.98	0.79	1.43	0.00	0.00	0.00	1.17	9.32	85.17	9.59	25.64	2709	1983	357	43	0	0	0	0	5092	148.45	14.47	6.00	19.22	24.62	22.43	35.89	1.94	35.79	11.61
10/19/2018 1:57:14 PM	5.24	1.79	0.42	1.71	0.00	0.00	0.00	1.20	9.16	85.24	9.64	25.57	2776	1788	190	51	0	0	0	0	4805	148.58	14.45	6.09	18.75	24.78	22.43	36.05	1.94	35.76	11.59
10/19/2018 1:57:16 PM	5.08	1.83	0.49	1.76	0.00	0.00	0.00	1.23	9.17	84.99	9.69	25.89	2695	1835	220	53	0	0	0	0	4803	148.15	14.81	6.28	19.06	25.16	22.77	36.38	1.95	35.70	11.60
10/19/2018 1:57:18 PM	5.01	1.89	0.65	1.58	0.00	0.00	0.00	1.20	9.13	85.02	9.75	25.76	2655	1893	292	47	0	0	0	0	4887	148.21	14.55	6.08	18.96	24.75	22.41	35.81	1.96	35.65	11.59
10/19/2018 1:57:21 PM	4.98	1.97	0.81	1.48	0.00	0.00	0.00	1.19	9.24	85.03	9.79	25.71	2641	1965	366	44	0	0	0	0	5016	148.22	14.62	6.10	19.19	24.75	22.43	35.93	1.96	35.61	11.57
10/19/2018 1:57:23 PM	5.01	1.89	0.82	1.46	0.00	0.00	0.00	1.16	9.18	85.19	9.82	25.92	2655	1887	369	44	0	0	0	0	4955	148.50	14.46	6.05	18.84	24.36	22.04	35.69	1.96	35.56	11.55
10/19/2018 1:57:25 PM	5.01	1.93	0.53	1.48	0.00	0.00	0.00	1.18	8.95	85.09	9.88	26.14	2654	1928	239	44	0	0	0	0	4865	148.31	13.90	6.07	18.81	24.13	21.93	34.65	1.97	35.52	11.55
10/19/2018 1:57:28 PM	5.17	1.67	0.17	1.80	0.00	0.00	0.00	1.20	8.82	85.00	9.92	26.16	2743	1670	78	54	0	0	0	0	4544	148.16	14.01	5.85	18.07	24.31	22.06	35.09	1.97	35.48	11.54
10/19/2018 1:57:30 PM	5.13	1.68	0.51	1.62	0.00	0.00	0.00	1.18	8.94	85.03	9.99	26.26	2721	1682	227	48	0	0	0	0	4679	148.22	14.16	5.89	18.05	24.34	21.60	35.48	1.98	35.41	11.53
10/19/2018 1:57:33 PM	5.04	1.67	0.29	1.77	0.00	0.00	0.00	1.22	8.77	84.83	10.06	26.14	2673	1674	128	53	0	0	0	0	4528	147.87	14.15	6.06	18.11	24.52	21.84	35.22	1.99	35.37	11.55
10/19/2018 1:57:35 PM	4.75	1.81	0.40	1.64	0.00	0.00	0.00	1.19	8.60	85.10	10.11	26.04	2517	1806	181	49	0	0	0	0	4554	148.34	13.88	5.98	18.26	23.84	21.77	34.02	1.99	35.33	11.53
10/19/2018 1:57:37 PM	4.93	2.05	0.75	1.17	0.00	0.00	0.00	1.18	8.90	84.86	10.18	25.68	2613	2053	337	35	0	0	0	0	5039	147.91	13.50	5.61	18.71	23.92	21.52	34.02	2.00	35.28	11.54
10/19/2018 1:57:40 PM	4.83	1.74	0.21	1.53	0.00	0.00	0.00	1.21	8.31	84.96	10.22	25.21	2561	1735	95	46	0	0	0	0	4437	148.10	13.16	5.53	17.51	23.66	21.03	33.16	2.00	35.21	11.51
10/19/2018 1:57:42 PM	4.79	1.86	0.41	1.36	0.00	0.00	0.00	1.22	8.42	84.90	10.29	25.02	2537	1859	185	41	0	0	0	0	4622	147.99	13.18	5.52	17.85	23.76	21.04	33.21	2.01	35.19	11.49
10/19/2018 1:57:44 PM	4.57	1.79	0.65	1.27	0.00	0.00	0.00	1.23	8.28	84.85	10.34	24.63	2422	1787	291	38	0	0	0	0	4539	147.90	13.30	5.32	17.34	23.73	20.50	33.20	2.01	35.13	11.49
10/19/2018 1:57:47 PM	4.71	1.78	0.39	1.31	0.00	0.00	0.00	1.22	8.19	85.17	10.40	24.84	2498	1776	175	39	0	0	0	0	4488	148.47	12.86	5.42	17.29	23.54	20.34	32.66	2.02	35.10	11.47
10/19/2018 1:57:49 PM	4.43	1.73	0.39	1.16	0.00	0.00	0.00	1.24	7.70	85.16	10.45	25.17	2347	1727	174	35	0	0	0	0	4284	148.44	12.22	5.09	16.47	23.02	19.33	31.21	2.02	35.02	11.49
10/19/2018 1:57:52 PM	4.56	1.71	0.25	1.18	0.00	0.00	0.00	1.24	7.71	85.11	10.53	24.91	2418	1710	114	35	0	0	0	0	4277	148.35	12.03	5.01	16.41	22.93	19.35	31.09	2.03	35.00	11.47
10/19/2018 1:57:54 PM	4.62	2.01	0.46	0.93	0.00	0.00	0.00	1.28	8.02	84.93	10.62	24.59	2448	2014	206	28	0	0	0	0	4695	148.04	12.11	5.16	17.50	23.56	19.88	31.49	2.04	34.94	11.47
10/19/2018 1:57:56 PM	4.62	2.10	0.66	0.86	0.00	0.00	0.00	1.25	8.24	84.88	10.69	24.46	2447	2103	298	26	0	0	0	0	4873	147.96	12.39	5.22	17.93	23.63	20.17	31.93	2.05	34.87	11.43
10/19/2018 1:57:59 PM	4.67	1.86	0.15	1.26	0.00	0.00	0.00	1.28	7.93	84.83	10.77	24.17	2474	1858	65	38	0	0	0	0	4435	147.86	12.33	5.03	17.17	23.57	20.42	31.69	2.06	34.82	11.41
10/19/2018 1:58:01 PM	4.99	2.23	0.66	0.95	0.00	0.00	0.00	1.25	8.83	84.44	10.85	24.01	2647	2233	295	28	0	0	0	0	5203	147.18	12.98	5.43	18.99	24.39	21.43	33.53	2.06	34.75	11.42
10/19/2018 1:58:03 PM	4.68	1.95	0.24	1.20	0.00	0.00	0.00	1.29	8.07	84.69	10.92	24.27	2478	1948	108	36	0	0	0	0	4570	147.63	12.48	5.22	17.61	23.87	20.59	32.02	2.07	34.70	11.41
10/19/2018 1:58:06 PM	5.07	2.49	0.63	1.00	0.00	0.00	0.00	1.34	9.19	84.37	11.00	24.33	2685	2493	286	30	0	0	0	0	5494	147.07	13.58	5.69	20.33	25.62	22.88	34.67	2.08	34.64	11.41
10/19/2018 1:58:08 PM	4.91	2.82	0.74	0.84	0.00	0.00	0.00	1.34	9.32	84.42	11.06	24.40	2604	2822	334	25	0	0	0	0	5785	147.15	13.53	5.86	21.45	25.60	23.59	34.11	2.08	34.58	11.39
10/19/2018 1:58:11 PM	5.04	2.79	0.57	1.12	0.00	0.00	0.00	1.34	9.52	84.22	11.13	24.51	2673	2791	256	34	0	0	0	0	5754	146.80	14.02	6.12	21.87	25.91	24.49	34.93	2.09	34.54	11.41
10/19/2018 1:58:13 PM	5.48	3.16	0.54	1.11	0.00	0.00	0.00	1.38	10.28	84.13	11.19	23.94	2903	3155	243	33	0	0	0	0	6334	146.65	14.57	6.54	23.85	27.13	26.31	36.58	2.10	34.47	11.38
10/19/2018 1:58:15 PM	5.41	3.10	0.82	0.93	0.00	0.00	0.00	1.39	10.26	83.64	11.26	23.77	2868	3102	367	28	0	0	0	0	6365	145.79	14.63	6.44	23.46	27.32	25.60	36.91	2.10	34.42	11.37
10/19/2018 1:58:18 PM	5.56	2.88	0.46	1.18	0.00	0.00	0.00	1.37	10.08	83.70	11.34	24.05	2948	2875	206	36	0	0	0	0	6065	145.90	14.42	6.29	22.73	26.92	25.47	36.65	2.11	34.37	11.36
10/19/2018 1:58:20 PM	5.76	3.45	0.75	1.20	0.00	0.00	0.00	1.39	11.16	83.49	11.43	23.80	3051	3447	339	36	0	0	0	0	6873	145.54	15.81	7.20	25.88	28.45	28.32	39.05	2.12	34.30	11.35
10/19/2018 1:58:22 PM	5.96	3.55	0.53	1.40	0.00	0.00	0.00	1.42	11.45	83.30	11.51	23.51	3161	3552	239	42	0	0	0	0	6995	145.21	16.21	7.32	26.70	29.08	29.63	39.88	2.13	34.25	11.34
10/19/2018 1:58:25 PM	6.00	3.80	0.79	1.28	0.00	0.00	0.00	1.44	11.87	82.86	11.59	23.54	3180	3804	353	38	0	0	0	0	7375	144.44	16.71	7.71	27.93	29.79	30.42	40.86	2.14	34.22	11.35
10/19/2018 1:58:27 PM	6.29	4.54	1.80	0.45	0.00	0.00	0.00	1.37	13.07	82.60	11.65	23.73	3331	4540	811	13	0	0	0	0	8695	143.99	17.10	7.88	30.60	30.27	31.41	42.24	2.14	34.14	11.34
10/19/2018 1:58:30 PM	5.83	4.02	1.08	1.03	0.00	0.00	0.00	1.42	11.96	82.90	11.72	24.02	3088	4024	488	31	0	0	0	0	7631	144.51	16.67	7.67	28.49	29.58	30.50	40.43	2.15	34.11	11.30
10/19/2018 1:58:32 PM	6.70	4.54	0.92	1.44	0.00	0.00	0.00	1.49	13.60	82.83	11.76	23.99	3550	4537	416	43	0	0	0	0	8546	144.39	18.67	8.70	32.31	32.28	34.95	45.00	2.15	34.03	11.29
