Date/Time	Green Algae	Bluegreen	Diatoms	Cryptophyta	#5	#6	#7	Yellow substances	Total conc.	Transmission	Depth	Temp. Sample	Green Algae	Bluegreen	Diatoms	Cryptophyta	#5	#6	#7	Yellow substances	Total cell count	Trans. 700 nm	LED 3 [525 nm]	LED 4 [570 nm]	LED 5 [610 nm]	LED 6 [370 nm]	LED 7 [590 nm]	LED 8 [470 nm]	Pressure	Temp. LEDs	Temp. Sensor
date	µg/l	µg/l	µg/l	µg/l	µg/l	µg/l	µg/l	r.u.	µg/l	%	m	°C	cells/ml	cells/ml	cells/ml	cells/ml	cells/ml	cells/ml	cells/ml	r.u.	cells/ml	digits	digits	digits	digits	digits	digits	digits	bar	°C	°C
8/9/2018 1:49:59 PM	11.47	2.74	4.11	0.47	0.00	0.00	0.00	0.00	18.79	85.07	0.22	53.82	6081	2744	1849	14	0	0	0	0	10688	148.29	20.69	5.85	28.12	25.29	30.90	57.89	1.02	42.91	13.68
8/9/2018 1:50:02 PM	12.14	2.96	3.65	0.27	0.00	0.00	0.00	0.00	19.02	84.66	0.26	53.79	6433	2958	1641	8	0	0	0	0	11041	147.56	19.61	5.53	28.58	25.66	31.21	57.05	1.03	42.98	13.70
8/9/2018 1:50:04 PM	11.02	2.25	3.57	1.37	0.00	0.00	0.00	0.00	18.21	84.55	0.32	54.00	5838	2253	1607	41	0	0	0	0	9739	147.38	21.53	6.77	27.24	24.94	31.17	57.84	1.03	43.07	13.70
8/9/2018 1:50:07 PM	11.37	2.20	3.98	0.82	0.00	0.00	0.00	0.00	18.37	84.65	0.35	54.24	6025	2201	1790	25	0	0	0	0	10040	147.56	20.97	6.20	26.46	25.14	29.55	58.37	1.03	43.14	13.70
8/9/2018 1:50:09 PM	10.92	2.45	4.65	0.72	0.00	0.00	0.00	0.00	18.74	84.67	0.38	54.21	5788	2445	2093	22	0	0	0	0	10348	147.59	22.11	6.71	27.83	25.07	30.36	59.78	1.04	43.23	13.73
8/9/2018 1:50:11 PM	12.32	2.43	3.80	0.43	0.00	0.00	0.00	0.00	18.98	85.38	0.40	54.21	6528	2434	1709	13	0	0	0	0	10685	148.82	20.01	6.66	27.48	25.70	29.13	58.95	1.04	43.29	13.74
8/9/2018 1:50:14 PM	12.00	2.11	2.77	1.52	0.00	0.00	0.00	0.00	18.40	84.66	0.43	54.21	6359	2112	1246	46	0	0	0	0	9763	147.58	20.51	7.04	27.20	24.85	30.91	58.22	1.04	43.37	13.74
8/9/2018 1:50:16 PM	10.10	2.47	5.00	0.74	0.00	0.00	0.00	0.00	18.32	85.18	0.46	54.10	5352	2473	2250	22	0	0	0	0	10097	148.48	22.69	6.32	27.29	25.43	30.59	58.42	1.05	43.44	13.73
8/9/2018 1:50:19 PM	11.03	3.13	4.74	0.16	0.00	0.00	0.00	0.00	19.06	85.39	0.49	53.91	5846	3126	2134	5	0	0	0	0	11111	148.85	21.05	7.15	30.14	24.20	30.83	58.59	1.05	43.49	13.74
8/9/2018 1:50:21 PM	11.19	2.41	3.76	1.16	0.00	0.00	0.00	0.00	18.53	85.00	0.54	53.78	5933	2407	1694	35	0	0	0	0	10069	148.17	21.56	7.72	28.14	25.57	30.82	58.31	1.05	43.60	13.76
8/9/2018 1:50:23 PM	11.28	3.11	4.43	0.17	0.00	0.00	0.00	0.00	18.99	84.43	0.58	53.94	5979	3114	1991	5	0	0	0	0	11090	147.17	20.48	7.49	30.11	24.33	30.46	57.93	1.06	43.65	13.78
8/9/2018 1:50:26 PM	10.94	2.17	4.13	0.88	0.00	0.00	0.00	0.00	18.12	84.75	0.63	53.97	5797	2173	1856	26	0	0	0	0	9853	147.72	21.17	5.98	26.30	24.19	29.58	58.17	1.06	43.75	13.79
8/9/2018 1:50:28 PM	11.22	2.53	4.04	0.70	0.00	0.00	0.00	0.00	18.49	85.24	0.65	53.93	5944	2535	1817	21	0	0	0	0	10317	148.59	20.83	6.20	27.73	24.27	30.45	58.07	1.06	43.80	13.76
8/9/2018 1:50:30 PM	11.47	2.60	4.24	0.61	0.00	0.00	0.00	0.00	18.92	84.78	0.70	53.81	6077	2597	1909	18	0	0	0	0	10601	147.78	21.30	6.21	28.06	25.47	30.84	59.13	1.07	43.86	13.79
8/9/2018 1:50:33 PM	11.10	2.08	4.16	0.60	0.00	0.00	0.00	0.00	17.94	85.55	0.75	53.76	5886	2076	1872	18	0	0	0	0	9852	149.12	20.49	5.91	25.29	24.98	28.07	57.14	1.07	43.95	13.79
8/9/2018 1:50:35 PM	11.06	2.01	3.75	1.16	0.00	0.00	0.00	0.00	17.98	85.01	0.81	53.94	5860	2012	1689	35	0	0	0	0	9596	148.19	21.13	6.72	26.07	24.72	29.37	57.83	1.08	43.99	13.82
8/9/2018 1:50:38 PM	11.01	2.37	4.34	0.62	0.00	0.00	0.00	0.00	18.33	85.65	0.87	53.93	5835	2370	1951	19	0	0	0	0	10174	149.29	21.12	6.08	26.75	25.06	29.59	57.93	1.09	44.06	13.83
8/9/2018 1:50:40 PM	11.74	2.22	4.06	0.92	0.00	0.00	0.00	0.00	18.95	84.40	0.93	53.89	6224	2225	1826	28	0	0	0	0	10302	147.12	21.57	6.32	27.39	24.85	30.44	60.85	1.09	44.15	13.80
8/9/2018 1:50:42 PM	10.46	2.35	4.94	0.70	0.00	0.00	0.00	0.14	18.45	85.14	0.98	53.87	5543	2349	2223	21	0	0	0	0	10136	148.40	22.95	6.57	26.95	27.71	30.06	59.95	1.10	44.22	13.82
8/9/2018 1:50:45 PM	10.26	2.59	5.41	0.36	0.00	0.00	0.00	0.00	18.62	84.31	1.03	53.67	5438	2594	2435	11	0	0	0	0	10478	146.97	22.59	5.98	27.55	25.24	30.18	59.31	1.10	44.28	13.83
8/9/2018 1:50:47 PM	10.59	2.59	4.80	0.80	0.00	0.00	0.00	0.00	18.77	84.03	1.08	53.46	5610	2585	2161	24	0	0	0	0	10380	146.47	22.73	6.71	28.25	25.81	31.32	59.44	1.11	44.32	13.85
8/9/2018 1:50:49 PM	12.56	1.80	2.17	1.97	0.00	0.00	0.00	0.11	18.51	85.30	1.15	53.40	6659	1796	979	59	0	0	0	0	9493	148.69	21.00	7.34	26.54	27.45	31.28	59.66	1.11	44.39	13.89
8/9/2018 1:50:52 PM	8.25	2.82	6.07	0.83	0.00	0.00	0.00	0.24	17.97	84.85	1.20	53.31	4375	2817	2731	25	0	0	0	0	9948	147.90	25.27	9.42	29.50	28.14	30.78	59.37	1.12	44.47	13.85
8/9/2018 1:50:54 PM	10.30	2.79	6.46	0.00	0.00	0.00	0.00	0.00	19.55	83.79	1.27	53.26	5460	2793	2907	0	0	0	0	0	11159	146.06	24.31	5.48	29.43	26.67	30.12	62.54	1.12	44.52	13.89
8/9/2018 1:50:57 PM	9.93	1.49	3.97	1.67	0.00	0.00	0.00	0.15	17.06	82.68	1.31	53.14	5261	1495	1786	50	0	0	0	0	8592	144.13	22.49	9.56	25.10	26.47	27.08	58.00	1.13	44.58	13.91
8/9/2018 1:50:59 PM	11.93	1.45	3.67	1.88	0.00	0.00	0.00	0.00	18.93	84.25	1.38	52.98	6324	1446	1653	56	0	0	0	0	9479	146.86	23.24	7.40	25.87	26.69	30.39	63.22	1.14	44.63	13.89
8/9/2018 1:51:01 PM	11.82	3.07	4.01	0.39	0.00	0.00	0.00	0.48	19.29	85.62	1.42	52.83	6266	3070	1805	12	0	0	0	0	11153	149.24	22.11	5.31	29.27	31.52	33.04	61.83	1.14	44.70	13.91
8/9/2018 1:51:04 PM	7.25	2.55	8.80	0.36	0.00	0.00	0.00	0.00	18.97	86.04	1.47	52.74	3841	2554	3962	11	0	0	0	0	10368	149.97	29.02	7.19	28.18	27.61	31.10	64.27	1.14	44.78	13.89
8/9/2018 1:51:06 PM	13.20	2.39	3.49	1.19	0.00	0.00	0.00	0.12	20.28	85.67	1.50	52.74	6998	2387	1571	36	0	0	0	0	10992	149.34	22.61	7.34	29.21	29.80	32.75	64.39	1.15	44.84	13.92
8/9/2018 1:51:08 PM	11.48	2.83	5.99	0.00	0.00	0.00	0.00	0.06	20.30	85.68	1.53	52.58	6085	2831	2694	0	0	0	0	0	11610	149.34	24.11	5.68	29.06	29.26	31.74	64.28	1.15	44.85	13.93
8/9/2018 1:51:11 PM	11.75	2.48	5.77	0.21	0.00	0.00	0.00	0.00	20.20	83.88	1.55	52.36	6227	2476	2597	6	0	0	0	0	11305	146.21	23.71	5.14	28.16	26.56	31.22	65.45	1.15	44.96	13.91
8/9/2018 1:51:13 PM	13.10	2.58	4.52	0.78	0.00	0.00	0.00	0.00	20.98	84.29	1.59	52.29	6945	2581	2034	23	0	0	0	0	11584	146.93	23.45	5.75	29.75	27.97	33.71	66.59	1.16	45.06	13.91
8/9/2018 1:51:16 PM	13.49	1.50	3.17	2.13	0.00	0.00	0.00	0.00	20.29	84.84	1.63	52.29	7149	1498	1425	64	0	0	0	0	10136	147.88	23.67	9.65	28.23	28.51	31.32	67.15	1.16	45.12	13.93
8/9/2018 1:51:18 PM	10.30	2.95	6.67	0.43	0.00	0.00	0.00	0.00	20.34	86.43	1.66	52.25	5459	2948	2999	13	0	0	0	0	11419	150.65	25.97	7.64	31.09	26.88	32.88	65.82	1.16	45.11	13.92
8/9/2018 1:51:20 PM	15.19	2.22	2.60	1.44	0.00	0.00	0.00	0.00	21.45	83.69	1.72	52.09	8049	2218	1170	43	0	0	0	0	11481	145.89	21.93	8.24	30.07	30.18	33.16	66.92	1.17	45.18	13.94
8/9/2018 1:51:23 PM	9.91	2.60	7.46	0.57	0.00	0.00	0.00	0.00	20.54	83.94	1.79	52.14	5255	2597	3358	17	0	0	0	0	11227	146.32	27.96	6.84	29.76	28.50	33.11	68.24	1.18	45.23	13.93
8/9/2018 1:51:25 PM	11.97	2.39	4.64	1.55	0.00	0.00	0.00	0.00	20.54	85.65	1.84	52.05	6344	2386	2087	47	0	0	0	0	10863	149.29	25.33	7.60	30.14	28.34	34.51	66.56	1.18	45.25	13.97
8/9/2018 1:51:27 PM	11.84	3.15	6.33	0.00	0.00	0.00	0.00	0.00	21.31	84.04	1.90	51.98	6274	3146	2846	0	0	0	0	0	12266	146.49	25.00	6.95	32.59	27.99	32.31	67.39	1.19	45.34	14.08
8/9/2018 1:51:30 PM	12.57	1.55	4.08	1.80	0.00	0.00	0.00	0.00	20.01	84.25	1.93	51.97	6664	1550	1835	54	0	0	0	0	10103	146.87	24.45	8.68	27.39	28.84	30.97	66.54	1.19	45.36	13.98
8/9/2018 1:51:32 PM	11.89	2.52	3.97	1.85	0.00	0.00	0.00	0.00	20.23	86.38	1.98	51.98	6300	2523	1787	55	0	0	0	0	10664	150.56	24.72	8.76	30.97	28.15	34.94	64.51	1.19	45.42	13.99
8/9/2018 1:51:35 PM	11.73	2.04	3.63	2.15	0.00	0.00	0.00	0.00	19.56	84.55	2.03	51.91	6219	2040	1634	65	0	0	0	0	9959	147.39	24.24	8.34	29.22	26.28	33.69	64.24	1.20	45.55	13.97
8/9/2018 1:51:37 PM	11.18	3.10	6.54	0.00	0.00	0.00	0.00	0.00	20.82	84.26	2.08	51.91	5926	3096	2945	0	0	0	0	0	11968	146.87	25.24	6.80	31.41	28.73	32.24	65.67	1.20	45.55	14.02
8/9/2018 1:51:39 PM	12.24	2.08	4.30	1.72	0.00	0.00	0.00	0.00	20.35	84.97	2.15	51.89	6488	2085	1936	52	0	0	0	0	10560	148.11	24.86	9.80	29.96	28.42	32.42	66.54	1.21	45.62	14.05
8/9/2018 1:51:42 PM	10.92	2.60	5.05	1.13	0.00	0.00	0.00	0.00	19.70	84.71	2.19	51.73	5786	2601	2273	34	0	0	0	0	10693	147.66	24.66	7.09	29.42	27.78	33.44	62.87	1.21	45.64	14.12
8/9/2018 1:51:44 PM	11.21	2.80	5.64	0.24	0.00	0.00	0.00	0.00	19.88	84.01	2.06	51.67	5939	2803	2536	7	0	0	0	0	11285	146.44	23.57	5.19	28.78	27.06	32.26	62.82	1.20	45.68	14.04
8/9/2018 1:51:46 PM	11.66	2.50	5.75	0.17	0.00	0.00	0.00	0.00	20.08	82.87	2.26	51.69	6182	2497	2587	5	0	0	0	0	11271	144.45	23.64	5.73	27.99	27.89	30.75	64.25	1.22	45.75	14.04
8/9/2018 1:51:49 PM	11.31	2.36	5.53	1.14	0.00	0.00	0.00	0.00	20.33	84.40	2.31	51.67	5995	2364	2486	34	0	0	0	0	10879	147.12	25.75	7.79	29.54	28.46	32.90	66.41	1.23	45.77	14.05
8/9/2018 1:51:51 PM	11.00	3.75	6.32	0.00	0.00	0.00	0.00	0.12	21.06	84.38	2.38	51.34	5830	3746	2843	0	0	0	0	0	12420	147.08	25.45	8.04	33.92	30.48	34.51	64.98	1.23	45.91	14.05
8/9/2018 1:51:54 PM	11.20	3.82	4.89	0.73	0.00	0.00	0.00	0.11	20.65	84.26	2.50	50.91	5938	3823	2202	22	0	0	0	0	11984	146.88	24.45	8.40	34.33	29.53	36.71	62.48	1.25	45.88	14.07
8/9/2018 1:51:56 PM	11.35	3.21	4.57	0.89	0.00	0.00	0.00	0.02	20.02	84.88	2.57	50.46	6017	3214	2055	27	0	0	0	0	11312	147.96	23.49	8.71	32.04	28.12	34.04	61.33	1.25	45.94	14.05
8/9/2018 1:51:58 PM	10.51	3.61	6.14	0.36	0.00	0.00	0.00	0.01	20.63	84.42	2.63	50.09	5571	3614	2762	11	0	0	0	0	11958	147.15	25.48	7.69	33.01	28.86	35.35	63.28	1.26	45.97	14.05
8/9/2018 1:52:01 PM	12.73	2.77	2.97	1.15	0.00	0.00	0.00	0.00	19.62	84.41	2.68	49.63	6747	2774	1337	34	0	0	0	0	10892	147.14	20.81	8.00	30.29	26.55	32.69	59.85	1.26	46.01	14.06
8/9/2018 1:52:03 PM	9.61	2.27	3.68	0.84	0.00	0.00	0.00	0.26	16.40	85.07	2.73	49.27	5095	2266	1657	25	0	0	0	0	9043	148.28	20.10	6.56	25.18	25.80	27.97	53.27	1.27	46.05	14.08
8/9/2018 1:52:05 PM	11.94	2.51	2.28	1.00	0.00	0.00	0.00	0.12	17.74	85.30	2.78	49.31	6330	2509	1026	30	0	0	0	0	9896	148.69	18.44	6.76	27.15	25.69	29.95	54.20	1.27	46.09	14.12
8/9/2018 1:52:08 PM	10.69	1.52	1.57	1.87	0.00	0.00	0.00	0.22	15.65	86.10	2.83	48.61	5665	1521	706	56	0	0	0	0	7948	150.09	18.08	8.22	23.64	24.57	26.49	51.36	1.28	46.13	14.14
8/9/2018 1:52:10 PM	10.60	1.42	1.40	1.72	0.00	0.00	0.00	0.15	15.14	86.24	2.87	47.77	5619	1420	630	52	0	0	0	0	7720	150.32	16.94	6.73	22.14	23.01	25.80	49.03	1.28	46.17	14.12
8/9/2018 1:52:13 PM	10.05	1.17	1.04	1.92	0.00	0.00	0.00	0.15	14.18	86.61	2.93	47.61	5324	1173	470	58	0	0	0	0	7025	150.96	16.22	6.11	20.50	21.79	24.96	46.50	1.29	46.21	14.15
8/9/2018 1:52:15 PM	9.88	1.21	0.78	1.89	0.00	0.00	0.00	0.25	13.77	86.29	2.98	47.67	5237	1215	350	57	0	0	0	0	6859	150.41	15.67	6.72	20.55	22.18	24.25	45.54	1.29	46.24	14.17
8/9/2018 1:52:17 PM	9.59	1.03	1.15	1.63	0.00	0.00	0.00	0.12	13.40	86.73	3.01	47.62	5085	1025	518	49	0	0	0	0	6677	151.18	15.07	6.00	19.06	20.45	22.63	43.98	1.29	46.26	14.16
8/9/2018 1:52:20 PM	8.78	0.74	0.86	2.10	0.00	0.00	0.00	0.25	12.48	86.23	3.06	47.59	4652	736	387	63	0	0	0	0	5839	150.30	15.50	5.68	17.74	20.65	22.66	43.05	1.30	46.34	14.14
8/9/2018 1:52:22 PM	8.49	0.79	1.38	1.88	0.00	0.00	0.00	0.18	12.55	86.58	3.11	46.65	4502	793	619	56	0	0	0	0	5971	150.91	15.71	6.25	17.99	20.16	21.90	42.95	1.30	46.36	14.15
8/9/2018 1:52:24 PM	8.61	0.77	1.17	2.05	0.00	0.00	0.00	0.12	12.61	86.64	3.15	45.56	4564	773	529	62	0	0	0	0	5927	151.03	15.66	5.96	18.00	19.56	22.58	42.63	1.31	46.39	14.16
8/9/2018 1:52:27 PM	8.25	1.09	1.68	1.70	0.00	0.00	0.00	0.04	12.71	87.10	3.19	45.31	4371	1087	756	51	0	0	0	0	6264	151.82	15.57	6.24	18.89	18.72	22.48	41.60	1.31	46.41	14.16
8/9/2018 1:52:29 PM	8.57	0.73	0.73	2.26	0.00	0.00	0.00	0.12	12.29	86.76	3.24	45.41	4544	726	330	68	0	0	0	0	5667	151.23	15.20	6.24	17.89	19.17	22.56	41.53	1.32	46.44	14.17
8/9/2018 1:52:32 PM	8.34	1.42	2.58	0.66	0.00	0.00	0.00	0.08	12.99	86.37	3.29	45.26	4421	1418	1160	20	0	0	0	0	7018	150.54	14.94	4.87	18.71	19.29	21.23	41.78	1.32	46.48	14.20
8/9/2018 1:52:34 PM	7.75	1.08	1.42	1.89	0.00	0.00	0.00	0.27	12.14	86.29	3.34	44.76	4105	1085	641	57	0	0	0	0	5887	150.41	15.82	7.09	19.03	20.31	22.26	41.58	1.33	46.50	14.18
8/9/2018 1:52:36 PM	8.77	1.05	0.35	2.29	0.00	0.00	0.00	0.33	12.47	86.34	3.39	44.86	4648	1055	157	69	0	0	0	0	5929	150.50	15.29	6.92	19.48	21.23	23.72	42.39	1.33	46.51	14.18
8/9/2018 1:52:39 PM	8.07	1.19	1.84	1.57	0.00	0.00	0.00	0.17	12.68	86.21	3.46	44.80	4279	1189	829	47	0	0	0	0	6344	150.26	15.89	6.37	19.19	19.94	22.46	42.29	1.34	46.54	14.21
8/9/2018 1:52:41 PM	8.23	0.90	1.33	2.06	0.00	0.00	0.00	0.07	12.51	85.82	3.50	43.91	4361	901	597	62	0	0	0	0	5920	149.60	15.80	6.10	18.41	18.91	22.93	41.77	1.34	46.54	14.20
8/9/2018 1:52:43 PM	5.36	1.58	2.55	1.42	0.00	0.00	0.00	0.22	10.91	85.85	3.53	43.56	2839	1585	1145	43	0	0	0	0	5612	149.64	16.01	5.72	18.79	17.92	22.47	36.62	1.35	46.57	14.21
8/9/2018 1:52:46 PM	6.19	1.39	1.50	1.80	0.00	0.00	0.00	0.19	10.88	85.61	3.56	43.89	3281	1392	674	54	0	0	0	0	5401	149.23	14.91	6.12	18.59	17.47	22.46	36.00	1.35	46.59	14.20
8/9/2018 1:52:48 PM	5.28	1.70	3.01	1.34	0.00	0.00	0.00	0.12	11.33	85.57	3.59	43.23	2799	1705	1355	40	0	0	0	0	5899	149.16	16.56	6.92	19.90	17.50	22.38	37.25	1.35	46.59	14.22
8/9/2018 1:52:51 PM	6.34	1.38	1.41	2.34	0.00	0.00	0.00	0.14	11.47	85.71	3.63	42.22	3360	1383	634	70	0	0	0	0	5448	149.41	16.29	7.52	20.08	17.99	24.14	38.05	1.36	46.61	14.22
8/9/2018 1:52:53 PM	6.03	1.36	1.43	2.44	0.00	0.00	0.00	0.18	11.26	85.40	3.67	42.04	3195	1364	644	73	0	0	0	0	5276	148.86	16.61	6.65	19.62	18.10	24.79	37.87	1.36	46.62	14.22
8/9/2018 1:52:55 PM	4.51	1.47	1.98	2.72	0.00	0.00	0.00	0.22	10.68	85.42	3.71	41.84	2393	1465	890	82	0	0	0	0	4830	148.90	18.07	7.65	20.23	17.89	25.39	37.04	1.36	46.61	14.23
8/9/2018 1:52:58 PM	3.62	1.42	2.07	2.63	0.00	0.00	0.00	0.23	9.74	85.69	3.76	41.57	1919	1421	933	79	0	0	0	0	4352	149.37	17.43	7.82	19.33	16.66	23.94	34.22	1.37	46.63	14.24
8/9/2018 1:53:00 PM	3.86	1.47	1.80	1.92	0.00	0.00	0.00	0.14	9.04	85.16	3.79	41.79	2044	1471	808	58	0	0	0	0	4380	148.45	14.51	6.60	17.72	14.42	21.30	29.96	1.37	46.63	14.24
8/9/2018 1:53:02 PM	3.65	1.09	1.48	2.56	0.00	0.00	0.00	0.13	8.78	85.45	3.82	41.79	1936	1089	666	77	0	0	0	0	3767	148.95	15.30	6.79	16.93	14.29	21.78	30.48	1.37	46.65	14.23
8/9/2018 1:53:05 PM	3.54	1.16	1.05	2.58	0.00	0.00	0.00	0.27	8.34	85.53	3.84	41.33	1878	1162	474	77	0	0	0	0	3591	149.09	14.73	6.46	16.74	14.95	21.87	29.51	1.38	46.65	14.24
8/9/2018 1:53:07 PM	3.49	1.31	0.92	2.21	0.00	0.00	0.00	0.32	7.92	84.85	3.89	41.47	1849	1306	414	66	0	0	0	0	3635	147.89	13.45	6.04	16.37	14.57	20.84	27.54	1.38	46.62	14.25
8/9/2018 1:53:10 PM	2.62	1.30	1.30	1.58	0.00	0.00	0.00	0.22	6.81	85.89	3.93	40.36	1391	1301	585	48	0	0	0	0	3324	149.72	11.64	5.01	14.45	11.90	18.06	22.91	1.39	46.63	14.25
8/9/2018 1:53:12 PM	2.46	1.51	1.82	1.30	0.00	0.00	0.00	0.19	7.09	86.17	3.97	38.85	1304	1507	818	39	0	0	0	0	3668	150.20	11.97	5.39	15.24	11.93	17.99	23.27	1.39	46.62	14.25
8/9/2018 1:53:14 PM	1.81	1.41	1.63	1.73	0.00	0.00	0.00	0.32	6.57	85.98	4.00	39.12	957	1407	734	52	0	0	0	0	3150	149.87	12.75	5.19	14.88	12.64	18.90	23.19	1.39	46.61	14.26
8/9/2018 1:53:17 PM	2.70	1.57	0.79	1.73	0.00	0.00	0.00	0.32	6.79	86.44	4.03	39.96	1429	1570	357	52	0	0	0	0	3408	150.67	11.38	5.64	15.73	12.64	19.11	22.45	1.39	46.60	14.25
8/9/2018 1:53:19 PM	2.67	1.48	0.98	1.76	0.00	0.00	0.00	0.21	6.89	86.26	4.08	39.14	1414	1480	441	53	0	0	0	0	3388	150.35	11.56	5.64	15.51	11.81	18.99	22.43	1.40	46.61	14.25
8/9/2018 1:53:21 PM	1.75	1.76	1.97	1.18	0.00	0.00	0.00	0.20	6.67	85.48	4.10	38.20	930	1764	885	35	0	0	0	0	3615	149.00	11.79	4.77	15.42	11.24	18.54	21.28	1.40	46.60	14.26
8/9/2018 1:53:24 PM	2.06	1.67	1.52	1.42	0.00	0.00	0.00	0.19	6.66	85.85	4.14	38.61	1090	1667	686	42	0	0	0	0	3485	149.65	11.54	5.17	15.46	11.19	18.65	21.25	1.41	46.57	14.27
8/9/2018 1:53:26 PM	2.15	1.68	1.30	1.50	0.00	0.00	0.00	0.19	6.63	85.64	4.18	38.38	1138	1675	586	45	0	0	0	0	3444	149.28	11.34	4.90	15.42	11.03	19.04	20.90	1.41	46.55	14.25
8/9/2018 1:53:29 PM	2.85	1.60	0.99	1.76	0.00	0.00	0.00	0.16	7.20	85.52	4.21	37.94	1511	1597	446	53	0	0	0	0	3607	149.07	11.67	5.53	16.09	11.63	19.75	22.68	1.41	46.54	14.27
8/9/2018 1:53:31 PM	2.02	1.67	1.18	1.60	0.00	0.00	0.00	0.20	6.46	85.74	4.24	37.14	1070	1665	530	48	0	0	0	0	3313	149.45	11.28	5.16	15.45	10.92	19.02	20.45	1.42	46.52	14.28
8/9/2018 1:53:33 PM	1.93	1.97	1.35	1.30	0.00	0.00	0.00	0.27	6.56	85.93	4.29	36.35	1022	1967	610	39	0	0	0	0	3638	149.78	11.18	4.87	16.17	11.58	19.44	20.36	1.42	46.51	14.27
8/9/2018 1:53:36 PM	2.05	1.92	1.44	1.05	0.00	0.00	0.00	0.15	6.47	85.60	4.32	35.54	1089	1921	649	31	0	0	0	0	3690	149.21	10.32	4.43	15.48	10.19	18.40	19.04	1.42	46.47	14.27
8/9/2018 1:53:38 PM	2.36	2.08	1.54	0.96	0.00	0.00	0.00	0.09	6.94	85.36	4.36	35.32	1250	2078	694	29	0	0	0	0	4051	148.79	10.39	5.04	16.51	10.12	18.72	19.61	1.43	46.44	14.27
8/9/2018 1:53:40 PM	3.01	1.91	1.04	1.20	0.00	0.00	0.00	0.02	7.16	85.26	4.39	35.86	1595	1912	468	36	0	0	0	0	4010	148.62	10.01	4.90	16.26	9.75	19.02	19.91	1.43	46.41	14.27
8/9/2018 1:53:43 PM	2.40	2.05	1.40	1.23	0.00	0.00	0.00	0.11	7.08	85.54	4.46	36.07	1270	2053	631	37	0	0	0	0	3991	149.10	10.96	5.14	16.84	10.58	19.68	20.44	1.44	46.39	14.26
8/9/2018 1:53:45 PM	2.56	2.57	1.81	0.86	0.00	0.00	0.00	0.00	7.79	85.05	4.48	36.41	1356	2568	814	26	0	0	0	0	4763	148.26	10.86	5.14	18.98	8.99	20.89	20.86	1.44	46.36	14.27
8/9/2018 1:53:48 PM	2.91	2.11	0.92	1.67	0.00	0.00	0.00	0.00	7.61	84.64	4.51	36.86	1541	2108	415	50	0	0	0	0	4114	147.53	11.15	5.21	18.05	9.16	21.69	21.44	1.44	46.32	14.28
8/9/2018 1:53:50 PM	2.45	2.61	2.01	0.74	0.00	0.00	0.00	0.00	7.81	84.58	4.56	36.75	1298	2608	904	22	0	0	0	0	4832	147.43	10.97	4.97	18.92	9.15	20.81	20.84	1.45	46.30	14.28
8/9/2018 1:53:52 PM	2.74	2.19	1.40	1.29	0.00	0.00	0.00	0.00	7.62	84.61	4.60	36.18	1454	2191	629	39	0	0	0	0	4313	147.48	11.08	5.22	17.94	9.40	20.76	21.26	1.45	46.26	14.27
8/9/2018 1:53:55 PM	2.43	2.04	1.59	0.78	0.00	0.00	0.00	0.00	6.85	84.76	4.65	35.39	1286	2041	717	24	0	0	0	0	4069	147.75	9.71	4.60	16.00	8.75	18.01	18.66	1.46	46.23	14.26
8/9/2018 1:53:57 PM	2.29	1.42	0.94	1.14	0.00	0.00	0.00	0.02	5.79	85.38	4.71	34.31	1213	1416	425	34	0	0	0	0	3088	148.82	8.77	4.22	13.20	8.05	16.01	16.74	1.46	46.20	14.26
8/9/2018 1:54:00 PM	2.70	1.43	0.57	1.35	0.00	0.00	0.00	0.03	6.05	85.60	4.75	33.24	1433	1434	255	40	0	0	0	0	3162	149.21	8.81	4.25	13.66	8.50	16.93	17.42	1.47	46.16	14.25
8/9/2018 1:54:02 PM	2.69	1.31	0.63	1.32	0.00	0.00	0.00	0.03	5.96	85.75	4.79	33.27	1426	1314	283	40	0	0	0	0	3062	149.47	8.75	4.54	13.27	8.46	16.14	17.50	1.47	46.11	14.27
8/9/2018 1:54:04 PM	1.73	1.28	1.12	1.23	0.00	0.00	0.00	0.08	5.37	85.79	4.83	33.35	918	1284	505	37	0	0	0	0	2744	149.54	9.20	4.17	12.52	8.28	15.59	16.59	1.47	46.08	14.26
8/9/2018 1:54:07 PM	2.11	1.38	1.05	1.18	0.00	0.00	0.00	0.07	5.73	85.70	4.87	33.17	1120	1384	473	35	0	0	0	0	3012	149.38	9.15	4.05	13.03	8.54	16.15	17.20	1.48	46.01	14.27
8/9/2018 1:54:09 PM	2.32	1.20	0.71	0.97	0.00	0.00	0.00	0.06	5.20	85.85	4.92	33.38	1230	1195	321	29	0	0	0	0	2774	149.64	7.60	4.08	11.77	7.71	13.95	15.35	1.48	45.99	14.26
8/9/2018 1:54:11 PM	2.24	0.98	0.32	1.13	0.00	0.00	0.00	0.15	4.67	85.56	4.97	34.14	1187	979	142	34	0	0	0	0	2343	149.14	7.16	3.75	10.66	7.88	13.36	14.65	1.49	45.96	14.24
8/9/2018 1:54:14 PM	1.48	1.25	0.96	0.76	0.00	0.00	0.00	0.15	4.45	85.64	5.01	34.84	783	1251	431	23	0	0	0	0	2488	149.28	7.34	3.30	10.90	7.48	13.30	13.52	1.49	45.88	14.26
8/9/2018 1:54:16 PM	1.34	1.22	1.20	0.10	0.00	0.00	0.00	0.17	3.85	84.86	5.07	34.81	709	1219	540	3	0	0	0	0	2471	147.93	5.79	2.26	9.27	6.73	10.81	11.39	1.50	45.85	14.24
8/9/2018 1:54:19 PM	1.64	1.02	0.75	0.41	0.00	0.00	0.00	0.11	3.82	84.60	5.09	34.46	867	1017	340	12	0	0	0	0	2237	147.47	5.53	2.91	9.10	6.19	10.60	11.22	1.50	45.80	14.24
8/9/2018 1:54:21 PM	1.63	1.10	0.46	0.48	0.00	0.00	0.00	0.15	3.68	84.54	5.15	34.36	864	1102	208	14	0	0	0	0	2189	147.37	5.23	2.57	9.20	6.19	11.17	10.51	1.50	45.75	14.24
8/9/2018 1:54:23 PM	1.63	0.90	0.19	1.00	0.00	0.00	0.00	0.17	3.72	84.91	5.17	33.89	865	902	84	30	0	0	0	0	1881	148.00	6.07	3.39	9.40	6.75	11.85	11.71	1.51	45.69	14.24
8/9/2018 1:54:26 PM	1.73	1.05	0.75	0.65	0.00	0.00	0.00	0.11	4.17	84.77	5.22	33.97	915	1046	337	19	0	0	0	0	2317	147.76	6.36	2.77	9.64	6.71	12.02	12.51	1.51	45.62	14.25
8/9/2018 1:54:28 PM	1.81	1.25	0.76	0.48	0.00	0.00	0.00	0.13	4.30	84.09	5.26	34.05	961	1252	340	14	0	0	0	0	2567	146.58	6.10	2.93	10.34	6.91	12.19	12.30	1.52	45.57	14.22
8/9/2018 1:54:30 PM	1.31	1.25	0.93	0.10	0.00	0.00	0.00	0.20	3.60	83.77	5.30	34.06	692	1252	420	3	0	0	0	0	2367	146.02	5.27	2.18	9.16	6.58	10.69	10.40	1.52	45.51	14.23
8/9/2018 1:54:33 PM	0.91	1.14	0.99	0.11	0.00	0.00	0.00	0.22	3.16	83.28	5.33	33.95	482	1141	446	3	0	0	0	0	2072	145.17	5.15	2.37	8.54	6.28	9.82	9.57	1.52	45.48	14.24
8/9/2018 1:54:35 PM	1.41	1.10	0.85	0.11	0.00	0.00	0.00	0.14	3.47	82.80	5.37	33.18	749	1104	383	3	0	0	0	0	2239	144.34	4.83	2.25	8.57	5.84	9.88	9.83	1.53	45.42	14.23
8/9/2018 1:54:38 PM	0.97	1.09	0.92	0.19	0.00	0.00	0.00	0.20	3.16	82.59	5.42	32.88	512	1089	413	6	0	0	0	0	2019	143.96	5.13	2.29	8.40	6.05	9.91	9.52	1.53	45.37	14.20
8/9/2018 1:54:40 PM	1.42	1.01	0.63	0.10	0.00	0.00	0.00	0.11	3.17	82.29	5.48	32.15	752	1013	285	3	0	0	0	0	2053	143.44	4.14	2.32	8.02	5.13	9.08	8.62	1.54	45.31	14.22
8/9/2018 1:54:42 PM	1.36	0.97	0.50	0.20	0.00	0.00	0.00	0.18	3.03	81.29	5.51	31.52	721	969	224	6	0	0	0	0	1920	141.71	4.26	1.95	7.74	5.60	9.40	8.79	1.54	45.25	14.21
8/9/2018 1:54:45 PM	1.38	1.07	0.75	0.01	0.00	0.00	0.00	0.12	3.21	80.43	5.58	31.78	733	1069	338	0	0	0	0	0	2140	140.20	4.19	1.88	7.98	5.19	9.28	8.67	1.55	45.18	14.18
8/9/2018 1:54:47 PM	1.24	1.02	0.66	0.16	0.00	0.00	0.00	0.10	3.08	80.72	5.62	31.63	659	1018	299	5	0	0	0	0	1981	140.70	4.27	2.36	8.05	4.91	9.23	8.36	1.55	45.12	14.18
8/9/2018 1:54:49 PM	1.53	1.23	0.85	0.00	0.00	0.00	0.00	0.06	3.61	80.03	5.65	32.09	811	1229	384	0	0	0	0	0	2424	139.51	4.47	2.06	8.94	5.06	10.08	9.12	1.55	45.06	14.19
8/9/2018 1:54:52 PM	1.81	1.17	0.79	0.00	0.00	0.00	0.00	0.02	3.77	79.70	5.69	32.29	957	1173	356	0	0	0	0	0	2486	138.93	4.32	2.24	8.90	4.88	9.86	9.38	1.56	44.98	14.17
8/9/2018 1:54:54 PM	1.70	1.25	0.81	0.00	0.00	0.00	0.00	0.04	3.76	79.61	5.75	32.42	898	1250	365	0	0	0	0	0	2513	138.78	4.46	2.20	9.37	5.08	9.96	9.34	1.56	44.91	14.16
8/9/2018 1:54:57 PM	1.65	1.29	1.00	0.00	0.00	0.00	0.00	0.02	3.94	79.52	5.75	32.36	876	1292	448	0	0	0	0	0	2616	138.62	4.86	2.20	9.53	5.19	10.49	9.90	1.56	44.85	14.16
8/9/2018 1:54:59 PM	1.76	1.15	0.72	0.00	0.00	0.00	0.00	0.03	3.63	80.00	5.78	32.51	932	1148	325	0	0	0	0	0	2405	139.45	4.15	2.04	8.66	4.83	9.70	9.04	1.57	44.79	14.15
8/9/2018 1:55:01 PM	1.70	1.23	0.77	0.03	0.00	0.00	0.00	0.03	3.72	79.73	5.83	32.77	900	1227	348	1	0	0	0	0	2476	138.98	4.38	2.35	9.10	4.98	10.10	9.24	1.57	44.73	14.12
8/9/2018 1:55:04 PM	1.42	1.28	1.00	0.00	0.00	0.00	0.00	0.05	3.70	79.35	5.87	32.56	755	1281	450	0	0	0	0	0	2485	138.32	4.78	2.27	9.31	5.12	10.24	9.38	1.58	44.65	14.14
8/9/2018 1:55:06 PM	1.84	1.15	0.81	0.00	0.00	0.00	0.00	0.01	3.80	78.99	5.89	32.55	975	1149	365	0	0	0	0	0	2489	137.69	4.36	2.06	8.84	4.84	9.84	9.49	1.58	44.59	14.10
8/9/2018 1:55:08 PM	1.49	1.14	0.85	0.08	0.00	0.00	0.00	0.04	3.56	78.99	5.94	33.04	787	1140	382	2	0	0	0	0	2312	137.70	4.57	2.21	8.68	4.92	9.95	9.18	1.58	44.53	14.12
8/9/2018 1:55:11 PM	1.88	1.26	0.99	0.00	0.00	0.00	0.00	0.00	4.12	79.27	5.98	32.67	994	1255	443	0	0	0	0	0	2693	138.19	4.86	2.24	9.49	5.20	10.53	10.37	1.59	44.45	14.10
8/9/2018 1:55:13 PM	1.96	1.20	0.83	0.04	0.00	0.00	0.00	0.00	4.04	79.62	6.04	31.15	1041	1201	373	1	0	0	0	0	2616	138.79	4.63	2.26	9.23	5.13	10.41	10.15	1.59	44.39	14.11
8/9/2018 1:55:16 PM	1.53	1.22	0.71	0.00	0.00	0.00	0.00	0.07	3.46	79.63	6.08	30.84	811	1216	320	0	0	0	0	0	2347	138.81	4.17	2.04	8.90	4.96	9.70	8.61	1.60	44.32	14.10
8/9/2018 1:55:18 PM	1.65	1.06	0.60	0.00	0.00	0.00	0.00	0.08	3.31	79.98	6.15	30.82	875	1061	270	0	0	0	0	0	2207	139.42	3.87	1.89	8.13	4.95	9.11	8.56	1.60	44.24	14.11
8/9/2018 1:55:20 PM	1.45	1.13	0.67	0.00	0.00	0.00	0.00	0.09	3.25	79.76	6.17	30.34	770	1130	302	0	0	0	0	0	2202	139.04	4.01	2.12	8.48	4.96	9.15	8.34	1.60	44.16	14.10
8/9/2018 1:55:23 PM	1.62	1.02	0.53	0.00	0.00	0.00	0.00	0.08	3.17	80.18	6.21	30.79	858	1019	239	0	0	0	0	0	2116	139.76	3.64	1.83	7.76	4.72	8.90	8.11	1.61	44.08	14.08
8/9/2018 1:55:25 PM	1.22	1.07	0.66	0.00	0.00	0.00	0.00	0.12	2.95	80.35	6.26	30.86	645	1068	299	0	0	0	0	0	2013	140.06	3.88	1.91	7.89	4.85	8.85	7.76	1.61	44.01	14.05
8/9/2018 1:55:27 PM	1.41	1.06	0.60	0.00	0.00	0.00	0.00	0.12	3.08	80.47	6.31	31.27	749	1065	271	0	0	0	0	0	2084	140.27	3.83	1.86	7.87	5.00	9.05	8.10	1.62	43.95	14.05
8/9/2018 1:55:30 PM	1.53	1.03	0.53	0.00	0.00	0.00	0.00	0.11	3.09	80.44	6.37	31.32	811	1034	238	0	0	0	0	0	2084	140.22	3.68	1.83	7.85	4.91	8.84	8.06	1.62	43.86	14.05
8/9/2018 1:55:32 PM	1.57	1.00	0.42	0.06	0.00	0.00	0.00	0.13	3.04	80.51	6.43	31.14	831	995	190	2	0	0	0	0	2018	140.34	3.64	1.88	7.64	5.08	8.91	8.13	1.63	43.81	14.03
8/9/2018 1:55:35 PM	1.37	1.12	0.55	0.00	0.00	0.00	0.00	0.14	3.03	80.44	6.48	31.56	725	1120	245	0	0	0	0	0	2091	140.23	3.75	2.22	8.37	5.05	8.78	7.85	1.63	43.71	14.02
8/9/2018 1:55:37 PM	1.18	1.01	0.64	0.00	0.00	0.00	0.00	0.14	2.83	79.46	6.53	31.89	627	1012	287	0	0	0	0	0	1926	138.51	3.78	2.01	7.61	4.90	8.51	7.66	1.64	43.62	14.01
8/9/2018 1:55:39 PM	2.14	1.15	0.75	0.05	0.00	0.00	0.00	0.01	4.10	79.91	6.60	31.32	1134	1149	339	2	0	0	0	0	2624	139.30	4.55	2.36	9.15	5.31	10.22	10.47	1.65	43.57	14.01
8/9/2018 1:55:42 PM	3.00	1.46	1.02	0.12	0.00	0.00	0.00	0.00	5.59	79.80	6.68	30.88	1590	1456	458	4	0	0	0	0	3507	139.10	6.03	2.79	11.79	6.32	12.85	15.10	1.65	43.49	14.00
8/9/2018 1:55:44 PM	2.45	1.32	0.98	0.00	0.00	0.00	0.00	0.00	4.75	79.60	6.71	30.92	1296	1322	440	0	0	0	0	0	3058	138.76	5.21	2.43	10.39	5.81	11.19	12.29	1.66	43.43	13.98
8/9/2018 1:55:46 PM	2.53	1.33	0.97	0.00	0.00	0.00	0.00	0.00	4.84	79.70	6.79	30.47	1343	1334	438	0	0	0	0	0	3115	138.92	5.26	2.49	10.41	6.00	11.40	12.54	1.67	43.34	13.97
8/9/2018 1:55:49 PM	2.90	1.37	1.04	0.02	0.00	0.00	0.00	0.00	5.33	79.09	6.85	29.83	1536	1372	470	1	0	0	0	0	3378	137.87	5.69	2.52	11.02	6.32	12.07	14.27	1.67	43.27	13.96
8/9/2018 1:55:51 PM	3.09	1.55	1.14	0.00	0.00	0.00	0.00	0.00	5.78	78.96	6.92	29.65	1640	1549	511	0	0	0	0	0	3700	137.65	6.09	2.88	12.26	6.67	12.78	15.37	1.68	43.18	13.96
8/9/2018 1:55:54 PM	2.80	1.35	1.07	0.00	0.00	0.00	0.00	0.00	5.21	79.08	6.96	29.80	1483	1346	481	0	0	0	0	0	3310	137.85	5.63	2.60	10.84	6.36	11.74	13.89	1.68	43.11	13.94
8/9/2018 1:55:56 PM	3.06	1.33	1.02	0.00	0.00	0.00	0.00	0.00	5.40	78.33	7.04	30.19	1621	1331	457	0	0	0	0	0	3409	136.55	5.68	2.53	10.94	6.83	11.82	14.40	1.69	43.03	13.93
8/9/2018 1:55:58 PM	2.81	1.26	0.94	0.00	0.00	0.00	0.00	0.02	5.01	79.38	7.11	29.99	1490	1260	421	0	0	0	0	0	3172	138.37	5.37	2.35	10.27	6.70	11.29	13.34	1.70	42.96	13.93
8/9/2018 1:56:01 PM	2.99	1.30	1.03	0.00	0.00	0.00	0.00	0.00	5.32	79.55	7.15	29.84	1587	1295	463	0	0	0	0	0	3345	138.67	5.66	2.60	10.71	6.92	11.61	14.17	1.70	42.86	13.91
8/9/2018 1:56:03 PM	2.96	1.32	1.09	0.00	0.00	0.00	0.00	0.00	5.37	79.31	7.19	30.16	1570	1320	491	0	0	0	0	0	3381	138.25	5.82	2.51	10.84	6.99	11.79	14.34	1.70	42.78	13.89
8/9/2018 1:56:05 PM	3.04	1.35	0.98	0.00	0.00	0.00	0.00	0.00	5.37	79.10	7.26	30.32	1613	1351	439	0	0	0	0	0	3403	137.88	5.62	2.72	11.09	6.97	11.67	14.13	1.71	42.70	13.90
8/9/2018 1:56:08 PM	2.65	1.35	1.12	0.00	0.00	0.00	0.00	0.03	5.12	79.27	7.31	30.43	1403	1348	505	0	0	0	0	0	3256	138.19	5.81	2.63	10.87	6.92	11.55	13.71	1.72	42.65	13.88
8/9/2018 1:56:10 PM	2.78	1.32	1.00	0.00	0.00	0.00	0.00	0.03	5.10	79.37	7.38	30.55	1475	1317	450	0	0	0	0	0	3242	138.35	5.57	2.48	10.57	6.89	11.57	13.61	1.72	42.56	13.87
8/9/2018 1:56:13 PM	2.65	1.32	0.99	0.00	0.00	0.00	0.00	0.04	4.96	79.59	7.41	29.99	1404	1317	448	0	0	0	0	0	3169	138.74	5.51	2.56	10.54	6.84	11.37	13.27	1.73	42.49	13.85
8/9/2018 1:56:15 PM	2.86	1.27	1.00	0.00	0.00	0.00	0.00	0.02	5.13	79.68	7.44	30.04	1515	1270	451	0	0	0	0	0	3236	138.90	5.55	2.56	10.40	6.89	11.44	13.79	1.73	42.39	13.84
8/9/2018 1:56:17 PM	2.95	1.22	0.88	0.08	0.00	0.00	0.00	0.02	5.13	79.44	7.53	30.68	1566	1220	395	2	0	0	0	0	3183	138.48	5.52	2.48	10.28	6.90	11.56	13.88	1.74	42.32	13.84
8/9/2018 1:56:20 PM	2.68	1.26	0.94	0.00	0.00	0.00	0.00	0.05	4.88	79.63	7.60	30.36	1422	1258	421	0	0	0	0	0	3101	138.80	5.34	2.50	10.19	6.78	11.14	13.13	1.74	42.25	13.82
8/9/2018 1:56:22 PM	2.63	1.23	0.81	0.00	0.00	0.00	0.00	0.06	4.68	79.78	7.63	29.66	1395	1233	366	0	0	0	0	0	2993	139.07	5.04	2.36	9.99	6.58	10.80	12.49	1.75	42.17	13.81
8/9/2018 1:56:24 PM	2.68	1.27	0.93	0.00	0.00	0.00	0.00	0.04	4.89	79.87	7.68	29.77	1422	1269	420	0	0	0	0	0	3111	139.22	5.33	2.38	10.22	6.69	11.22	13.05	1.75	42.08	13.80
8/9/2018 1:56:27 PM	2.87	1.28	0.84	0.00	0.00	0.00	0.00	0.03	4.98	79.77	7.75	30.19	1519	1276	377	0	0	0	0	0	3172	139.06	5.20	2.48	10.40	6.73	11.17	13.17	1.76	42.01	13.77
8/9/2018 1:56:29 PM	2.77	1.31	0.91	0.00	0.00	0.00	0.00	0.04	4.99	79.64	7.80	30.09	1470	1307	410	0	0	0	0	0	3187	138.84	5.36	2.59	10.48	6.84	11.37	13.28	1.76	41.93	13.77
8/9/2018 1:56:32 PM	2.34	1.20	0.83	0.00	0.00	0.00	0.00	0.08	4.37	80.01	7.83	30.11	1239	1202	373	0	0	0	0	0	2813	139.48	4.91	2.30	9.49	6.37	10.59	11.77	1.77	41.86	13.77
8/9/2018 1:56:34 PM	2.41	1.16	0.71	0.05	0.00	0.00	0.00	0.08	4.33	80.07	7.88	30.47	1277	1156	318	2	0	0	0	0	2754	139.58	4.81	2.31	9.35	6.36	10.54	11.72	1.77	41.77	13.75
8/9/2018 1:56:36 PM	2.48	1.25	0.79	0.00	0.00	0.00	0.00	0.06	4.52	79.81	7.89	30.57	1314	1247	357	0	0	0	0	0	2918	139.12	4.93	2.32	9.95	6.38	10.67	11.96	1.77	41.69	13.73
8/9/2018 1:56:39 PM	2.64	1.25	0.85	0.00	0.00	0.00	0.00	0.04	4.74	79.95	7.95	30.69	1400	1248	382	0	0	0	0	0	3030	139.37	5.09	2.39	10.08	6.46	10.90	12.53	1.78	41.62	13.71
8/9/2018 1:56:41 PM	2.40	1.17	0.74	0.00	0.00	0.00	0.00	0.08	4.32	79.86	8.01	30.39	1273	1173	333	0	0	0	0	0	2779	139.20	4.73	2.32	9.43	6.34	10.31	11.62	1.78	41.56	13.72
8/9/2018 1:56:43 PM	2.31	1.19	0.69	0.00	0.00	0.00	0.00	0.08	4.20	80.00	8.10	29.76	1227	1189	312	0	0	0	0	0	2728	139.46	4.58	2.26	9.41	6.12	10.22	11.11	1.79	41.48	13.73
8/9/2018 1:56:46 PM	2.18	1.20	0.80	0.00	0.00	0.00	0.00	0.08	4.18	79.71	8.14	29.37	1158	1198	359	0	0	0	0	0	2715	138.96	4.77	2.31	9.47	6.14	10.25	11.18	1.80	41.39	13.69
8/9/2018 1:56:48 PM	2.17	1.12	0.67	0.03	0.00	0.00	0.00	0.09	3.99	79.71	8.19	29.52	1148	1122	303	1	0	0	0	0	2574	138.95	4.50	2.17	8.89	6.01	10.06	10.76	1.80	41.33	13.68
8/9/2018 1:56:51 PM	2.34	1.24	0.71	0.00	0.00	0.00	0.00	0.08	4.29	79.96	8.23	30.07	1240	1243	320	0	0	0	0	0	2803	139.38	4.70	2.37	9.83	6.25	10.35	11.31	1.81	41.24	13.66
8/9/2018 1:56:53 PM	2.34	1.18	0.64	0.00	0.00	0.00	0.00	0.09	4.17	79.73	8.29	29.87	1240	1183	290	0	0	0	0	0	2713	138.99	4.50	2.12	9.37	6.11	10.18	11.01	1.81	41.18	13.66
8/9/2018 1:56:55 PM	2.31	1.21	0.68	0.00	0.00	0.00	0.00	0.07	4.20	79.54	8.34	29.67	1225	1214	304	0	0	0	0	0	2743	138.65	4.56	2.18	9.65	6.04	10.16	10.98	1.82	41.09	13.64
8/9/2018 1:56:58 PM	2.24	1.22	0.66	0.00	0.00	0.00	0.00	0.09	4.12	79.48	8.38	29.86	1187	1217	297	0	0	0	0	0	2702	138.55	4.54	2.24	9.62	6.13	10.08	10.85	1.82	41.01	13.64
8/9/2018 1:57:00 PM	1.80	1.10	0.47	0.00	0.00	0.00	0.00	0.15	3.36	79.25	8.48	29.34	952	1098	212	0	0	0	0	0	2261	138.15	3.88	1.88	8.46	5.68	9.15	9.02	1.83	40.94	13.63
8/9/2018 1:57:02 PM	1.78	1.12	0.58	0.00	0.00	0.00	0.00	0.14	3.48	79.34	8.53	28.85	942	1123	263	0	0	0	0	0	2327	138.31	4.12	1.99	8.66	5.72	9.35	9.35	1.84	40.87	13.59
8/9/2018 1:57:05 PM	1.75	1.12	0.55	0.00	0.00	0.00	0.00	0.15	3.42	79.30	8.58	28.99	927	1118	250	0	0	0	0	0	2295	138.23	4.05	1.95	8.50	5.74	9.38	9.23	1.84	40.78	13.59
8/9/2018 1:57:07 PM	1.95	1.14	0.57	0.00	0.00	0.00	0.00	0.11	3.66	79.21	8.65	29.28	1034	1139	258	0	0	0	0	0	2431	138.08	4.12	2.03	8.73	5.66	9.66	9.64	1.85	40.71	13.58
8/9/2018 1:57:10 PM	1.87	1.15	0.53	0.00	0.00	0.00	0.00	0.13	3.54	79.24	8.70	29.30	990	1149	237	0	0	0	0	0	2376	138.13	4.03	1.99	8.81	5.65	9.44	9.30	1.85	40.63	13.55
8/9/2018 1:57:12 PM	1.78	1.15	0.54	0.00	0.00	0.00	0.00	0.14	3.47	79.36	8.76	29.45	941	1152	242	0	0	0	0	0	2335	138.34	4.03	1.99	8.75	5.67	9.41	9.16	1.86	40.58	13.55
8/9/2018 1:57:14 PM	1.80	1.17	0.61	0.00	0.00	0.00	0.00	0.13	3.58	79.27	8.82	29.71	952	1171	275	0	0	0	0	0	2399	138.19	4.20	2.05	8.88	5.72	9.63	9.47	1.86	40.51	13.55
8/9/2018 1:57:17 PM	2.14	1.15	0.56	0.00	0.00	0.00	0.00	0.11	3.85	79.29	8.88	29.82	1133	1152	250	0	0	0	0	0	2536	138.22	4.21	2.13	9.07	5.93	9.69	10.18	1.87	40.43	13.53
8/9/2018 1:57:19 PM	2.49	1.34	0.69	0.00	0.00	0.00	0.00	0.09	4.52	78.93	8.94	29.62	1319	1341	309	0	0	0	0	0	2970	137.59	4.83	2.65	10.68	6.56	10.51	11.75	1.88	40.35	13.53
8/9/2018 1:57:21 PM	2.28	1.27	0.96	0.02	0.00	0.00	0.00	0.11	4.54	79.03	8.97	29.47	1208	1273	433	1	0	0	0	0	2914	137.76	5.40	2.82	10.10	6.97	10.89	12.57	1.88	40.29	13.51
8/9/2018 1:57:24 PM	2.41	1.33	0.98	0.00	0.00	0.00	0.00	0.10	4.72	79.37	9.03	29.85	1275	1328	443	0	0	0	0	0	3045	138.36	5.48	2.88	10.48	7.10	11.09	12.93	1.88	40.21	13.49
8/9/2018 1:57:26 PM	2.75	1.09	0.51	0.29	0.00	0.00	0.00	0.10	4.64	79.32	9.07	30.01	1460	1090	230	9	0	0	0	0	2789	138.27	5.24	2.85	9.82	7.02	11.09	13.08	1.89	40.14	13.49
8/9/2018 1:57:29 PM	2.40	1.16	0.79	0.01	0.00	0.00	0.00	0.11	4.37	79.41	9.12	29.87	1270	1162	357	0	0	0	0	0	2789	138.43	4.96	2.30	9.37	6.70	10.51	12.10	1.89	40.06	13.45
8/9/2018 1:57:31 PM	2.41	1.19	0.86	0.01	0.00	0.00	0.00	0.10	4.48	79.39	9.18	29.93	1277	1194	389	0	0	0	0	0	2860	138.40	5.15	2.29	9.56	6.82	10.76	12.42	1.90	39.99	13.46
8/9/2018 1:57:33 PM	2.41	1.21	0.74	0.00	0.00	0.00	0.00	0.10	4.36	79.08	9.25	29.78	1275	1210	335	0	0	0	0	0	2820	137.85	4.85	2.26	9.69	6.60	10.43	11.83	1.91	39.93	13.43
8/9/2018 1:57:36 PM	2.15	1.19	0.76	0.00	0.00	0.00	0.00	0.15	4.10	79.05	9.35	29.58	1138	1191	344	0	0	0	0	0	2673	137.80	4.84	2.22	9.42	6.68	10.18	11.42	1.92	39.85	13.43
8/9/2018 1:57:38 PM	2.04	1.18	0.63	0.00	0.00	0.00	0.00	0.19	3.85	79.39	9.41	29.65	1084	1179	284	0	0	0	0	0	2547	138.39	4.55	2.16	9.12	6.71	9.97	10.82	1.92	39.78	13.40
8/9/2018 1:57:41 PM	1.98	1.16	0.60	0.00	0.00	0.00	0.00	0.21	3.74	79.41	9.50	29.67	1052	1157	271	0	0	0	0	0	2480	138.43	4.48	2.17	8.91	6.79	9.85	10.68	1.93	39.70	13.40
8/9/2018 1:57:43 PM	2.06	1.20	0.74	0.00	0.00	0.00	0.00	0.20	4.00	79.08	9.54	29.37	1092	1201	333	0	0	0	0	0	2626	137.86	4.86	2.28	9.24	7.08	10.31	11.47	1.93	39.65	13.39
8/9/2018 1:57:45 PM	2.01	1.14	0.59	0.00	0.00	0.00	0.00	0.21	3.75	79.26	9.60	29.39	1068	1143	266	0	0	0	0	0	2477	138.17	4.47	1.97	8.87	6.78	9.82	10.70	1.94	39.56	13.37
8/9/2018 1:57:48 PM	2.05	1.20	0.62	0.00	0.00	0.00	0.00	0.20	3.87	79.39	9.66	29.28	1084	1204	281	0	0	0	0	0	2569	138.40	4.59	2.22	9.38	6.85	9.92	10.90	1.95	39.50	13.38
8/9/2018 1:57:50 PM	1.91	1.16	0.65	0.00	0.00	0.00	0.00	0.22	3.72	79.42	9.70	28.97	1013	1158	291	0	0	0	0	0	2462	138.45	4.58	2.05	8.98	6.83	9.78	10.69	1.95	39.44	13.36
8/9/2018 1:57:52 PM	1.92	1.17	0.70	0.00	0.00	0.00	0.00	0.22	3.79	79.55	9.77	29.01	1019	1171	313	0	0	0	0	0	2503	138.68	4.71	2.18	8.95	7.02	10.04	11.01	1.96	39.35	13.34
8/9/2018 1:57:55 PM	2.22	1.14	0.61	0.00	0.00	0.00	0.00	0.20	3.97	79.51	9.79	28.89	1178	1137	275	0	0	0	0	0	2590	138.60	4.59	2.18	9.01	7.01	9.99	11.38	1.96	39.29	13.34
8/9/2018 1:57:57 PM	2.18	1.16	0.66	0.00	0.00	0.00	0.00	0.20	4.00	79.47	9.85	29.15	1154	1157	298	0	0	0	0	0	2609	138.53	4.73	2.14	9.19	7.11	10.02	11.51	1.96	39.22	13.30
8/9/2018 1:58:00 PM	2.19	1.18	0.56	0.00	0.00	0.00	0.00	0.23	3.93	79.57	9.89	29.39	1158	1182	254	0	0	0	0	0	2595	138.71	4.61	2.14	9.36	7.24	9.90	11.33	1.97	39.15	13.30
8/9/2018 1:58:02 PM	2.19	1.23	0.66	0.00	0.00	0.00	0.00	0.21	4.08	79.45	9.95	29.43	1159	1231	296	0	0	0	0	0	2687	138.49	4.83	2.26	9.66	7.29	10.21	11.64	1.97	39.09	13.31
8/9/2018 1:58:04 PM	2.16	1.19	0.66	0.00	0.00	0.00	0.00	0.22	4.00	79.53	10.02	29.27	1144	1187	295	0	0	0	0	0	2626	138.64	4.76	2.41	9.26	7.32	10.16	11.61	1.98	39.02	13.28
8/9/2018 1:58:07 PM	2.19	1.23	0.62	0.00	0.00	0.00	0.00	0.27	4.05	79.69	10.07	29.18	1163	1230	280	0	0	0	0	0	2673	138.92	4.90	2.23	9.59	7.85	10.27	11.98	1.99	38.95	13.26
8/9/2018 1:58:09 PM	2.17	1.27	0.64	0.00	0.00	0.00	0.00	0.33	4.09	79.10	10.13	29.31	1153	1274	288	0	0	0	0	0	2715	137.89	5.13	2.32	9.86	8.52	10.46	12.51	1.99	38.90	13.24
8/9/2018 1:58:11 PM	2.44	1.35	0.71	0.00	0.00	0.00	0.00	0.33	4.50	78.89	10.18	29.33	1293	1353	320	0	0	0	0	0	2965	137.52	5.54	2.37	10.92	8.99	10.65	13.62	2.00	38.84	13.24
8/9/2018 1:58:14 PM	3.13	1.26	0.88	0.00	0.00	0.00	0.00	0.32	5.27	79.35	10.24	29.27	1660	1255	398	0	0	0	0	0	3313	138.32	6.22	2.48	10.61	10.14	11.68	16.55	2.00	38.77	13.23
8/9/2018 1:58:16 PM	4.53	1.40	1.09	0.00	0.00	0.00	0.00	0.49	7.02	79.36	10.28	29.21	2402	1400	491	0	0	0	0	0	4292	138.34	8.11	3.15	12.88	14.36	13.62	23.38	2.01	38.70	13.21
8/9/2018 1:58:19 PM	6.71	1.85	1.48	0.00	0.00	0.00	0.00	0.76	10.05	79.67	10.34	29.21	3557	1850	667	0	0	0	0	0	6075	138.88	11.44	4.07	17.56	21.19	17.65	34.38	2.01	38.64	13.19
8/9/2018 1:58:21 PM	7.28	1.77	1.29	0.00	0.00	0.00	0.00	0.95	10.35	79.96	10.39	29.12	3860	1774	580	0	0	0	0	0	6213	139.39	11.74	4.17	17.35	23.65	17.96	36.93	2.02	38.57	13.21
8/9/2018 1:58:23 PM	6.93	1.74	1.28	0.00	0.00	0.00	0.00	1.10	9.94	79.70	10.43	28.99	3672	1738	575	0	0	0	0	0	5984	138.93	11.84	4.13	16.80	24.57	17.75	36.89	2.02	38.51	13.18
8/9/2018 1:58:26 PM	7.61	1.68	1.19	0.12	0.00	0.00	0.00	1.11	10.60	79.39	10.49	29.07	4035	1677	535	4	0	0	0	0	6250	138.40	12.39	4.03	17.11	25.65	18.69	39.28	2.03	38.45	13.18
8/9/2018 1:58:28 PM	7.92	1.96	1.39	0.00	0.00	0.00	0.00	1.31	11.27	79.67	10.54	29.06	4196	1959	626	0	0	0	0	0	6781	138.89	13.47	4.46	18.87	28.59	19.77	42.40	2.03	38.38	13.15
8/9/2018 1:58:30 PM	8.37	1.99	1.55	0.00	0.00	0.00	0.00	1.43	11.92	79.65	10.63	28.87	4438	1992	698	0	0	0	0	0	7128	138.85	14.45	4.59	19.47	30.75	20.73	45.53	2.04	38.32	13.14
8/9/2018 1:58:33 PM	8.67	2.50	1.93	0.00	0.00	0.00	0.00	1.13	13.10	78.49	10.68	28.64	4593	2503	869	0	0	0	0	0	7966	136.82	15.17	5.19	22.34	29.11	23.25	45.90	2.05	38.25	13.14
