Date/Time	Green Algae	Bluegreen	Diatoms	Cryptophyta	#5	#6	#7	Yellow substances	Total conc.	Transmission	Depth	Temp. Sample	Green Algae	Bluegreen	Diatoms	Cryptophyta	#5	#6	#7	Yellow substances	Total cell count	Trans. 700 nm	LED 3 [525 nm]	LED 4 [570 nm]	LED 5 [610 nm]	LED 6 [370 nm]	LED 7 [590 nm]	LED 8 [470 nm]	Pressure	Temp. LEDs	Temp. Sensor
date	µg/l	µg/l	µg/l	µg/l	µg/l	µg/l	µg/l	r.u.	µg/l	%	m	°C	cells/ml	cells/ml	cells/ml	cells/ml	cells/ml	cells/ml	cells/ml	r.u.	cells/ml	digits	digits	digits	digits	digits	digits	digits	bar	°C	°C
5/4/2018 12:07:53 PM	0.00	1.17	0.00	0.00	0.00	0.00	0.00	0.19	1.17	76.79	-0.22	51.24	0	1170	0	0	0	0	0	0	1170	133.85	3.20	0.81	7.46	3.63	6.61	0.09	0.98	41.94	13.66
5/4/2018 12:07:55 PM	0.72	1.07	0.00	0.00	0.00	0.00	0.00	0.00	1.79	77.86	-0.22	51.23	382	1074	0	0	0	0	0	0	1456	135.72	-0.19	-3.85	9.03	0.97	6.74	2.86	0.98	42.05	13.66
5/4/2018 12:07:58 PM	0.00	1.53	0.00	0.00	0.00	0.00	0.00	0.00	1.53	77.96	-0.22	51.21	0	1530	0	0	0	0	0	0	1530	135.90	1.93	1.78	6.42	-0.38	11.35	-3.97	0.98	42.12	13.69
5/4/2018 12:08:00 PM	0.00	1.18	0.00	0.00	0.00	0.00	0.00	0.17	1.18	78.62	-0.23	51.20	0	1175	0	0	0	0	0	0	1175	137.06	1.54	0.28	6.43	2.60	8.12	1.25	0.98	42.25	13.70
5/4/2018 12:08:03 PM	0.00	0.64	0.05	0.00	0.00	0.00	0.00	0.02	0.69	77.72	-0.23	51.20	0	637	24	0	0	0	0	0	662	135.48	3.10	-1.95	3.49	0.99	6.25	-0.91	0.98	42.34	13.70
5/4/2018 12:08:05 PM	0.00	1.23	0.00	0.08	0.00	0.00	0.00	0.05	1.31	77.78	-0.23	51.20	0	1234	0	2	0	0	0	0	1236	135.59	2.00	3.56	5.75	2.33	8.99	-0.52	0.98	42.42	13.73
5/4/2018 12:08:07 PM	0.61	1.32	0.00	0.00	0.00	0.00	0.00	0.00	1.92	78.88	-0.22	51.18	322	1317	0	0	0	0	0	0	1638	137.51	-1.69	0.54	6.42	-0.41	11.14	3.32	0.98	42.52	13.71
5/4/2018 12:08:10 PM	0.00	1.07	0.00	0.00	0.00	0.00	0.00	0.00	1.07	77.27	-0.23	51.20	0	1070	0	0	0	0	0	0	1070	134.70	0.91	-2.18	7.42	2.44	6.43	-4.00	0.98	42.62	13.71
5/4/2018 12:08:12 PM	0.47	1.63	0.00	0.00	0.00	0.00	0.00	0.00	2.09	76.83	-0.22	51.17	248	1626	0	0	0	0	0	0	1874	133.93	-0.56	0.91	8.95	1.53	10.55	2.08	0.98	42.72	13.72
5/4/2018 12:08:14 PM	0.31	0.80	0.00	0.00	0.00	0.00	0.00	0.00	1.11	78.61	-0.23	51.17	164	802	0	0	0	0	0	0	966	137.04	-0.21	-0.29	4.27	0.75	7.69	1.12	0.98	42.77	13.79
5/4/2018 12:08:17 PM	0.62	0.80	0.00	0.00	0.00	0.00	0.00	0.00	1.41	76.35	-0.23	51.18	326	797	0	0	0	0	0	0	1123	133.10	-1.21	1.00	4.95	0.89	7.49	2.38	0.98	42.87	13.73
5/4/2018 12:08:19 PM	0.00	0.00	0.00	0.06	0.00	0.00	0.00	0.00	0.06	81.59	-0.22	51.17	0	0	0	2	0	0	0	0	2	142.23	2.65	1.18	-7.69	-0.61	8.63	-1.89	0.98	42.97	13.73
5/4/2018 12:08:22 PM	0.00	0.94	0.00	0.00	0.00	0.00	0.00	0.00	0.94	76.65	-0.20	50.92	0	937	0	0	0	0	0	0	937	133.62	-1.91	-6.46	9.26	0.44	4.70	-0.57	0.98	43.07	13.77
5/4/2018 12:08:24 PM	4.68	0.06	0.00	0.01	0.00	0.00	0.00	0.21	4.75	90.43	0.08	45.73	2481	62	0	0	0	0	0	0	2543	157.63	3.32	0.50	4.67	8.90	8.15	16.42	1.01	43.09	13.76
5/4/2018 12:08:26 PM	3.15	0.43	0.00	0.00	0.00	0.00	0.00	0.60	3.58	93.78	0.24	42.65	1669	431	0	0	0	0	0	0	2100	163.45	1.58	1.90	7.09	11.49	6.79	14.84	1.02	43.16	13.79
5/4/2018 12:08:29 PM	2.31	0.00	0.00	0.60	0.00	0.00	0.00	0.43	2.92	93.40	0.35	42.44	1226	0	0	18	0	0	0	0	1244	162.79	4.75	1.68	0.71	7.98	9.03	14.00	1.03	43.25	13.80
5/4/2018 12:08:31 PM	3.75	0.01	0.22	0.00	0.00	0.00	0.00	0.27	3.98	92.85	0.70	42.20	1988	9	98	0	0	0	0	0	2094	161.84	4.24	-2.89	4.88	8.40	6.83	14.77	1.07	43.30	13.79
5/4/2018 12:08:33 PM	2.36	0.74	0.00	0.00	0.00	0.00	0.00	1.28	3.10	92.98	0.69	42.28	1250	738	0	0	0	0	0	0	1988	162.06	1.32	2.40	7.81	17.92	8.45	17.97	1.07	43.36	13.81
5/4/2018 12:08:36 PM	6.66	0.24	0.00	0.00	0.00	0.00	0.00	0.14	6.90	94.23	0.79	42.54	3532	237	0	0	0	0	0	0	3769	164.25	5.30	-5.08	6.79	10.93	11.75	22.16	1.08	43.38	13.82
5/4/2018 12:08:38 PM	4.47	0.00	0.00	0.00	0.00	0.00	0.00	0.41	4.47	93.65	0.94	42.54	2371	0	0	0	0	0	0	0	2371	163.23	3.46	-0.08	6.11	10.67	5.87	17.38	1.09	43.44	13.82
5/4/2018 12:08:41 PM	4.47	0.04	0.51	0.20	0.00	0.00	0.00	0.28	5.22	94.26	1.04	42.52	2368	43	228	6	0	0	0	0	2646	164.29	5.50	3.78	7.10	10.47	6.91	19.33	1.10	43.49	13.85
5/4/2018 12:08:43 PM	3.46	0.00	1.04	0.11	0.00	0.00	0.00	0.26	4.62	93.93	1.17	42.44	1835	0	469	3	0	0	0	0	2307	163.71	5.71	1.78	3.75	9.23	8.23	18.23	1.11	43.55	13.86
5/4/2018 12:08:45 PM	4.16	0.00	1.09	0.00	0.00	0.00	0.00	0.31	5.26	93.43	1.29	42.46	2206	0	492	0	0	0	0	0	2698	162.84	6.47	0.73	7.20	10.94	6.34	20.30	1.13	43.60	13.86
5/4/2018 12:08:48 PM	3.22	0.04	1.63	0.00	0.00	0.00	0.00	0.46	4.90	92.80	1.39	42.56	1709	44	734	0	0	0	0	0	2487	161.76	7.45	1.96	6.41	12.07	7.15	20.84	1.14	43.66	13.87
5/4/2018 12:08:50 PM	4.86	0.00	0.00	0.72	0.00	0.00	0.00	0.39	5.58	93.39	1.48	42.22	2578	0	0	21	0	0	0	0	2599	162.77	6.99	3.06	5.56	11.60	9.74	22.01	1.14	43.70	13.86
5/4/2018 12:08:52 PM	5.55	0.00	0.00	0.54	0.00	0.00	0.00	0.24	6.10	93.94	1.56	41.93	2942	0	0	16	0	0	0	0	2959	163.73	5.74	3.65	7.64	11.25	8.96	21.75	1.15	43.75	13.88
5/4/2018 12:08:55 PM	5.37	0.00	0.97	0.00	0.00	0.00	0.00	0.18	6.34	94.37	1.65	41.88	2848	0	437	0	0	0	0	0	3285	164.49	6.33	1.25	6.42	10.97	8.10	22.88	1.16	43.80	13.88
5/4/2018 12:08:57 PM	2.71	0.00	1.88	0.24	0.00	0.00	0.00	0.47	4.83	94.02	1.78	40.66	1434	0	847	7	0	0	0	0	2288	163.88	8.36	2.71	5.59	12.22	8.34	21.63	1.17	43.82	13.87
5/4/2018 12:09:00 PM	5.44	0.00	1.95	0.29	0.00	0.00	0.00	0.08	7.69	93.01	1.89	39.16	2884	0	879	9	0	0	0	0	3772	162.12	9.16	3.64	7.57	12.16	10.65	27.84	1.19	43.86	13.89
5/4/2018 12:09:02 PM	5.16	0.00	1.05	0.61	0.00	0.00	0.00	0.56	6.83	93.54	2.01	36.62	2736	0	473	18	0	0	0	0	3227	163.05	9.17	3.95	8.08	15.80	10.59	28.12	1.20	43.89	13.88
5/4/2018 12:09:04 PM	5.45	0.04	2.34	0.00	0.00	0.00	0.00	0.32	7.84	93.09	2.13	34.37	2890	39	1055	0	0	0	0	0	3984	162.26	10.17	2.65	9.56	15.08	9.00	30.04	1.21	43.95	13.91
5/4/2018 12:09:07 PM	5.13	0.28	2.72	0.00	0.00	0.00	0.00	0.34	8.12	93.21	2.27	33.90	2716	276	1225	0	0	0	0	0	4217	162.47	11.05	3.34	10.44	15.60	10.40	30.86	1.22	43.95	13.91
5/4/2018 12:09:09 PM	6.09	0.35	2.39	0.00	0.00	0.00	0.00	0.35	8.83	93.44	2.35	34.12	3228	351	1076	0	0	0	0	0	4655	162.86	10.87	3.62	11.01	16.54	11.42	32.59	1.23	43.97	13.92
5/4/2018 12:09:11 PM	5.84	0.25	2.88	0.00	0.00	0.00	0.00	0.41	8.96	93.24	2.44	33.82	3093	249	1296	0	0	0	0	0	4637	162.51	12.01	3.79	11.34	17.61	10.82	34.41	1.24	43.97	13.91
5/4/2018 12:09:14 PM	6.44	0.35	2.43	0.00	0.00	0.00	0.00	0.29	9.23	93.85	2.56	33.23	3415	350	1096	0	0	0	0	0	4861	163.59	11.17	2.35	11.44	16.48	11.81	33.42	1.25	43.99	13.92
5/4/2018 12:09:16 PM	7.56	0.43	2.49	0.00	0.00	0.00	0.00	0.19	10.48	93.55	2.70	33.08	4006	433	1122	0	0	0	0	0	5561	163.05	11.77	2.23	12.29	17.22	13.66	36.51	1.26	44.01	13.93
5/4/2018 12:09:19 PM	6.20	0.09	2.24	0.53	0.00	0.00	0.00	0.31	9.06	93.27	2.81	33.14	3285	85	1009	16	0	0	0	0	4396	162.57	11.98	3.12	10.41	16.79	13.06	34.26	1.28	44.02	13.92
5/4/2018 12:09:21 PM	6.38	0.03	3.72	0.02	0.00	0.00	0.00	0.20	10.15	93.22	2.90	33.79	3382	31	1675	1	0	0	0	0	5089	162.48	13.71	2.80	10.49	17.55	12.60	38.23	1.28	44.02	13.93
5/4/2018 12:09:23 PM	7.24	0.19	2.39	0.52	0.00	0.00	0.00	0.30	10.34	93.07	3.01	34.23	3838	186	1078	16	0	0	0	0	5118	162.22	12.97	3.40	11.85	18.47	14.47	38.16	1.29	44.02	13.93
5/4/2018 12:09:26 PM	7.63	0.27	2.75	0.32	0.00	0.00	0.00	0.25	10.97	93.12	3.14	33.31	4046	274	1237	10	0	0	0	0	5566	162.32	13.35	3.64	12.54	18.81	14.60	39.70	1.31	44.01	13.92
5/4/2018 12:09:28 PM	6.85	0.42	2.57	0.38	0.00	0.00	0.00	0.39	10.22	93.35	3.26	32.22	3629	419	1155	12	0	0	0	0	5215	162.71	13.12	4.13	12.73	19.09	14.46	37.87	1.32	44.01	13.95
5/4/2018 12:09:30 PM	7.21	0.30	2.87	0.65	0.00	0.00	0.00	0.27	11.02	93.22	3.37	32.14	3820	300	1290	19	0	0	0	0	5429	162.49	14.51	3.94	13.12	19.25	15.90	40.51	1.33	44.02	13.95
5/4/2018 12:09:33 PM	7.43	0.54	2.61	0.15	0.00	0.00	0.00	0.38	10.73	93.15	3.51	31.61	3935	541	1175	5	0	0	0	0	5655	162.36	12.93	3.57	13.09	19.52	14.85	38.83	1.34	44.01	13.94
5/4/2018 12:09:35 PM	7.66	0.74	2.63	0.37	0.00	0.00	0.00	0.37	11.40	92.99	3.61	30.78	4057	742	1182	11	0	0	0	0	5993	162.08	13.93	4.11	14.71	20.32	16.76	40.59	1.35	44.01	13.93
5/4/2018 12:09:38 PM	8.31	0.73	2.01	0.44	0.00	0.00	0.00	0.28	11.49	93.09	3.76	30.85	4407	725	904	13	0	0	0	0	6049	162.26	12.81	4.29	14.80	19.44	16.61	39.61	1.37	43.97	13.93
5/4/2018 12:09:40 PM	7.56	0.62	1.92	0.82	0.00	0.00	0.00	0.39	10.92	92.92	3.89	30.99	4007	624	862	25	0	0	0	0	5518	161.96	13.57	4.47	14.51	19.95	17.13	39.33	1.38	43.98	13.95
5/4/2018 12:09:42 PM	7.48	0.83	1.95	0.55	0.00	0.00	0.00	0.42	10.82	92.95	4.01	30.68	3966	835	877	17	0	0	0	0	5694	162.01	12.98	4.19	14.76	19.80	16.98	38.27	1.39	43.95	13.97
5/4/2018 12:09:45 PM	7.97	0.62	1.46	1.07	0.00	0.00	0.00	0.38	11.13	92.48	4.11	30.42	4224	623	657	32	0	0	0	0	5537	161.19	13.45	4.65	14.95	20.01	17.97	39.60	1.40	43.97	13.93
5/4/2018 12:09:47 PM	8.32	0.72	1.84	0.55	0.00	0.00	0.00	0.30	11.44	92.77	4.24	30.20	4412	725	830	16	0	0	0	0	5982	161.71	12.80	4.37	14.90	19.55	16.88	39.53	1.42	43.93	13.93
5/4/2018 12:09:49 PM	8.15	0.56	0.91	1.16	0.00	0.00	0.00	0.37	10.78	92.82	4.36	29.49	4319	560	409	35	0	0	0	0	5322	161.78	12.42	4.90	14.62	19.37	17.35	38.06	1.43	43.87	13.92
5/4/2018 12:09:52 PM	7.84	0.55	1.08	1.09	0.00	0.00	0.00	0.37	10.56	92.99	4.50	29.52	4156	547	484	33	0	0	0	0	5219	162.09	12.43	4.58	14.22	19.10	17.09	37.51	1.44	43.86	13.92
5/4/2018 12:09:54 PM	7.57	0.74	1.15	0.68	0.00	0.00	0.00	0.38	10.14	92.50	4.69	29.53	4013	736	518	20	0	0	0	0	5287	161.23	11.34	3.97	13.89	18.32	16.24	35.27	1.46	43.82	13.92
5/4/2018 12:09:57 PM	7.70	0.82	1.13	0.56	0.00	0.00	0.00	0.41	10.22	92.54	4.79	29.20	4083	820	509	17	0	0	0	0	5429	161.30	11.15	4.05	14.15	18.65	16.16	35.37	1.47	43.80	13.94
5/4/2018 12:09:59 PM	7.57	0.70	1.15	0.75	0.00	0.00	0.00	0.37	10.17	92.59	4.92	28.79	4011	696	518	23	0	0	0	0	5248	161.39	11.48	4.37	14.00	18.29	16.14	35.47	1.48	43.75	13.93
5/4/2018 12:10:01 PM	7.16	0.74	1.25	0.60	0.00	0.00	0.00	0.40	9.76	92.82	5.09	28.40	3797	740	563	18	0	0	0	0	5118	161.79	11.15	4.18	13.62	18.05	15.54	34.27	1.50	43.73	13.95
5/4/2018 12:10:04 PM	7.21	0.65	0.89	0.84	0.00	0.00	0.00	0.37	9.59	92.63	5.25	28.50	3820	653	401	25	0	0	0	0	4899	161.46	10.91	4.10	13.37	17.52	15.83	33.58	1.51	43.68	13.92
5/4/2018 12:10:06 PM	7.09	0.57	1.02	0.92	0.00	0.00	0.00	0.39	9.60	92.43	5.34	28.63	3756	573	457	28	0	0	0	0	4814	161.10	11.37	4.29	13.28	17.81	15.82	34.22	1.52	43.62	13.93
5/4/2018 12:10:08 PM	6.99	0.51	0.86	1.00	0.00	0.00	0.00	0.37	9.35	92.85	5.44	29.10	3702	505	389	30	0	0	0	0	4627	161.84	11.07	4.01	12.81	17.23	15.68	33.33	1.53	43.58	13.95
5/4/2018 12:10:11 PM	6.61	0.85	1.42	0.39	0.00	0.00	0.00	0.36	9.27	92.96	5.57	28.90	3505	849	637	12	0	0	0	0	5003	162.04	10.53	3.75	13.22	16.81	14.95	31.98	1.55	43.57	13.93
5/4/2018 12:10:13 PM	6.49	0.85	1.29	0.42	0.00	0.00	0.00	0.37	9.04	92.52	5.66	28.36	3438	850	579	13	0	0	0	0	4879	161.26	10.27	3.40	12.92	16.51	15.01	31.17	1.56	43.49	13.92
5/4/2018 12:10:16 PM	6.81	0.80	1.05	0.70	0.00	0.00	0.00	0.38	9.36	92.39	5.73	28.96	3611	802	474	21	0	0	0	0	4908	161.04	10.73	4.28	13.63	17.15	15.61	32.49	1.56	43.43	13.92
5/4/2018 12:10:18 PM	6.75	0.64	0.87	0.77	0.00	0.00	0.00	0.36	9.03	92.57	5.91	28.47	3580	637	393	23	0	0	0	0	4632	161.36	10.35	3.75	12.67	16.60	15.17	31.66	1.58	43.40	13.91
5/4/2018 12:10:20 PM	6.25	0.75	0.95	0.62	0.00	0.00	0.00	0.39	8.57	92.39	6.06	27.50	3310	750	429	19	0	0	0	0	4507	161.04	9.93	3.63	12.51	16.11	14.72	29.98	1.59	43.34	13.90
5/4/2018 12:10:23 PM	5.88	0.73	1.01	0.55	0.00	0.00	0.00	0.38	8.17	92.35	6.27	27.20	3115	727	455	17	0	0	0	0	4314	160.97	9.58	3.55	12.02	15.43	14.05	28.64	1.61	43.29	13.89
5/4/2018 12:10:25 PM	5.71	0.60	0.75	0.65	0.00	0.00	0.00	0.38	7.71	92.18	6.42	27.01	3027	601	336	19	0	0	0	0	3984	160.66	9.03	3.62	11.33	14.84	13.35	27.33	1.63	43.22	13.89
5/4/2018 12:10:27 PM	5.68	0.65	0.58	0.58	0.00	0.00	0.00	0.43	7.49	92.13	6.55	26.83	3011	648	260	17	0	0	0	0	3935	160.58	8.60	3.30	11.14	14.94	13.25	26.63	1.64	43.16	13.89
5/4/2018 12:10:30 PM	5.27	0.75	1.01	0.35	0.00	0.00	0.00	0.39	7.38	92.08	6.67	26.57	2794	750	455	10	0	0	0	0	4009	160.50	8.63	3.31	11.18	14.37	12.78	25.92	1.65	43.10	13.85
5/4/2018 12:10:32 PM	4.98	0.65	0.94	0.34	0.00	0.00	0.00	0.41	6.92	92.21	6.83	26.35	2641	653	422	10	0	0	0	0	3726	160.72	8.23	3.04	10.39	13.90	12.09	24.72	1.67	43.04	13.85
5/4/2018 12:10:35 PM	4.91	0.68	0.66	0.34	0.00	0.00	0.00	0.40	6.60	91.81	7.00	26.09	2602	681	299	10	0	0	0	0	3593	160.02	7.52	3.06	10.22	13.27	11.76	23.23	1.69	42.97	13.87
5/4/2018 12:10:37 PM	4.60	0.64	0.75	0.30	0.00	0.00	0.00	0.39	6.29	91.69	7.18	25.52	2440	638	336	9	0	0	0	0	3423	159.82	7.33	2.92	9.74	12.73	11.25	22.30	1.70	42.89	13.85
5/4/2018 12:10:39 PM	4.36	0.65	0.64	0.30	0.00	0.00	0.00	0.41	5.95	91.74	7.36	24.82	2313	651	286	9	0	0	0	0	3259	159.91	7.01	2.82	9.48	12.49	11.02	21.26	1.72	42.83	13.84
5/4/2018 12:10:42 PM	4.12	0.71	0.75	0.19	0.00	0.00	0.00	0.40	5.77	91.60	7.53	24.59	2185	709	338	6	0	0	0	0	3237	159.66	6.83	2.66	9.37	12.09	10.80	20.45	1.74	42.76	13.82
5/4/2018 12:10:44 PM	4.00	0.72	0.70	0.17	0.00	0.00	0.00	0.39	5.59	91.21	7.64	24.65	2121	716	315	5	0	0	0	0	3157	158.97	6.57	2.58	9.20	11.72	10.61	19.71	1.75	42.70	13.83
5/4/2018 12:10:46 PM	3.41	0.74	0.70	0.05	0.00	0.00	0.00	0.39	4.91	91.39	7.93	23.72	1808	742	315	2	0	0	0	0	2867	159.30	5.83	2.48	8.59	10.62	9.65	17.23	1.78	42.61	13.80
5/4/2018 12:10:49 PM	3.26	0.71	0.60	0.11	0.00	0.00	0.00	0.38	4.69	91.26	8.20	22.67	1730	712	272	3	0	0	0	0	2717	159.07	5.63	2.37	8.31	10.18	9.55	16.45	1.80	42.52	13.80
5/4/2018 12:10:51 PM	3.61	0.81	0.65	0.05	0.00	0.00	0.00	0.35	5.13	91.18	8.44	22.54	1913	812	293	2	0	0	0	0	3020	158.94	5.79	2.58	9.02	10.47	10.02	17.37	1.83	42.43	13.81
5/4/2018 12:10:54 PM	3.73	0.79	0.53	0.06	0.00	0.00	0.00	0.35	5.12	91.18	8.62	22.64	1976	795	240	2	0	0	0	0	3013	158.92	5.60	2.50	8.93	10.47	9.98	17.29	1.84	42.34	13.78
5/4/2018 12:10:56 PM	3.16	0.74	0.52	0.11	0.00	0.00	0.00	0.34	4.54	90.41	8.89	22.37	1676	740	235	3	0	0	0	0	2654	157.58	5.30	2.35	8.27	9.53	9.48	15.49	1.87	42.27	13.76
5/4/2018 12:10:58 PM	3.11	0.78	0.66	0.01	0.00	0.00	0.00	0.32	4.57	90.09	9.07	21.90	1649	785	296	0	0	0	0	0	2729	157.03	5.27	2.37	8.35	9.34	9.33	15.34	1.89	42.20	13.77
5/4/2018 12:11:01 PM	2.68	0.80	0.67	0.00	0.00	0.00	0.00	0.29	4.14	88.29	9.41	21.34	1419	796	301	0	0	0	0	0	2516	153.90	4.94	2.13	7.94	8.42	9.06	13.70	1.92	42.10	13.73
5/4/2018 12:11:03 PM	2.94	0.81	0.61	0.03	0.00	0.00	0.00	0.27	4.38	88.09	9.66	21.29	1558	807	273	1	0	0	0	0	2638	153.55	5.00	2.34	8.27	8.61	9.26	14.29	1.95	42.00	13.73
5/4/2018 12:11:05 PM	2.83	0.88	0.67	0.00	0.00	0.00	0.00	0.27	4.39	88.03	9.89	21.32	1501	885	303	0	0	0	0	0	2689	153.44	5.08	2.35	8.57	8.60	9.43	14.15	1.97	41.92	13.72
5/4/2018 12:11:08 PM	2.55	0.83	0.57	0.10	0.00	0.00	0.00	0.24	4.05	85.91	10.25	21.10	1353	831	256	3	0	0	0	0	2443	149.75	4.85	2.30	8.14	7.83	9.31	12.97	2.00	41.81	13.73
5/4/2018 12:11:10 PM	2.65	0.95	0.75	0.00	0.00	0.00	0.00	0.25	4.34	85.85	10.46	20.91	1402	951	336	0	0	0	0	0	2690	149.65	5.12	2.46	8.78	8.21	9.60	13.67	2.02	41.74	13.71
5/4/2018 12:11:13 PM	2.82	0.92	0.59	0.05	0.00	0.00	0.00	0.24	4.38	85.64	10.60	20.92	1496	923	265	1	0	0	0	0	2686	149.28	4.96	2.33	8.67	8.16	9.75	13.67	2.04	41.63	13.69
5/4/2018 12:11:15 PM	2.79	1.03	0.62	0.05	0.00	0.00	0.00	0.21	4.50	85.11	10.81	21.07	1477	1032	281	2	0	0	0	0	2792	148.35	5.07	2.41	9.15	8.03	10.25	13.60	2.06	41.54	13.66
5/4/2018 12:11:17 PM	2.77	1.01	0.47	0.19	0.00	0.00	0.00	0.21	4.44	84.58	10.95	21.16	1470	1012	211	6	0	0	0	0	2698	147.44	5.08	2.62	9.25	7.92	10.45	13.42	2.07	41.42	13.66
5/4/2018 12:11:20 PM	2.29	1.18	0.84	0.00	0.00	0.00	0.00	0.24	4.30	84.38	11.13	20.97	1214	1176	377	0	0	0	0	0	2767	147.08	5.28	2.82	9.74	7.93	10.13	12.92	2.09	41.35	13.66
5/4/2018 12:11:22 PM	2.95	1.49	0.65	0.00	0.00	0.00	0.00	0.19	5.10	83.43	11.32	20.92	1566	1494	294	0	0	0	0	0	3354	145.43	5.40	2.80	11.42	8.32	11.96	13.98	2.11	41.25	13.64
5/4/2018 12:11:24 PM	2.85	1.83	0.71	0.01	0.00	0.00	0.00	0.15	5.39	82.46	11.49	21.02	1511	1825	317	0	0	0	0	0	3654	143.74	5.65	3.15	12.73	8.16	13.48	13.74	2.13	41.16	13.64
5/4/2018 12:11:27 PM	2.91	1.81	0.65	0.00	0.00	0.00	0.00	0.16	5.37	82.13	11.61	20.96	1545	1809	291	0	0	0	0	0	3645	143.16	5.54	3.09	12.79	8.19	13.22	13.69	2.14	41.05	13.64
5/4/2018 12:11:29 PM	2.78	1.79	0.63	0.20	0.00	0.00	0.00	0.15	5.40	82.15	11.73	20.97	1476	1791	283	6	0	0	0	0	3556	143.19	5.98	3.26	12.85	8.21	13.98	13.98	2.15	40.95	13.58
5/4/2018 12:11:32 PM	1.99	7.11	4.20	6.17	0.00	0.00	0.00	0.00	19.47	59.51	11.70	20.95	1053	7107	1892	185	0	0	0	0	10237	103.76	35.67	13.39	54.21	14.92	65.06	58.78	2.15	40.84	13.57
5/4/2018 12:11:34 PM	4.09	10.20	5.83	0.00	0.00	0.00	0.00	0.00	20.13	66.05	11.70	20.94	2169	10204	2624	0	0	0	0	0	14997	115.15	23.93	13.96	60.36	13.69	52.73	46.01	2.15	40.71	13.59
5/4/2018 12:11:36 PM	8.75	6.73	2.42	3.56	0.00	0.00	0.00	0.00	21.46	53.61	11.71	21.21	4635	6731	1090	107	0	0	0	0	12562	93.48	26.60	12.23	51.57	15.55	55.33	61.46	2.15	40.60	13.55
5/4/2018 12:11:39 PM	6.47	10.99	7.27	0.61	0.00	0.00	0.00	0.00	25.35	45.77	11.71	21.45	3429	10990	3272	18	0	0	0	0	17710	79.83	30.65	13.74	67.60	15.09	64.78	65.55	2.15	40.49	13.55
5/4/2018 12:11:41 PM	5.81	12.65	6.61	0.00	0.00	0.00	0.00	0.00	25.07	53.72	11.72	21.65	3081	12651	2975	0	0	0	0	0	18706	93.67	28.83	16.27	79.10	15.60	60.25	57.33	2.15	40.39	13.51
5/4/2018 12:11:43 PM	7.22	10.71	1.99	5.99	0.00	0.00	0.00	0.00	25.91	40.12	11.78	22.03	3827	10707	895	180	0	0	0	0	15608	69.98	35.38	17.13	73.18	17.71	80.81	67.60	2.15	40.26	13.53
5/4/2018 12:11:46 PM	6.37	9.19	3.49	2.85	0.00	0.00	0.00	0.00	21.90	27.88	11.76	22.39	3377	9186	1568	86	0	0	0	0	14217	48.66	27.61	13.58	59.91	15.19	62.09	56.02	2.15	40.19	13.51
5/4/2018 12:11:48 PM	5.08	6.00	3.09	2.05	0.00	0.00	0.00	0.00	16.22	19.42	11.72	22.37	2690	6005	1390	62	0	0	0	0	10146	33.92	21.30	9.14	41.32	13.05	44.28	43.73	2.15	40.08	13.51
5/4/2018 12:11:51 PM	4.14	3.17	1.57	0.00	0.00	0.00	0.00	0.00	8.89	57.86	10.81	21.37	2195	3170	709	0	0	0	0	0	6074	100.89	8.94	4.51	21.07	8.87	21.01	21.75	2.06	39.98	13.47
5/4/2018 12:11:53 PM	2.35	2.57	0.72	0.00	0.00	0.00	0.00	0.00	5.63	5.61	10.79	20.74	1244	2566	322	0	0	0	0	0	4131	9.87	5.54	3.00	17.19	4.91	14.70	11.75	2.06	39.90	13.45
5/4/2018 12:11:55 PM	3.17	2.38	0.71	0.00	0.00	0.00	0.00	0.00	6.27	27.93	10.02	20.80	1681	2385	320	0	0	0	0	0	4385	48.75	5.96	3.03	16.41	7.01	15.12	13.87	1.98	39.79	13.44
5/4/2018 12:11:58 PM	2.71	1.26	0.65	0.00	0.00	0.00	0.00	0.25	4.62	79.19	9.17	21.15	1436	1265	293	0	0	0	0	0	2994	138.05	5.23	2.64	10.36	8.43	10.66	13.59	1.90	39.68	13.40
5/4/2018 12:12:00 PM	2.87	0.82	0.67	0.00	0.00	0.00	0.00	0.35	4.37	89.08	8.17	21.97	1523	817	304	0	0	0	0	0	2644	155.28	5.27	2.19	8.26	9.43	9.34	14.92	1.80	39.59	13.41
5/4/2018 12:12:02 PM	3.58	0.76	0.59	0.16	0.00	0.00	0.00	0.45	5.09	91.32	7.19	23.25	1897	759	267	5	0	0	0	0	2928	159.18	6.18	2.55	8.93	11.49	10.25	18.25	1.70	39.49	13.38
5/4/2018 12:12:05 PM	4.91	0.76	0.70	0.36	0.00	0.00	0.00	0.47	6.73	92.02	6.38	24.90	2603	764	316	11	0	0	0	0	3694	160.40	7.90	3.18	10.69	14.12	12.27	24.04	1.63	39.37	13.37
5/4/2018 12:12:07 PM	6.10	0.68	0.51	0.79	0.00	0.00	0.00	0.49	8.08	92.27	5.43	26.42	3233	683	228	24	0	0	0	0	4168	160.83	9.50	4.01	12.23	16.42	14.36	29.07	1.53	39.29	13.35
5/4/2018 12:12:10 PM	6.70	0.94	1.29	0.57	0.00	0.00	0.00	0.54	9.51	92.47	4.44	27.82	3554	935	582	17	0	0	0	0	5089	161.18	11.42	4.03	14.04	18.94	16.16	34.01	1.44	39.19	13.34
5/4/2018 12:12:12 PM	7.04	0.75	1.08	0.95	0.00	0.00	0.00	0.53	9.82	93.25	3.76	29.16	3732	754	488	28	0	0	0	0	5002	162.53	12.09	4.45	14.20	19.47	16.84	35.64	1.37	39.08	13.35
5/4/2018 12:12:14 PM	6.29	0.01	0.33	1.97	0.00	0.00	0.00	0.73	8.60	92.63	2.86	30.60	3333	14	149	59	0	0	0	0	3554	161.45	12.94	5.23	12.12	20.38	16.20	35.75	1.28	38.98	13.30
5/4/2018 12:12:17 PM	4.27	0.30	2.31	0.67	0.00	0.00	0.00	0.54	7.55	93.67	2.04	34.34	2265	298	1040	20	0	0	0	0	3622	163.26	12.10	4.88	10.86	16.95	12.16	30.88	1.20	38.90	13.27
5/4/2018 12:12:19 PM	3.56	0.58	2.05	0.00	0.00	0.00	0.00	0.39	6.19	93.61	1.30	38.69	1886	584	921	0	0	0	0	0	3391	163.17	9.07	0.49	8.93	12.96	11.10	23.39	1.13	38.83	13.26
5/4/2018 12:12:21 PM	0.00	0.00	0.13	0.84	0.00	0.00	0.00	0.00	0.97	52.39	0.35	39.81	0	0	57	25	0	0	0	0	82	91.36	10.26	3.36	1.26	-4.71	4.66	3.18	1.03	38.74	13.24
5/4/2018 12:12:24 PM	0.00	0.47	0.00	0.00	0.00	0.00	0.00	0.00	0.47	67.83	0.16	39.31	0	470	0	0	0	0	0	0	470	118.25	-1.79	-0.47	4.45	0.04	4.28	-0.90	1.02	38.65	13.21
5/4/2018 12:12:26 PM	0.90	0.55	0.00	0.00	0.00	0.00	0.00	0.00	1.45	70.27	0.15	38.06	479	549	0	0	0	0	0	0	1028	122.50	-0.50	0.92	4.67	-0.93	6.21	3.95	1.01	38.57	13.19
5/4/2018 12:12:29 PM	0.00	0.31	0.00	0.00	0.00	0.00	0.00	0.16	0.31	85.27	0.15	37.08	0	309	0	0	0	0	0	0	309	148.63	0.40	1.15	1.71	3.41	4.97	-0.89	1.02	38.51	13.16
5/4/2018 12:12:31 PM	0.12	0.93	0.00	0.00	0.00	0.00	0.00	0.00	1.05	68.65	0.17	36.12	65	931	0	0	0	0	0	0	996	119.68	-0.63	-1.33	4.87	0.82	8.14	0.52	1.02	38.45	13.19
5/4/2018 12:12:33 PM	0.00	1.31	0.00	0.00	0.00	0.00	0.00	0.00	1.31	73.59	0.16	35.27	0	1308	0	0	0	0	0	0	1308	128.30	1.09	1.63	10.89	0.02	4.48	-0.44	1.02	38.37	13.16
