Date/Time	Green Algae	Bluegreen	Diatoms	Cryptophyta	#4	#5	#6	Yellow substances	Total conc.	Transmission	Depth	Temp. Sample	Green Algae	Bluegreen	Diatoms	Cryptophyta	#4	#5	#6	Yellow substances	Total cell count	Trans. 700 nm	LED 3 [525 nm]	LED 4 [570 nm]	LED 5 [610 nm]	LED 6 [370 nm]	LED 7 [590 nm]	LED 8 [470 nm]	Pressure	Temp. LEDs	Temp. Sensor
date	µg/l	µg/l	µg/l	µg/l	µg/l	µg/l	µg/l	µg/l	µg/l	%	m	°C	cells/ml	cells/ml	cells/ml	cells/ml	cells/ml	cells/ml	cells/ml	cells/ml	cells/ml	digits	digits	digits	digits	digits	digits	digits	bar	°C	°C
8/7/2015 3:30:42 PM	0.66	0.00	0.44	0.29	0.00	0.00	0.00	0.00	1.40	100.00	0.50	26.64	349	0	200	9	0	0	0	0	558	315.57	3.14	1.89	1.51	5.86	4.70	7.04	1.05	23.26	19.66
8/7/2015 3:30:44 PM	0.00	0.10	1.21	0.00	0.00	0.00	0.00	0.00	1.32	100.00	0.54	26.62	0	103	546	0	0	0	0	0	649	318.33	4.34	0.74	3.06	5.17	4.20	7.84	1.05	23.28	19.66
8/7/2015 3:30:47 PM	0.00	0.04	0.66	0.30	0.00	0.00	0.00	0.00	1.00	100.00	0.69	26.65	0	41	296	9	0	0	0	0	346	316.96	3.68	0.77	2.07	4.63	4.72	5.15	1.07	23.31	19.67
8/7/2015 3:30:50 PM	1.00	0.00	0.02	0.40	0.00	0.00	0.00	0.00	1.42	100.00	0.85	26.65	531	0	10	12	0	0	0	0	553	317.80	2.37	0.71	1.86	4.53	5.18	7.22	1.08	23.34	19.68
8/7/2015 3:30:53 PM	0.08	0.00	0.33	0.57	0.00	0.00	0.00	0.00	0.98	100.00	1.01	26.65	44	0	148	17	0	0	0	0	209	315.21	3.26	1.86	1.40	4.10	5.18	5.26	1.10	23.37	19.67
8/7/2015 3:30:55 PM	0.03	0.05	1.07	0.04	0.00	0.00	0.00	0.00	1.19	100.00	1.21	26.68	15	54	482	1	0	0	0	0	553	317.02	4.05	0.58	2.19	5.54	4.31	6.65	1.12	23.40	19.68
8/7/2015 3:30:58 PM	0.28	0.00	0.58	0.01	0.00	0.00	0.00	0.03	0.87	100.00	1.41	26.67	150	0	259	0	0	0	0	0	409	316.07	2.40	2.67	1.61	5.03	2.39	4.96	1.14	23.43	19.71
8/7/2015 3:31:01 PM	0.00	0.20	0.96	0.00	0.00	0.00	0.00	0.00	1.17	100.00	1.62	26.68	0	201	434	0	0	0	0	0	635	315.86	4.22	0.31	3.39	2.31	4.66	7.33	1.16	23.46	19.69
8/7/2015 3:31:04 PM	0.58	0.06	0.48	0.26	0.00	0.00	0.00	0.00	1.39	100.00	1.79	26.68	310	60	217	8	0	0	0	0	595	318.20	3.24	0.76	2.80	5.02	4.87	7.17	1.18	23.49	19.72
8/7/2015 3:31:07 PM	0.14	0.00	1.06	0.00	0.00	0.00	0.00	0.00	1.21	100.00	1.94	26.71	76	0	478	0	0	0	0	0	554	316.68	4.00	0.51	2.34	5.99	3.05	6.90	1.19	23.51	19.72
8/7/2015 3:31:09 PM	0.03	0.13	0.69	0.45	0.00	0.00	0.00	0.00	1.30	100.00	2.06	26.68	16	131	312	13	0	0	0	0	472	315.99	4.23	1.80	3.25	5.65	5.54	6.30	1.20	23.55	19.75
8/7/2015 3:31:12 PM	0.93	0.00	0.32	0.11	0.00	0.00	0.00	0.00	1.37	100.00	2.22	26.66	494	0	146	3	0	0	0	0	644	316.15	2.39	0.78	1.56	5.16	4.23	6.96	1.22	23.57	19.71
8/7/2015 3:31:15 PM	0.70	0.05	0.33	0.28	0.00	0.00	0.00	0.00	1.36	100.00	2.37	26.61	370	52	150	8	0	0	0	0	580	316.57	2.80	1.67	2.97	4.89	4.26	6.78	1.23	23.61	19.78
8/7/2015 3:31:18 PM	0.06	0.00	0.72	0.29	0.00	0.00	0.00	0.00	1.07	100.00	2.55	26.67	31	0	322	9	0	0	0	0	362	317.46	3.66	1.28	2.07	4.96	4.33	5.80	1.25	23.64	19.79
8/7/2015 3:31:21 PM	0.52	0.05	0.79	0.00	0.00	0.00	0.00	0.00	1.35	100.00	2.72	26.71	276	45	353	0	0	0	0	0	674	317.07	3.30	1.24	3.08	5.68	3.05	7.08	1.27	23.67	19.79
8/7/2015 3:31:23 PM	0.35	1.84	0.00	1.00	0.00	0.00	0.00	0.03	3.18	100.00	2.93	26.70	183	1837	0	30	0	0	0	0	2050	315.82	5.61	6.04	15.28	8.38	15.25	6.97	1.29	23.69	19.83
8/7/2015 3:31:26 PM	0.82	0.00	0.20	0.42	0.00	0.00	0.00	0.00	1.44	100.00	3.12	26.65	434	0	90	13	0	0	0	0	537	316.34	2.94	1.75	2.53	5.62	4.77	6.91	1.31	23.72	19.84
8/7/2015 3:31:29 PM	0.48	0.11	0.81	0.00	0.00	0.00	0.00	0.00	1.40	100.00	3.27	26.61	256	112	362	0	0	0	0	0	730	315.53	3.44	0.33	2.77	5.56	4.46	7.15	1.32	23.77	19.84
8/7/2015 3:31:32 PM	0.33	0.00	0.68	0.22	0.00	0.00	0.00	0.00	1.23	100.00	3.40	26.63	175	0	304	7	0	0	0	0	486	317.01	3.44	1.30	2.31	4.96	4.13	6.87	1.33	23.79	19.81
8/7/2015 3:31:35 PM	0.41	0.00	0.71	0.22	0.00	0.00	0.00	0.00	1.33	100.00	3.60	26.70	216	0	319	6	0	0	0	0	541	316.15	3.65	1.13	2.29	5.78	4.41	7.03	1.35	23.82	19.84
8/7/2015 3:31:37 PM	0.30	0.11	0.86	0.00	0.00	0.00	0.00	0.00	1.27	100.00	3.75	26.70	158	105	388	0	0	0	0	0	651	315.58	3.45	0.86	2.59	5.32	4.19	6.54	1.37	23.84	19.84
8/7/2015 3:31:40 PM	0.57	0.00	0.53	0.26	0.00	0.00	0.00	0.00	1.36	100.00	3.94	26.70	302	0	240	8	0	0	0	0	549	316.18	3.26	1.37	1.96	5.42	4.54	7.20	1.39	23.88	19.88
8/7/2015 3:31:43 PM	0.83	0.00	0.30	0.29	0.00	0.00	0.00	0.00	1.43	100.00	4.08	26.72	440	0	136	9	0	0	0	0	585	315.70	2.89	1.13	2.44	5.58	4.54	6.95	1.40	23.91	19.89
8/7/2015 3:31:46 PM	0.25	0.00	0.94	0.00	0.00	0.00	0.00	0.00	1.19	100.00	4.20	26.68	132	2	424	0	0	0	0	0	557	314.26	3.52	0.86	2.08	5.01	3.68	7.05	1.41	23.94	19.93
8/7/2015 3:31:48 PM	0.58	0.00	0.44	0.27	0.00	0.00	0.00	0.00	1.29	100.00	4.31	26.65	306	0	198	8	0	0	0	0	512	316.34	2.96	1.40	2.03	4.75	4.34	6.98	1.42	23.97	19.93
8/7/2015 3:31:51 PM	0.37	0.00	0.59	0.27	0.00	0.00	0.00	0.00	1.23	100.00	4.48	26.69	194	0	264	8	0	0	0	0	467	315.88	3.38	1.03	2.09	4.98	4.50	6.65	1.44	24.01	19.93
8/7/2015 3:31:54 PM	0.72	0.03	0.41	0.10	0.00	0.00	0.00	0.00	1.26	100.00	4.64	26.67	381	26	186	3	0	0	0	0	596	316.22	2.56	0.84	2.16	5.13	3.95	6.11	1.45	24.03	19.93
8/7/2015 3:31:57 PM	0.41	0.00	0.65	0.14	0.00	0.00	0.00	0.00	1.20	100.00	4.79	26.70	218	0	292	4	0	0	0	0	514	315.81	3.13	0.84	1.78	4.75	4.12	6.74	1.47	24.06	19.96
8/7/2015 3:32:00 PM	0.37	0.00	0.72	0.12	0.00	0.00	0.00	0.00	1.22	100.00	4.94	26.70	199	0	323	4	0	0	0	0	525	315.58	3.31	0.93	1.82	5.16	4.11	6.69	1.48	24.09	19.98
8/7/2015 3:32:02 PM	0.57	0.00	0.45	0.30	0.00	0.00	0.00	0.00	1.33	100.00	5.10	26.68	304	0	204	9	0	0	0	0	518	316.66	3.20	1.12	2.34	5.29	4.55	6.84	1.50	24.12	19.97
8/7/2015 3:32:05 PM	0.18	0.00	0.75	0.15	0.00	0.00	0.00	0.00	1.08	100.00	5.34	26.69	96	0	339	4	0	0	0	0	439	315.59	3.39	0.86	1.82	4.79	4.05	6.10	1.52	24.16	19.99
8/7/2015 3:32:08 PM	0.54	0.00	0.56	0.13	0.00	0.00	0.00	0.00	1.24	100.00	5.52	26.69	287	0	252	4	0	0	0	0	544	315.88	2.93	1.04	1.92	4.93	3.97	6.66	1.54	24.19	20.03
8/7/2015 3:32:11 PM	0.47	0.03	0.65	0.13	0.00	0.00	0.00	0.00	1.28	100.00	5.69	26.67	249	26	294	4	0	0	0	0	573	315.48	3.24	0.95	2.42	5.13	4.12	6.86	1.56	24.22	20.02
8/7/2015 3:32:14 PM	0.54	0.00	0.54	0.11	0.00	0.00	0.00	0.00	1.20	100.00	5.82	26.66	287	2	244	3	0	0	0	0	537	315.87	2.84	1.07	2.15	4.95	3.74	6.28	1.57	24.25	20.05
8/7/2015 3:32:16 PM	0.40	0.01	0.59	0.18	0.00	0.00	0.00	0.00	1.19	100.00	5.98	26.64	214	15	267	5	0	0	0	0	501	315.28	3.16	1.13	2.26	5.02	4.07	6.26	1.59	24.27	20.04
8/7/2015 3:32:19 PM	0.64	0.00	0.43	0.22	0.00	0.00	0.00	0.00	1.30	100.00	6.17	26.33	341	0	194	7	0	0	0	0	542	315.63	2.94	1.22	2.27	5.38	4.18	6.48	1.60	24.30	20.04
8/7/2015 3:32:22 PM	0.25	0.01	0.70	0.33	0.00	0.00	0.00	0.01	1.30	100.00	6.29	25.48	131	11	317	10	0	0	0	0	469	316.38	3.98	1.32	2.41	6.08	4.83	6.81	1.62	24.33	20.08
8/7/2015 3:32:25 PM	0.36	0.00	0.77	0.28	0.00	0.00	0.00	0.01	1.41	100.00	6.42	24.80	192	0	345	8	0	0	0	0	546	315.75	4.10	1.26	2.40	6.64	4.78	7.49	1.63	24.37	20.06
8/7/2015 3:32:28 PM	0.26	0.02	0.80	0.24	0.00	0.00	0.00	0.04	1.31	100.00	6.46	24.13	137	24	358	7	0	0	0	0	526	315.94	4.09	1.13	2.39	6.91	4.72	7.24	1.63	24.38	20.10
8/7/2015 3:32:30 PM	0.43	0.05	0.95	0.12	0.00	0.00	0.00	0.00	1.55	100.00	6.51	24.16	230	49	428	4	0	0	0	0	711	316.02	4.21	1.27	2.74	6.89	4.63	8.02	1.64	24.40	20.13
8/7/2015 3:32:33 PM	1.15	0.32	0.92	0.16	0.00	0.00	0.00	0.08	2.54	100.00	6.65	23.46	607	317	414	5	0	0	0	0	1342	315.94	5.30	2.08	5.40	11.67	6.83	12.10	1.65	24.43	20.13
8/7/2015 3:32:36 PM	0.28	0.03	0.67	0.37	0.00	0.00	0.00	0.07	1.35	100.00	6.77	22.52	150	27	300	11	0	0	0	0	489	316.61	4.22	1.50	2.65	7.57	5.04	7.55	1.66	24.46	20.17
8/7/2015 3:32:39 PM	0.43	0.02	0.68	0.35	0.00	0.00	0.00	0.06	1.47	100.00	6.89	21.94	226	15	305	11	0	0	0	0	557	316.55	4.27	1.41	2.68	7.84	5.11	8.07	1.68	24.47	20.16
8/7/2015 3:32:41 PM	0.25	0.00	0.73	0.44	0.00	0.00	0.00	0.08	1.41	100.00	7.05	21.58	130	1	329	13	0	0	0	0	474	316.48	4.62	1.64	2.72	8.13	5.22	8.20	1.69	24.51	20.18
8/7/2015 3:32:44 PM	0.33	0.00	0.52	0.47	0.00	0.00	0.00	0.10	1.32	100.00	7.25	20.81	176	0	233	14	0	0	0	0	424	316.68	4.19	1.33	2.50	8.06	5.31	7.66	1.71	24.52	20.18
8/7/2015 3:32:47 PM	0.21	0.04	0.62	0.38	0.00	0.00	0.00	0.11	1.24	100.00	7.41	20.43	109	37	279	11	0	0	0	0	436	316.47	4.16	1.41	2.57	7.92	5.05	7.31	1.73	24.53	20.22
8/7/2015 3:32:50 PM	0.17	0.10	0.85	0.23	0.00	0.00	0.00	0.12	1.34	100.00	7.56	20.02	91	101	381	7	0	0	0	0	580	316.91	4.45	1.48	2.95	8.55	4.98	7.86	1.74	24.55	20.21
8/7/2015 3:32:53 PM	0.35	0.06	0.51	0.35	0.00	0.00	0.00	0.12	1.27	100.00	7.69	19.53	185	62	230	11	0	0	0	0	487	316.77	3.87	1.40	2.68	8.04	5.04	7.23	1.75	24.57	20.21
8/7/2015 3:32:55 PM	0.33	0.04	0.58	0.31	0.00	0.00	0.00	0.11	1.26	100.00	7.83	19.12	173	43	263	9	0	0	0	0	488	316.83	3.92	1.24	2.51	7.91	4.92	7.27	1.77	24.58	20.24
8/7/2015 3:32:58 PM	0.11	0.05	0.70	0.32	0.00	0.00	0.00	0.12	1.19	100.00	7.99	19.04	60	52	316	10	0	0	0	0	437	316.58	4.22	1.31	2.53	7.96	4.95	7.19	1.78	24.59	20.23
8/7/2015 3:33:01 PM	0.25	0.06	0.42	0.35	0.00	0.00	0.00	0.16	1.08	100.00	8.18	18.13	131	56	191	11	0	0	0	0	388	317.47	3.64	1.34	2.43	8.19	4.82	6.65	1.80	24.60	20.26
8/7/2015 3:33:04 PM	0.11	0.13	0.64	0.18	0.00	0.00	0.00	0.16	1.05	100.00	8.38	17.71	60	126	286	5	0	0	0	0	477	317.64	3.71	1.35	2.66	8.21	4.55	6.49	1.82	24.61	20.26
8/7/2015 3:33:07 PM	0.00	0.20	0.61	0.14	0.00	0.00	0.00	0.19	0.95	100.00	8.56	17.40	0	196	274	4	0	0	0	0	475	317.50	3.67	1.27	2.84	8.34	4.66	5.90	1.84	24.62	20.30
8/7/2015 3:33:09 PM	0.16	0.12	0.59	0.20	0.00	0.00	0.00	0.18	1.07	100.00	8.75	16.95	84	124	264	6	0	0	0	0	479	316.89	3.74	1.28	2.67	8.66	4.69	6.71	1.86	24.62	20.30
8/7/2015 3:33:12 PM	0.07	0.17	0.56	0.13	0.00	0.00	0.00	0.20	0.92	100.00	8.92	16.81	35	170	252	4	0	0	0	0	460	317.98	3.43	1.21	2.65	8.47	4.48	5.96	1.87	24.63	20.35
8/7/2015 3:33:15 PM	0.04	0.13	0.53	0.16	0.00	0.00	0.00	0.21	0.86	100.00	9.08	16.86	19	135	239	5	0	0	0	0	397	317.71	3.44	1.02	2.38	8.52	4.47	5.90	1.89	24.63	20.31
8/7/2015 3:33:18 PM	0.00	0.26	0.25	0.45	0.00	0.00	0.00	0.23	0.95	100.00	9.19	17.15	0	259	112	13	0	0	0	0	384	317.47	4.21	2.05	3.61	8.88	5.43	5.38	1.90	24.63	20.34
8/7/2015 3:33:21 PM	0.00	0.21	0.35	0.32	0.00	0.00	0.00	0.24	0.88	100.00	9.31	16.81	0	212	156	10	0	0	0	0	378	317.17	3.56	1.28	2.97	9.02	5.27	5.79	1.91	24.62	20.32
8/7/2015 3:33:23 PM	0.00	0.22	0.25	0.43	0.00	0.00	0.00	0.25	0.89	100.00	9.46	17.06	0	216	112	13	0	0	0	0	341	317.76	3.97	1.35	3.11	9.23	5.58	5.65	1.93	24.62	20.35
8/7/2015 3:33:26 PM	0.00	0.60	0.00	0.89	0.00	0.00	0.00	0.28	1.49	100.00	9.56	16.87	0	596	2	27	0	0	0	0	625	316.94	5.50	2.19	6.22	10.91	9.25	6.69	1.94	24.62	20.37
8/7/2015 3:33:29 PM	0.00	0.48	0.46	0.30	0.00	0.00	0.00	0.26	1.24	100.00	9.72	16.94	0	476	206	9	0	0	0	0	691	317.90	4.40	1.56	4.75	10.17	6.74	6.45	1.95	24.62	20.36
8/7/2015 3:33:32 PM	0.00	0.27	0.62	0.30	0.00	0.00	0.00	0.23	1.20	100.00	9.88	16.39	0	274	279	9	0	0	0	0	562	316.85	4.95	1.97	3.88	10.10	5.51	6.96	1.97	24.62	20.36
8/7/2015 3:33:34 PM	0.06	0.16	0.61	0.27	0.00	0.00	0.00	0.22	1.10	100.00	10.03	16.12	29	157	276	8	0	0	0	0	471	317.75	4.15	1.38	2.96	9.62	5.15	7.18	1.98	24.60	20.37
8/7/2015 3:33:37 PM	0.09	0.08	0.39	0.40	0.00	0.00	0.00	0.22	0.94	100.00	10.14	16.37	46	75	174	12	0	0	0	0	307	317.31	3.79	1.26	2.42	9.18	5.01	6.60	1.99	24.58	20.39
8/7/2015 3:33:40 PM	0.10	0.12	0.50	0.22	0.00	0.00	0.00	0.23	0.94	100.00	10.26	16.19	51	122	227	7	0	0	0	0	407	317.74	3.65	1.24	2.53	9.26	4.64	6.52	2.01	24.59	20.37
8/7/2015 3:33:43 PM	0.15	0.07	0.52	0.25	0.00	0.00	0.00	0.20	0.99	100.00	10.37	16.04	82	70	233	7	0	0	0	0	393	317.26	3.68	1.21	2.33	8.86	4.55	6.69	2.02	24.56	20.37
8/7/2015 3:33:46 PM	0.05	0.16	0.64	0.20	0.00	0.00	0.00	0.20	1.05	100.00	10.43	15.83	29	165	287	6	0	0	0	0	486	318.32	3.90	1.38	2.89	8.98	4.83	6.72	2.02	24.54	20.39
8/7/2015 3:33:48 PM	0.00	0.15	0.57	0.47	0.00	0.00	0.00	0.22	1.19	100.00	10.50	15.97	0	153	256	14	0	0	0	0	424	317.87	5.15	1.83	3.36	10.00	5.64	7.37	2.03	24.54	20.39
8/7/2015 3:33:51 PM	0.02	0.09	0.66	0.30	0.00	0.00	0.00	0.20	1.06	100.00	10.69	15.79	9	87	295	9	0	0	0	0	401	317.68	4.19	1.46	2.63	9.17	4.83	7.15	2.05	24.52	20.40
8/7/2015 3:33:54 PM	0.00	0.05	0.71	0.37	0.00	0.00	0.00	0.21	1.13	100.00	10.83	15.47	0	52	318	11	0	0	0	0	382	317.60	4.68	1.33	2.57	9.86	5.17	7.86	2.06	24.49	20.40
8/7/2015 3:33:57 PM	0.00	0.10	0.58	0.19	0.00	0.00	0.00	0.21	0.87	100.00	10.93	15.58	0	100	262	6	0	0	0	0	367	317.67	3.67	1.45	2.39	8.71	4.20	6.17	2.07	24.47	20.39
8/7/2015 3:34:00 PM	0.07	0.07	0.57	0.24	0.00	0.00	0.00	0.21	0.95	100.00	11.12	15.29	35	74	259	7	0	0	0	0	375	317.71	3.80	1.26	2.33	8.99	4.49	6.68	2.09	24.45	20.37
8/7/2015 3:34:02 PM	0.00	0.13	0.67	0.20	0.00	0.00	0.00	0.21	1.00	100.00	11.27	15.17	0	134	300	6	0	0	0	0	441	317.78	3.99	1.34	2.68	9.17	4.68	6.77	2.10	24.43	20.38
8/7/2015 3:34:05 PM	0.05	0.07	0.46	0.24	0.00	0.00	0.00	0.22	0.82	100.00	11.40	15.26	28	71	208	7	0	0	0	0	314	317.40	3.44	1.28	2.16	8.67	4.25	6.04	2.12	24.40	20.38
8/7/2015 3:34:08 PM	0.00	0.09	0.46	0.27	0.00	0.00	0.00	0.23	0.82	100.00	11.58	15.24	0	91	207	8	0	0	0	0	306	317.66	3.70	1.30	2.30	9.02	4.45	6.05	2.13	24.38	20.38
8/7/2015 3:34:11 PM	0.01	0.07	0.45	0.26	0.00	0.00	0.00	0.23	0.79	100.00	11.72	15.06	3	70	201	8	0	0	0	0	281	317.53	3.49	1.28	2.14	8.84	4.32	6.00	2.15	24.35	20.35
8/7/2015 3:34:14 PM	0.02	0.08	0.52	0.21	0.00	0.00	0.00	0.22	0.83	100.00	11.88	14.99	12	78	234	6	0	0	0	0	331	317.57	3.54	1.22	2.18	8.91	4.26	6.19	2.16	24.32	20.38
8/7/2015 3:34:16 PM	0.00	0.11	0.51	0.23	0.00	0.00	0.00	0.23	0.85	100.00	12.05	14.85	0	114	231	7	0	0	0	0	351	317.28	3.63	1.41	2.46	9.07	4.42	6.20	2.18	24.29	20.35
8/7/2015 3:34:19 PM	0.02	0.09	0.58	0.21	0.00	0.00	0.00	0.24	0.90	100.00	12.26	14.83	12	91	263	6	0	0	0	0	372	317.40	3.80	1.25	2.35	9.48	4.43	6.69	2.20	24.25	20.37
8/7/2015 3:34:22 PM	0.00	0.13	0.55	0.20	0.00	0.00	0.00	0.24	0.89	100.00	12.36	14.71	0	134	247	6	0	0	0	0	388	317.29	3.72	1.38	2.58	9.37	4.52	6.40	2.21	24.24	20.35
8/7/2015 3:34:25 PM	0.07	0.06	0.54	0.22	0.00	0.00	0.00	0.23	0.89	100.00	12.58	14.85	38	65	241	7	0	0	0	0	351	317.48	3.68	1.22	2.19	9.32	4.33	6.62	2.23	24.19	20.37
8/7/2015 3:34:27 PM	0.08	0.07	0.51	0.22	0.00	0.00	0.00	0.23	0.88	100.00	12.80	14.57	42	65	231	7	0	0	0	0	345	317.72	3.64	1.20	2.17	9.33	4.33	6.57	2.25	24.16	20.36
8/7/2015 3:34:30 PM	0.04	0.06	0.52	0.20	0.00	0.00	0.00	0.23	0.82	100.00	12.94	14.33	21	58	236	6	0	0	0	0	321	317.60	3.56	1.06	2.02	9.15	4.23	6.33	2.27	24.13	20.33
8/7/2015 3:34:33 PM	0.04	0.08	0.49	0.29	0.00	0.00	0.00	0.23	0.90	100.00	12.98	14.38	21	76	221	9	0	0	0	0	326	317.39	3.77	1.31	2.33	9.33	4.59	6.59	2.27	24.09	20.35
8/7/2015 3:34:36 PM	0.00	0.05	0.38	0.47	0.00	0.00	0.00	0.24	0.90	100.00	13.06	14.76	0	48	170	14	0	0	0	0	233	317.35	4.10	1.40	2.36	9.41	5.04	6.62	2.28	24.06	20.35
8/7/2015 3:34:39 PM	0.00	0.15	0.49	0.18	0.00	0.00	0.00	0.26	0.82	100.00	13.20	14.86	0	150	220	5	0	0	0	0	376	317.09	3.54	1.33	2.54	9.58	4.41	6.14	2.29	24.02	20.33
8/7/2015 3:34:41 PM	0.06	0.06	0.47	0.26	0.00	0.00	0.00	0.23	0.85	100.00	13.37	14.63	30	60	211	8	0	0	0	0	308	316.97	3.59	1.25	2.15	9.19	4.36	6.39	2.31	23.98	20.31
8/7/2015 3:34:44 PM	0.09	0.11	0.45	0.24	0.00	0.00	0.00	0.23	0.89	100.00	13.52	14.65	48	109	203	7	0	0	0	0	367	317.21	3.53	1.18	2.39	9.20	4.57	6.31	2.32	23.94	20.34
8/7/2015 3:34:47 PM	0.00	0.10	0.49	0.20	0.00	0.00	0.00	0.25	0.79	100.00	13.75	14.22	0	100	221	6	0	0	0	0	327	317.61	3.50	1.20	2.24	9.20	4.30	6.09	2.35	23.91	20.32
8/7/2015 3:34:50 PM	0.00	0.09	0.48	0.20	0.00	0.00	0.00	0.24	0.77	100.00	13.95	13.97	0	91	216	6	0	0	0	0	313	317.11	3.47	1.11	2.13	9.01	4.25	5.94	2.37	23.87	20.29
8/7/2015 3:34:53 PM	0.00	0.07	0.49	0.24	0.00	0.00	0.00	0.24	0.80	100.00	14.04	14.06	0	71	220	7	0	0	0	0	298	317.17	3.63	1.25	2.15	9.25	4.30	6.24	2.38	23.83	20.30
8/7/2015 3:34:55 PM	0.00	0.09	0.49	0.20	0.00	0.00	0.00	0.25	0.78	100.00	14.30	14.07	0	90	223	6	0	0	0	0	319	317.35	3.62	1.25	2.19	9.18	4.17	6.00	2.40	23.79	20.26
8/7/2015 3:34:58 PM	0.00	0.48	1.09	0.02	0.00	0.00	0.00	0.21	1.58	100.00	14.51	14.08	0	477	490	0	0	0	0	0	968	315.98	5.52	2.45	5.30	10.99	5.80	8.28	2.42	23.75	20.27
8/7/2015 3:35:01 PM	0.00	0.08	0.38	0.26	0.00	0.00	0.00	0.26	0.72	100.00	14.75	13.97	0	83	169	8	0	0	0	0	260	317.32	3.37	1.18	2.10	9.13	4.32	5.79	2.45	23.70	20.24
8/7/2015 3:35:04 PM	0.00	0.08	0.42	0.24	0.00	0.00	0.00	0.25	0.74	100.00	14.94	13.85	0	85	189	7	0	0	0	0	280	317.31	3.41	1.21	2.13	9.16	4.26	5.90	2.46	23.66	20.24
8/7/2015 3:35:07 PM	0.09	0.08	0.34	0.26	0.00	0.00	0.00	0.25	0.77	100.00	15.12	13.87	50	77	154	8	0	0	0	0	288	316.72	3.27	1.22	2.13	9.15	4.30	5.95	2.48	23.62	20.25
8/7/2015 3:35:09 PM	0.00	0.10	0.43	0.20	0.00	0.00	0.00	0.25	0.73	100.00	15.32	13.91	0	99	194	6	0	0	0	0	299	316.78	3.35	1.19	2.16	9.08	4.20	5.78	2.50	23.57	20.22
8/7/2015 3:35:12 PM	0.00	0.09	0.49	0.18	0.00	0.00	0.00	0.25	0.76	100.00	15.53	14.09	0	94	222	5	0	0	0	0	321	317.20	3.45	1.18	2.16	9.22	4.17	6.03	2.52	23.54	20.22
8/7/2015 3:35:15 PM	0.03	0.11	0.43	0.19	0.00	0.00	0.00	0.26	0.76	100.00	15.66	13.76	15	109	195	6	0	0	0	0	325	317.05	3.34	1.16	2.21	9.22	4.26	5.91	2.53	23.49	20.23
8/7/2015 3:35:18 PM	0.03	0.09	0.42	0.21	0.00	0.00	0.00	0.26	0.75	100.00	15.80	13.81	14	92	190	6	0	0	0	0	302	316.89	3.36	1.13	2.12	9.31	4.26	5.96	2.55	23.45	20.22
8/7/2015 3:35:20 PM	0.00	0.10	0.42	0.24	0.00	0.00	0.00	0.26	0.77	100.00	15.98	13.89	0	99	190	7	0	0	0	0	297	316.68	3.49	1.29	2.26	9.28	4.35	5.98	2.57	23.40	20.18
8/7/2015 3:35:23 PM	0.00	0.09	0.35	0.27	0.00	0.00	0.00	0.26	0.71	100.00	16.09	13.54	0	94	157	8	0	0	0	0	260	316.61	3.32	1.22	2.16	9.07	4.35	5.68	2.58	23.34	20.17
8/7/2015 3:35:26 PM	0.00	0.10	0.36	0.27	0.00	0.00	0.00	0.26	0.72	100.00	16.20	13.56	0	96	161	8	0	0	0	0	265	316.98	3.35	1.18	2.17	9.20	4.42	5.78	2.59	23.31	20.15
8/7/2015 3:35:29 PM	0.00	0.11	0.43	0.20	0.00	0.00	0.00	0.26	0.74	100.00	16.31	13.63	0	113	195	6	0	0	0	0	315	316.48	3.43	1.19	2.24	9.16	4.25	5.76	2.60	23.27	20.13
8/7/2015 3:35:32 PM	0.00	0.11	0.37	0.21	0.00	0.00	0.00	0.26	0.69	100.00	16.52	13.44	0	113	165	6	0	0	0	0	284	316.51	3.24	1.25	2.19	8.97	4.16	5.45	2.62	23.22	20.11
8/7/2015 3:35:34 PM	0.00	0.11	0.39	0.19	0.00	0.00	0.00	0.26	0.68	100.00	16.70	13.19	0	106	173	6	0	0	0	0	285	316.58	3.19	1.25	2.14	8.90	4.07	5.46	2.64	23.16	20.13
8/7/2015 3:35:37 PM	0.00	0.11	0.32	0.25	0.00	0.00	0.00	0.27	0.67	100.00	16.80	13.29	0	107	143	7	0	0	0	0	257	316.81	3.19	1.20	2.16	9.02	4.29	5.44	2.65	23.12	20.12
8/7/2015 3:35:40 PM	0.07	0.10	0.35	0.22	0.00	0.00	0.00	0.25	0.74	100.00	16.98	13.37	35	103	155	7	0	0	0	0	300	316.62	3.17	1.18	2.18	9.00	4.28	5.68	2.66	23.07	20.10
8/7/2015 3:35:43 PM	0.15	0.11	0.29	0.23	0.00	0.00	0.00	0.26	0.78	100.00	17.13	13.13	79	113	131	7	0	0	0	0	329	316.26	3.11	1.22	2.28	9.26	4.35	5.83	2.68	23.03	20.01
8/7/2015 3:35:46 PM	0.15	0.09	0.26	0.28	0.00	0.00	0.00	0.26	0.78	100.00	17.24	13.15	80	93	116	8	0	0	0	0	298	316.60	3.15	1.27	2.24	9.26	4.41	5.89	2.69	23.00	20.07
8/7/2015 3:35:48 PM	0.13	0.11	0.35	0.23	0.00	0.00	0.00	0.25	0.83	100.00	17.35	13.31	71	112	157	7	0	0	0	0	348	316.30	3.27	1.20	2.33	9.31	4.44	6.05	2.70	22.93	20.05
8/7/2015 3:35:51 PM	0.17	0.12	0.34	0.21	0.00	0.00	0.00	0.26	0.84	100.00	17.41	13.20	90	122	153	6	0	0	0	0	372	316.48	3.21	1.15	2.35	9.41	4.43	6.08	2.71	22.88	20.03
8/7/2015 3:35:54 PM	0.16	0.11	0.35	0.22	0.00	0.00	0.00	0.25	0.83	100.00	17.53	13.27	84	108	156	7	0	0	0	0	355	316.14	3.24	1.19	2.30	9.32	4.40	6.09	2.72	22.83	20.01
8/7/2015 3:35:57 PM	0.13	0.12	0.36	0.21	0.00	0.00	0.00	0.25	0.82	100.00	17.67	13.14	69	116	163	6	0	0	0	0	354	316.08	3.25	1.23	2.34	9.28	4.36	6.01	2.73	22.79	19.98
8/7/2015 3:35:59 PM	0.19	0.11	0.35	0.21	0.00	0.00	0.00	0.26	0.86	100.00	17.87	13.01	98	111	159	6	0	0	0	0	375	316.44	3.27	1.25	2.37	9.54	4.38	6.26	2.75	22.76	19.99
8/7/2015 3:36:02 PM	0.25	0.10	0.34	0.22	0.00	0.00	0.00	0.26	0.91	100.00	18.02	12.97	131	98	153	7	0	0	0	0	389	316.38	3.29	1.27	2.36	9.67	4.40	6.49	2.77	22.70	19.96
8/7/2015 3:36:05 PM	0.27	0.12	0.39	0.20	0.00	0.00	0.00	0.26	0.97	100.00	18.15	12.93	146	117	174	6	0	0	0	0	442	316.42	3.41	1.22	2.50	9.99	4.52	6.80	2.78	22.64	19.95
8/7/2015 3:36:08 PM	0.26	0.10	0.33	0.25	0.00	0.00	0.00	0.26	0.94	100.00	18.30	12.94	140	95	151	7	0	0	0	0	393	316.21	3.39	1.29	2.41	9.92	4.52	6.72	2.79	22.60	19.93
8/7/2015 3:36:11 PM	0.30	0.08	0.32	0.26	0.00	0.00	0.00	0.25	0.96	100.00	18.45	12.90	161	78	142	8	0	0	0	0	389	316.31	3.35	1.26	2.33	9.84	4.49	6.76	2.81	22.55	19.91
8/7/2015 3:36:13 PM	0.36	0.10	0.41	0.21	0.00	0.00	0.00	0.26	1.07	100.00	18.56	13.00	190	104	183	6	0	0	0	0	483	316.11	3.55	1.32	2.58	10.32	4.58	7.32	2.82	22.51	19.89
8/7/2015 3:36:16 PM	0.29	0.09	0.33	0.27	0.00	0.00	0.00	0.26	0.97	100.00	18.76	13.01	152	89	147	8	0	0	0	0	395	316.22	3.45	1.30	2.43	10.05	4.60	6.89	2.84	22.46	19.87
8/7/2015 3:36:19 PM	0.32	0.09	0.42	0.24	0.00	0.00	0.00	0.26	1.08	100.00	18.90	12.93	171	95	189	7	0	0	0	0	462	315.99	3.67	1.34	2.58	10.36	4.66	7.41	2.85	22.41	19.86
8/7/2015 3:36:22 PM	0.35	0.09	0.33	0.29	0.00	0.00	0.00	0.27	1.06	100.00	19.09	12.93	184	86	147	9	0	0	0	0	427	315.97	3.59	1.38	2.56	10.46	4.74	7.34	2.87	22.36	19.83
8/7/2015 3:36:25 PM	0.27	0.11	0.49	0.26	0.00	0.00	0.00	0.25	1.12	100.00	19.29	12.76	145	106	219	8	0	0	0	0	477	315.60	3.90	1.38	2.72	10.45	4.84	7.62	2.89	22.32	19.86
8/7/2015 3:36:27 PM	0.15	0.02	1.27	0.51	0.00	0.00	0.00	0.15	1.95	100.00	19.42	12.78	78	18	573	15	0	0	0	0	684	314.12	6.85	1.87	3.64	12.10	6.50	12.14	2.90	22.28	19.85
8/7/2015 3:36:30 PM	0.25	0.03	0.69	0.50	0.00	0.00	0.00	0.21	1.47	100.00	19.60	12.89	133	29	311	15	0	0	0	0	487	315.09	5.19	1.59	3.00	11.18	5.82	9.61	2.92	22.22	19.80
8/7/2015 3:36:33 PM	0.37	0.06	0.70	0.45	0.00	0.00	0.00	0.21	1.59	100.00	19.76	12.82	198	63	317	13	0	0	0	0	592	311.67	5.18	1.74	3.30	11.54	5.84	9.99	2.94	22.17	19.77
8/7/2015 3:36:36 PM	0.37	0.22	1.01	0.28	0.00	0.00	0.00	0.20	1.87	100.00	19.90	12.79	195	216	453	8	0	0	0	0	872	312.87	5.70	1.86	4.31	12.25	6.33	10.88	2.95	22.14	19.74
8/7/2015 3:36:39 PM	0.05	0.14	1.16	0.35	0.00	0.00	0.00	0.22	1.70	100.00	20.05	12.88	26	138	522	11	0	0	0	0	697	312.57	6.22	1.74	3.81	12.41	6.24	10.94	2.96	22.08	19.72
8/7/2015 3:36:41 PM	0.28	0.21	1.16	0.40	0.00	0.00	0.00	0.19	2.05	100.00	20.20	12.80	150	209	521	12	0	0	0	0	892	312.04	6.53	1.98	4.63	12.86	7.02	11.96	2.98	22.04	19.72
8/7/2015 3:36:44 PM	0.10	0.20	1.23	0.23	0.00	0.00	0.00	0.22	1.76	100.00	20.37	12.82	54	199	555	7	0	0	0	0	815	311.20	6.12	1.93	4.15	12.55	6.04	11.00	3.00	21.98	19.72
8/7/2015 3:36:47 PM	0.15	0.09	0.73	0.34	0.00	0.00	0.00	0.23	1.31	100.00	20.57	12.78	78	95	328	10	0	0	0	0	511	311.14	4.80	1.59	3.03	10.97	5.33	8.76	3.02	21.94	19.68
8/7/2015 3:36:50 PM	0.02	0.17	1.09	0.24	0.00	0.00	0.00	0.22	1.51	100.00	20.74	12.72	9	167	492	7	0	0	0	0	675	310.22	5.60	1.63	3.60	11.64	5.70	9.80	3.03	21.90	19.66
8/7/2015 3:36:52 PM	0.17	0.08	0.51	0.38	0.00	0.00	0.00	0.25	1.14	100.00	20.93	12.80	91	85	231	11	0	0	0	0	417	313.25	4.29	1.54	2.79	10.58	5.16	7.92	3.05	21.85	19.64
8/7/2015 3:36:55 PM	0.05	0.13	0.71	0.33	0.00	0.00	0.00	0.25	1.22	100.00	21.12	12.73	28	129	322	10	0	0	0	0	489	313.79	4.72	1.64	3.12	10.91	5.33	8.36	3.07	21.81	19.62
8/7/2015 3:36:58 PM	0.10	0.10	0.57	0.31	0.00	0.00	0.00	0.27	1.07	100.00	21.28	12.61	51	97	255	9	0	0	0	0	412	314.22	4.25	1.42	2.70	10.70	4.99	7.74	3.08	21.76	19.63
8/7/2015 3:37:01 PM	0.00	0.12	0.65	0.36	0.00	0.00	0.00	0.26	1.12	100.00	21.46	12.46	0	117	293	11	0	0	0	0	420	313.63	4.71	1.52	2.94	10.69	5.28	7.87	3.10	21.72	19.62
8/7/2015 3:37:04 PM	0.00	0.12	0.52	0.34	0.00	0.00	0.00	0.28	0.98	100.00	21.64	12.45	2	118	236	10	0	0	0	0	366	315.84	4.19	1.57	2.78	10.67	4.99	7.36	3.12	21.68	19.59
8/7/2015 3:37:06 PM	0.00	0.10	0.41	0.33	0.00	0.00	0.00	0.29	0.85	100.00	21.82	12.39	0	102	185	10	0	0	0	0	297	315.52	3.86	1.44	2.49	10.22	4.75	6.66	3.14	21.62	19.57
8/7/2015 3:37:09 PM	0.00	0.11	0.38	0.32	0.00	0.00	0.00	0.29	0.82	100.00	21.99	12.34	0	113	173	10	0	0	0	0	295	315.69	3.75	1.45	2.50	10.04	4.68	6.40	3.16	21.58	19.57
8/7/2015 3:37:12 PM	0.00	0.07	0.37	0.43	0.00	0.00	0.00	0.28	0.87	100.00	22.19	12.41	0	71	167	13	0	0	0	0	251	315.90	4.06	1.56	2.48	10.21	4.90	6.80	3.17	21.53	19.54
8/7/2015 3:37:15 PM	0.00	0.07	0.30	0.43	0.00	0.00	0.00	0.29	0.80	100.00	22.36	12.37	0	73	134	13	0	0	0	0	220	316.07	4.01	1.56	2.40	10.11	4.77	6.35	3.19	21.48	19.50
8/7/2015 3:37:18 PM	0.00	0.09	0.36	0.43	0.00	0.00	0.00	0.29	0.87	100.00	22.53	12.42	0	86	161	13	0	0	0	0	259	315.70	4.13	1.59	2.55	10.37	4.92	6.74	3.21	21.43	19.48
8/7/2015 3:37:20 PM	0.00	0.08	0.25	0.44	0.00	0.00	0.00	0.29	0.77	100.00	22.70	12.45	0	83	111	13	0	0	0	0	207	315.97	3.99	1.58	2.42	10.00	4.75	6.06	3.22	21.40	19.49
8/7/2015 3:37:23 PM	0.00	0.10	0.22	0.42	0.00	0.00	0.00	0.29	0.74	100.00	22.89	12.36	0	97	99	13	0	0	0	0	209	315.87	4.02	1.54	2.44	9.75	4.68	5.67	3.24	21.36	19.44
8/7/2015 3:37:26 PM	0.00	0.09	0.05	0.49	0.00	0.00	0.00	0.30	0.63	100.00	23.11	12.20	0	88	24	15	0	0	0	0	127	315.65	3.78	1.58	2.31	9.53	4.64	5.08	3.26	21.31	19.42
8/7/2015 3:37:29 PM	0.00	0.12	0.16	0.42	0.00	0.00	0.00	0.29	0.69	100.00	23.32	12.17	0	117	70	12	0	0	0	0	199	315.60	3.92	1.53	2.45	9.58	4.63	5.23	3.29	21.25	19.38
8/7/2015 3:37:32 PM	0.00	0.09	0.14	0.47	0.00	0.00	0.00	0.29	0.71	100.00	23.51	12.17	0	93	64	14	0	0	0	0	171	315.61	3.97	1.66	2.44	9.60	4.70	5.44	3.30	21.22	19.42
8/7/2015 3:37:34 PM	0.00	0.09	0.00	0.50	0.00	0.00	0.00	0.30	0.59	100.00	23.74	12.17	0	93	0	15	0	0	0	0	108	315.92	3.73	1.59	2.30	9.37	4.63	4.78	3.33	21.17	19.36
8/7/2015 3:37:37 PM	0.00	0.12	0.00	0.45	0.00	0.00	0.00	0.30	0.56	100.00	23.95	12.13	0	117	0	13	0	0	0	0	130	315.76	3.62	1.62	2.29	9.24	4.53	4.45	3.35	21.14	19.33
8/7/2015 3:37:40 PM	0.00	0.12	0.00	0.45	0.00	0.00	0.00	0.30	0.57	100.00	24.18	12.10	0	119	0	14	0	0	0	0	133	316.27	3.79	1.57	2.28	9.22	4.60	4.36	3.37	21.08	19.32
8/7/2015 3:37:43 PM	0.00	0.12	0.00	0.46	0.00	0.00	0.00	0.30	0.58	100.00	24.41	12.03	0	118	0	14	0	0	0	0	132	315.56	3.80	1.61	2.29	9.21	4.59	4.36	3.39	21.04	19.29
8/7/2015 3:37:45 PM	0.00	0.13	0.00	0.39	0.00	0.00	0.00	0.30	0.53	100.00	24.65	11.95	0	133	0	12	0	0	0	0	144	315.71	3.53	1.49	2.19	9.02	4.45	4.07	3.42	21.01	19.31
8/7/2015 3:37:48 PM	0.00	0.14	0.00	0.35	0.00	0.00	0.00	0.30	0.49	100.00	24.90	11.89	0	139	0	11	0	0	0	0	150	315.72	3.30	1.51	2.10	8.85	4.35	3.86	3.44	20.97	19.29
8/7/2015 3:37:51 PM	0.00	0.14	0.00	0.33	0.00	0.00	0.00	0.30	0.47	100.00	25.18	11.81	0	144	0	10	0	0	0	0	154	315.41	3.24	1.35	2.14	8.70	4.24	3.78	3.47	20.93	19.25
8/7/2015 3:37:54 PM	0.00	0.15	0.00	0.32	0.00	0.00	0.00	0.30	0.46	100.00	25.41	11.78	0	147	0	9	0	0	0	0	156	315.40	3.19	1.37	2.09	8.75	4.22	3.73	3.49	20.86	19.23
8/7/2015 3:37:57 PM	0.00	0.16	0.00	0.30	0.00	0.00	0.00	0.29	0.46	100.00	25.66	11.76	0	161	0	9	0	0	0	0	170	315.85	3.00	1.28	2.13	8.53	4.26	3.66	3.51	20.82	19.21
8/7/2015 3:37:59 PM	0.00	0.16	0.00	0.27	0.00	0.00	0.00	0.30	0.43	100.00	25.84	11.78	0	158	0	8	0	0	0	0	166	315.67	2.88	1.30	2.01	8.56	4.15	3.55	3.53	20.79	19.21
8/7/2015 3:38:02 PM	0.00	0.16	0.00	0.26	0.00	0.00	0.00	0.29	0.43	100.00	26.06	11.72	0	162	0	8	0	0	0	0	170	315.76	2.85	1.23	2.05	8.44	4.15	3.52	3.55	20.74	19.18
8/7/2015 3:38:05 PM	0.00	0.14	0.00	0.29	0.00	0.00	0.00	0.29	0.43	100.00	26.24	11.75	0	141	0	9	0	0	0	0	149	315.61	2.91	1.30	1.97	8.38	4.11	3.56	3.57	20.71	19.17
8/7/2015 3:38:08 PM	0.00	0.16	0.00	0.27	0.00	0.00	0.00	0.29	0.43	100.00	26.44	11.78	0	156	0	8	0	0	0	0	164	315.76	2.88	1.32	2.03	8.49	4.12	3.54	3.59	20.66	19.14
8/7/2015 3:38:11 PM	0.00	0.15	0.00	0.25	0.00	0.00	0.00	0.30	0.40	100.00	26.58	11.69	0	150	0	7	0	0	0	0	157	315.90	2.75	1.28	1.94	8.49	4.00	3.50	3.60	20.61	19.14
8/7/2015 3:38:13 PM	0.00	0.16	0.00	0.26	0.00	0.00	0.00	0.29	0.42	100.00	26.67	11.69	0	161	0	8	0	0	0	0	169	315.29	2.86	1.29	2.06	8.44	4.08	3.50	3.61	20.57	19.13
8/7/2015 3:38:16 PM	0.00	0.20	0.00	0.29	0.00	0.00	0.00	0.30	0.49	100.00	26.76	11.81	0	195	0	9	0	0	0	0	204	315.76	3.07	1.29	2.37	8.71	4.38	3.73	3.62	20.53	19.07
8/7/2015 3:38:19 PM	0.00	0.17	0.00	0.22	0.00	0.00	0.00	0.30	0.39	100.00	26.94	11.75	0	166	0	7	0	0	0	0	172	315.89	2.75	1.20	1.98	8.36	3.98	3.33	3.64	20.50	19.07
8/7/2015 3:38:22 PM	0.00	0.16	0.00	0.24	0.00	0.00	0.00	0.30	0.40	100.00	27.07	11.66	0	160	0	7	0	0	0	0	168	315.45	2.74	1.22	1.96	8.46	4.06	3.45	3.65	20.45	19.06
8/7/2015 3:38:25 PM	0.00	0.16	0.00	0.22	0.00	0.00	0.00	0.30	0.38	100.00	27.24	11.63	0	162	0	7	0	0	0	0	169	315.56	2.62	1.22	1.95	8.39	3.97	3.39	3.67	20.41	19.01
8/7/2015 3:38:27 PM	0.00	0.17	0.00	0.20	0.00	0.00	0.00	0.29	0.37	100.00	27.39	11.58	0	166	0	6	0	0	0	0	172	315.42	2.54	1.13	1.96	8.23	3.89	3.32	3.68	20.37	18.98
8/7/2015 3:38:30 PM	0.00	0.16	0.00	0.21	0.00	0.00	0.00	0.30	0.37	100.00	27.54	11.61	0	163	0	6	0	0	0	0	169	315.72	2.59	1.19	1.93	8.44	3.92	3.37	3.70	20.33	18.98
8/7/2015 3:38:33 PM	0.00	0.17	0.00	0.16	0.00	0.00	0.00	0.30	0.33	100.00	27.70	11.61	0	171	0	5	0	0	0	0	176	315.40	2.50	1.09	1.84	8.29	3.80	3.11	3.71	20.29	18.95
8/7/2015 3:38:36 PM	0.00	0.17	0.00	0.17	0.00	0.00	0.00	0.30	0.34	100.00	27.87	11.54	0	167	0	5	0	0	0	0	172	315.35	2.45	1.09	1.84	8.29	3.84	3.19	3.73	20.25	18.92
8/7/2015 3:38:38 PM	0.00	0.17	0.00	0.17	0.00	0.00	0.00	0.30	0.34	100.00	28.02	11.47	0	168	0	5	0	0	0	0	173	315.62	2.37	1.13	1.85	8.27	3.85	3.23	3.75	20.22	18.92
8/7/2015 3:38:41 PM	0.00	0.18	0.00	0.19	0.00	0.00	0.00	0.30	0.37	100.00	28.14	11.55	0	178	0	6	0	0	0	0	184	315.60	2.59	1.05	1.99	8.35	3.93	3.28	3.76	20.17	18.91
