Date/Time	Green Algae	Bluegreen	Diatoms	Cryptophyta	#4	#5	#6	Yellow substances	Total conc.	Transmission	Depth	Temp. Sample	Green Algae	Bluegreen	Diatoms	Cryptophyta	#4	#5	#6	Yellow substances	Total cell count	Trans. 700 nm	LED 3 [525 nm]	LED 4 [570 nm]	LED 5 [610 nm]	LED 6 [370 nm]	LED 7 [590 nm]	LED 8 [470 nm]	Pressure	Temp. LEDs	Temp. Sensor
date	µg/l	µg/l	µg/l	µg/l	µg/l	µg/l	µg/l	µg/l	µg/l	%	m	°C	cells/ml	cells/ml	cells/ml	cells/ml	cells/ml	cells/ml	cells/ml	cells/ml	cells/ml	digits	digits	digits	digits	digits	digits	digits	bar	°C	°C
5/25/2015 12:47:49 PM	2.29	0.00	1.55	0.67	0.00	0.00	0.00	0.00	4.51	100.00	0.37	21.74	1212	0	696	20	0	0	0	0	1929	304.45	9.17	3.09	5.83	16.69	9.75	23.90	1.04	25.76	21.48
5/25/2015 12:47:52 PM	1.73	0.00	2.26	0.03	0.00	0.00	0.00	0.05	4.02	100.00	0.57	21.18	919	0	1015	1	0	0	0	0	1936	291.31	9.51	-0.72	4.03	17.94	9.24	21.86	1.06	25.77	21.52
5/25/2015 12:47:54 PM	1.48	0.45	2.31	0.00	0.00	0.00	0.00	0.00	4.25	100.00	0.68	21.06	787	449	1042	0	0	0	0	0	2277	285.03	9.48	0.76	9.10	15.01	8.94	21.90	1.07	25.78	21.52
5/25/2015 12:47:57 PM	2.92	0.00	2.01	0.00	0.00	0.00	0.00	0.00	4.92	100.00	0.73	21.28	1545	0	904	0	0	0	0	0	2449	296.61	8.56	2.27	5.59	15.77	8.69	28.39	1.07	25.79	21.53
5/25/2015 12:48:00 PM	3.31	0.00	1.24	0.55	0.00	0.00	0.00	0.00	5.11	100.00	0.96	21.18	1754	0	560	17	0	0	0	0	2330	303.36	8.44	3.04	6.88	17.40	9.53	26.88	1.09	25.80	21.55
5/25/2015 12:48:03 PM	2.78	0.00	1.86	0.19	0.00	0.00	0.00	0.00	4.83	100.00	1.07	21.02	1474	0	837	6	0	0	0	0	2317	303.53	8.84	2.72	6.66	16.96	8.14	26.45	1.10	25.81	21.56
5/25/2015 12:48:06 PM	5.36	0.00	0.00	0.49	0.00	0.00	0.00	0.00	5.85	100.00	1.18	21.08	2840	0	0	15	0	0	0	0	2855	303.52	6.29	2.80	5.28	20.20	10.18	27.44	1.12	25.82	21.56
5/25/2015 12:48:08 PM	2.69	0.00	2.62	0.00	0.00	0.00	0.00	0.00	5.31	100.00	1.35	20.82	1424	0	1180	0	0	0	0	0	2605	301.75	10.89	1.71	7.38	20.42	8.38	28.89	1.13	25.82	21.58
5/25/2015 12:48:11 PM	3.39	0.23	1.91	0.00	0.00	0.00	0.00	0.02	5.53	100.00	1.51	20.56	1799	231	859	0	0	0	0	0	2889	303.03	9.60	1.17	8.04	21.96	10.25	26.79	1.15	25.82	21.58
5/25/2015 12:48:14 PM	3.20	0.17	2.24	0.00	0.00	0.00	0.00	0.00	5.61	100.00	1.69	20.46	1696	173	1008	0	0	0	0	0	2876	297.13	10.18	1.21	8.81	20.01	9.65	29.33	1.17	25.83	21.59
5/25/2015 12:48:17 PM	2.67	0.17	2.99	0.00	0.00	0.00	0.00	0.00	5.83	100.00	1.90	20.28	1414	172	1347	0	0	0	0	0	2933	303.88	12.11	2.99	9.46	21.56	9.73	31.52	1.19	25.83	21.59
5/25/2015 12:48:19 PM	3.00	0.00	2.59	0.28	0.00	0.00	0.00	0.00	5.86	100.00	2.03	20.37	1587	0	1167	8	0	0	0	0	2762	301.71	11.78	1.77	6.20	21.39	11.35	32.42	1.20	25.83	21.58
5/25/2015 12:48:22 PM	3.25	0.00	2.70	0.00	0.00	0.00	0.00	0.00	5.95	100.00	2.19	20.28	1724	0	1214	0	0	0	0	0	2938	301.23	11.59	2.07	6.73	23.41	8.37	31.88	1.21	25.84	21.60
5/25/2015 12:48:25 PM	3.48	0.00	2.77	0.44	0.00	0.00	0.00	0.00	6.69	100.00	2.36	20.11	1844	0	1248	13	0	0	0	0	3106	302.71	13.43	1.89	9.05	24.68	12.26	36.08	1.23	25.82	21.61
5/25/2015 12:48:28 PM	2.95	0.00	3.01	0.14	0.00	0.00	0.00	0.00	6.10	100.00	2.53	20.15	1565	0	1356	4	0	0	0	0	2925	300.80	12.84	2.54	7.41	24.34	10.68	32.61	1.25	25.82	21.62
5/25/2015 12:48:31 PM	4.57	0.00	1.64	0.86	0.00	0.00	0.00	0.00	7.07	100.00	2.71	19.84	2422	0	738	26	0	0	0	0	3186	298.45	11.92	2.94	10.28	25.06	12.93	35.97	1.27	25.83	21.63
5/25/2015 12:48:33 PM	3.10	0.23	3.60	0.00	0.00	0.00	0.00	0.00	6.92	100.00	2.88	19.44	1643	226	1619	0	0	0	0	0	3488	300.04	14.61	1.83	10.39	25.93	12.55	37.07	1.28	25.82	21.63
5/25/2015 12:48:36 PM	3.81	0.00	2.55	0.77	0.00	0.00	0.00	0.00	7.12	100.00	3.05	18.99	2017	0	1146	23	0	0	0	0	3186	300.81	13.85	3.77	8.95	26.00	13.46	37.99	1.30	25.81	21.61
5/25/2015 12:48:39 PM	4.03	0.00	1.87	1.02	0.00	0.00	0.00	0.00	6.93	100.00	3.26	18.12	2138	0	844	31	0	0	0	0	3012	300.80	12.92	4.04	10.07	26.38	13.27	34.60	1.32	25.81	21.64
5/25/2015 12:48:42 PM	3.91	0.38	2.26	0.21	0.00	0.00	0.00	0.00	6.76	100.00	3.47	17.18	2073	379	1017	6	0	0	0	0	3475	299.99	11.91	1.99	10.41	25.71	13.14	32.15	1.34	25.80	21.61
5/25/2015 12:48:45 PM	3.99	0.63	1.48	0.34	0.00	0.00	0.00	0.08	6.44	100.00	3.68	16.72	2112	629	667	10	0	0	0	0	3418	299.10	10.31	2.58	11.46	25.01	13.74	29.19	1.36	25.78	21.65
5/25/2015 12:48:47 PM	3.32	0.58	1.50	0.72	0.00	0.00	0.00	0.18	6.12	100.00	3.84	16.37	1757	584	676	22	0	0	0	0	3039	300.29	11.44	2.96	11.39	26.39	14.55	29.26	1.38	25.77	21.64
5/25/2015 12:48:50 PM	3.97	0.71	2.28	0.97	0.00	0.00	0.00	0.13	7.93	100.00	4.04	15.58	2102	710	1027	29	0	0	0	0	3868	299.28	15.30	4.08	14.62	32.06	18.06	37.74	1.40	25.75	21.68
5/25/2015 12:48:53 PM	5.46	0.76	2.31	0.98	0.00	0.00	0.00	0.13	9.51	100.00	4.21	14.88	2893	758	1040	29	0	0	0	0	4720	297.26	16.63	4.34	16.61	37.57	20.09	44.69	1.41	25.73	21.67
5/25/2015 12:48:56 PM	6.04	0.51	3.68	0.83	0.00	0.00	0.00	0.06	11.06	100.00	4.44	14.56	3200	514	1655	25	0	0	0	0	5394	296.49	20.57	4.75	17.31	43.13	20.72	54.05	1.44	25.71	21.67
5/25/2015 12:48:59 PM	5.79	0.33	5.36	0.84	0.00	0.00	0.00	0.00	12.33	100.00	4.60	14.16	3071	329	2414	25	0	0	0	0	5839	294.60	25.57	5.38	18.33	48.20	21.93	62.83	1.45	25.68	21.67
5/25/2015 12:49:01 PM	6.24	0.12	6.31	0.82	0.00	0.00	0.00	0.00	13.49	100.00	4.75	14.13	3308	116	2839	25	0	0	0	0	6286	293.83	28.78	5.30	18.60	53.76	22.86	70.32	1.47	25.67	21.65
5/25/2015 12:49:04 PM	6.24	0.00	7.89	0.98	0.00	0.00	0.00	0.00	15.11	100.00	4.85	13.41	3307	0	3552	29	0	0	0	0	6888	292.45	34.31	6.27	20.75	60.49	25.09	81.31	1.48	25.65	21.67
5/25/2015 12:49:07 PM	6.57	0.09	8.29	0.75	0.00	0.00	0.00	0.00	15.70	100.00	4.99	12.80	3481	93	3731	23	0	0	0	0	7328	292.31	35.25	6.10	21.63	63.03	25.73	83.88	1.49	25.61	21.64
5/25/2015 12:49:10 PM	6.39	0.00	9.31	1.05	0.00	0.00	0.00	0.00	16.74	100.00	5.09	12.42	3385	0	4187	31	0	0	0	0	7603	290.99	39.24	7.90	22.91	67.86	27.43	90.74	1.50	25.58	21.64
5/25/2015 12:49:12 PM	7.77	0.01	9.09	1.33	0.00	0.00	0.00	0.00	18.20	100.00	5.25	11.38	4120	11	4090	40	0	0	0	0	8260	289.79	40.72	6.95	24.60	73.06	30.66	96.74	1.51	25.55	21.65
5/25/2015 12:49:15 PM	8.80	0.25	8.39	1.40	0.00	0.00	0.00	0.03	18.84	100.00	5.37	10.59	4662	253	3776	42	0	0	0	0	8734	288.58	39.76	8.01	26.69	74.89	31.94	97.70	1.53	25.52	21.62
5/25/2015 12:49:18 PM	8.81	0.74	7.52	1.77	0.00	0.00	0.00	0.04	18.84	100.00	5.54	10.36	4668	740	3385	53	0	0	0	0	8846	286.26	38.63	9.22	29.60	73.32	34.48	94.60	1.54	25.47	21.64
5/25/2015 12:49:21 PM	8.21	2.34	7.20	1.89	0.00	0.00	0.00	0.09	19.65	100.00	5.76	9.92	4352	2343	3242	57	0	0	0	0	9995	283.71	39.32	10.04	38.64	73.35	42.87	91.40	1.56	25.44	21.64
5/25/2015 12:49:24 PM	8.70	2.28	6.77	2.03	0.00	0.00	0.00	0.06	19.78	100.00	5.90	9.84	4612	2281	3047	61	0	0	0	0	10001	283.08	38.62	9.77	38.40	72.94	43.16	91.38	1.58	25.40	21.62
5/25/2015 12:49:26 PM	8.32	2.24	6.86	1.92	0.00	0.00	0.00	0.10	19.34	100.00	6.01	10.20	4409	2242	3088	58	0	0	0	0	9796	282.85	38.31	9.77	37.69	72.32	42.11	89.99	1.59	25.35	21.63
5/25/2015 12:49:29 PM	8.50	2.28	6.91	2.06	0.00	0.00	0.00	0.07	19.74	100.00	6.15	10.37	4505	2280	3108	62	0	0	0	0	9955	282.74	39.00	10.18	38.55	73.11	43.07	91.53	1.60	25.32	21.63
5/25/2015 12:49:32 PM	8.29	2.82	6.64	2.02	0.00	0.00	0.00	0.09	19.76	100.00	6.31	9.69	4391	2818	2988	61	0	0	0	0	10258	282.00	38.43	10.43	41.21	72.15	45.21	89.06	1.62	25.26	21.61
5/25/2015 12:49:35 PM	7.54	3.09	5.83	2.25	0.00	0.00	0.00	0.15	18.71	100.00	6.53	9.18	3998	3088	2623	67	0	0	0	0	9776	281.70	36.43	10.57	41.52	68.51	45.62	82.63	1.64	25.22	21.63
5/25/2015 12:49:38 PM	7.51	3.06	5.48	2.35	0.00	0.00	0.00	0.16	18.40	100.00	6.72	9.26	3983	3059	2465	71	0	0	0	0	9577	281.59	35.59	10.43	41.02	67.23	45.39	80.91	1.66	25.18	21.60
5/25/2015 12:49:40 PM	7.45	3.20	4.92	2.29	0.00	0.00	0.00	0.18	17.86	100.00	6.91	9.41	3948	3199	2215	69	0	0	0	0	9431	280.95	33.68	10.43	40.98	64.91	44.84	77.13	1.68	25.11	21.56
5/25/2015 12:49:43 PM	7.60	3.25	5.02	2.27	0.00	0.00	0.00	0.19	18.15	100.00	7.03	9.32	4030	3252	2260	68	0	0	0	0	9611	280.82	34.19	10.42	41.57	66.24	45.47	78.52	1.69	25.07	21.55
5/25/2015 12:49:46 PM	7.47	3.31	5.04	2.10	0.00	0.00	0.00	0.20	17.92	100.00	7.22	9.24	3961	3306	2269	63	0	0	0	0	9599	281.21	33.64	10.19	41.37	65.52	44.89	77.25	1.71	25.01	21.58
5/25/2015 12:49:49 PM	7.31	3.31	4.67	2.18	0.00	0.00	0.00	0.21	17.48	100.00	7.48	9.08	3876	3312	2102	65	0	0	0	0	9356	281.03	32.61	10.23	40.95	63.82	44.50	74.80	1.73	24.96	21.55
5/25/2015 12:49:52 PM	7.50	3.30	4.39	2.21	0.00	0.00	0.00	0.23	17.40	100.00	7.68	8.98	3974	3300	1974	66	0	0	0	0	9314	280.75	31.95	10.37	40.83	63.67	44.23	74.22	1.75	24.91	21.56
5/25/2015 12:49:54 PM	7.98	3.37	4.38	2.20	0.00	0.00	0.00	0.23	17.93	100.00	7.85	9.07	4232	3367	1970	66	0	0	0	0	9634	281.19	32.33	10.53	41.76	65.44	45.06	76.35	1.77	24.85	21.55
5/25/2015 12:49:57 PM	8.08	3.40	4.46	2.20	0.00	0.00	0.00	0.24	18.14	100.00	8.02	9.12	4282	3396	2009	66	0	0	0	0	9753	281.34	32.78	10.42	42.11	66.46	45.57	77.42	1.79	24.78	21.49
5/25/2015 12:50:00 PM	8.00	3.35	4.20	2.20	0.00	0.00	0.00	0.24	17.75	100.00	8.24	8.98	4241	3354	1888	66	0	0	0	0	9549	281.07	31.80	10.35	41.43	65.03	44.81	75.48	1.81	24.72	21.47
5/25/2015 12:50:03 PM	7.94	3.32	4.21	2.25	0.00	0.00	0.00	0.24	17.73	100.00	8.42	9.01	4210	3316	1896	68	0	0	0	0	9489	281.81	31.96	10.25	41.22	65.01	44.86	75.56	1.83	24.65	21.49
5/25/2015 12:50:05 PM	8.00	3.25	3.88	2.36	0.00	0.00	0.00	0.25	17.50	100.00	8.68	9.00	4239	3254	1748	71	0	0	0	0	9312	281.33	31.26	10.16	40.67	64.19	44.60	74.42	1.85	24.61	21.45
5/25/2015 12:50:08 PM	8.01	3.32	4.08	2.26	0.00	0.00	0.00	0.24	17.68	100.00	8.90	9.02	4247	3324	1836	68	0	0	0	0	9475	281.26	31.60	10.35	41.22	64.68	44.74	75.11	1.87	24.53	21.42
5/25/2015 12:50:11 PM	8.08	3.36	4.03	2.23	0.00	0.00	0.00	0.24	17.71	100.00	9.09	9.05	4284	3360	1813	67	0	0	0	0	9525	281.17	31.41	10.32	41.38	64.55	44.81	74.93	1.89	24.45	21.39
5/25/2015 12:50:14 PM	8.14	3.45	4.28	2.18	0.00	0.00	0.00	0.25	18.04	100.00	9.19	9.02	4313	3451	1925	65	0	0	0	0	9754	281.29	32.19	10.51	42.25	65.98	45.46	76.50	1.90	24.40	21.40
5/25/2015 12:50:17 PM	8.57	3.51	4.25	2.21	0.00	0.00	0.00	0.25	18.54	100.00	9.29	9.01	4542	3511	1914	66	0	0	0	0	10033	281.30	32.62	10.77	43.18	67.73	46.31	78.55	1.91	24.33	21.37
