Date/Time	Green Algae	Bluegreen	Diatoms	Cryptophyta	#4	#5	#6	Yellow substances	Total conc.	Transmission	Depth	Temp. Sample	Green Algae	Bluegreen	Diatoms	Cryptophyta	#4	#5	#6	Yellow substances	Total cell count	Trans. 700 nm	LED 3 [525 nm]	LED 4 [570 nm]	LED 5 [610 nm]	LED 6 [370 nm]	LED 7 [590 nm]	LED 8 [470 nm]	Pressure	Temp. LEDs	Temp. Sensor
date	µg/l	µg/l	µg/l	µg/l	µg/l	µg/l	µg/l	µg/l	µg/l	%	m	°C	cells/ml	cells/ml	cells/ml	cells/ml	cells/ml	cells/ml	cells/ml	cells/ml	cells/ml	digits	digits	digits	digits	digits	digits	digits	bar	°C	°C
6/26/2015 12:47:40 PM	0.00	0.00	0.40	0.53	0.00	0.00	0.00	0.00	0.93	100.00	0.40	27.83	0	0	178	16	0	0	0	0	194	304.48	4.20	4.17	2.00	3.09	3.40	5.30	1.04	22.13	18.46
6/26/2015 12:47:43 PM	0.34	0.00	0.00	0.00	0.00	0.00	0.00	0.03	0.34	100.00	0.45	27.79	181	0	0	0	0	0	0	0	181	302.72	-5.83	-0.85	-2.91	3.16	5.97	2.20	1.04	22.18	18.51
6/26/2015 12:47:45 PM	0.09	0.00	0.00	0.00	0.00	0.00	0.00	0.00	0.09	100.00	0.63	27.77	47	0	0	0	0	0	0	0	47	288.04	-3.78	-0.53	-1.16	-0.90	-3.11	3.88	1.06	22.22	18.51
6/26/2015 12:47:48 PM	0.00	0.01	0.76	0.00	0.00	0.00	0.00	0.00	0.77	100.00	0.77	27.77	0	10	341	0	0	0	0	0	351	301.64	6.00	-2.42	1.68	-0.57	3.98	5.93	1.08	22.27	18.52
6/26/2015 12:47:51 PM	1.14	0.43	0.14	0.00	0.00	0.00	0.00	0.04	1.71	100.00	0.85	27.77	606	427	64	0	0	0	0	0	1097	302.35	2.59	-3.14	3.51	6.75	7.65	6.04	1.08	22.31	18.55
6/26/2015 12:47:54 PM	0.00	0.29	0.57	0.00	0.00	0.00	0.00	0.02	0.86	100.00	0.99	27.81	0	285	257	0	0	0	0	0	542	304.00	5.31	-2.44	2.78	4.33	4.67	1.92	1.10	22.36	18.55
6/26/2015 12:47:57 PM	0.60	0.38	0.00	0.00	0.00	0.00	0.00	0.02	0.98	100.00	1.15	27.81	319	376	0	0	0	0	0	0	695	301.15	0.18	3.97	3.67	3.91	3.86	2.74	1.11	22.42	18.57
6/26/2015 12:47:59 PM	0.68	0.00	0.04	0.00	0.00	0.00	0.00	0.00	0.72	100.00	1.34	27.76	358	0	19	0	0	0	0	0	378	292.40	0.99	-0.37	0.42	2.56	-0.30	4.42	1.13	22.46	18.60
6/26/2015 12:48:02 PM	1.10	0.15	0.00	0.00	0.00	0.00	0.00	0.00	1.25	100.00	1.51	27.84	583	145	0	0	0	0	0	0	729	301.99	1.07	-0.99	3.36	3.65	3.48	5.47	1.15	22.52	18.61
6/26/2015 12:48:05 PM	0.00	0.00	0.44	0.36	0.00	0.00	0.00	0.00	0.80	100.00	1.67	27.83	0	0	197	11	0	0	0	0	208	300.14	3.17	2.21	1.75	2.99	3.60	4.67	1.16	22.55	18.63
6/26/2015 12:48:08 PM	0.39	0.00	0.72	0.00	0.00	0.00	0.00	0.01	1.12	100.00	1.83	27.87	209	0	325	0	0	0	0	0	534	301.31	3.29	-2.47	0.70	5.25	2.95	6.60	1.18	22.61	18.63
6/26/2015 12:48:10 PM	0.98	0.19	0.00	0.43	0.00	0.00	0.00	0.05	1.60	100.00	1.97	27.83	521	191	0	13	0	0	0	0	726	297.86	2.35	1.27	3.09	6.95	6.69	6.71	1.19	22.66	18.68
6/26/2015 12:48:13 PM	0.22	0.09	0.76	0.00	0.00	0.00	0.00	0.00	1.06	100.00	2.09	27.76	115	87	342	0	0	0	0	0	544	298.21	2.93	1.24	3.42	3.65	2.58	6.26	1.21	22.71	18.67
6/26/2015 12:48:16 PM	0.00	0.00	0.10	0.43	0.00	0.00	0.00	0.00	0.53	100.00	2.22	27.80	0	0	46	13	0	0	0	0	59	302.88	3.52	1.65	1.71	2.25	3.29	1.94	1.22	22.76	18.70
6/26/2015 12:48:19 PM	0.00	0.00	1.00	0.00	0.00	0.00	0.00	0.00	1.00	100.00	2.34	27.83	0	0	448	0	0	0	0	0	448	302.93	5.33	-1.41	-2.58	2.30	2.22	8.32	1.23	22.80	18.69
6/26/2015 12:48:22 PM	0.26	0.14	0.85	0.00	0.00	0.00	0.00	0.00	1.25	100.00	2.48	27.79	139	139	383	0	0	0	0	0	661	302.26	3.32	2.75	3.66	5.46	2.83	6.18	1.24	22.86	18.76
6/26/2015 12:48:24 PM	0.28	0.30	0.47	0.00	0.00	0.00	0.00	0.00	1.05	100.00	2.65	27.80	147	304	211	0	0	0	0	0	662	298.67	2.37	1.04	3.49	4.00	4.27	3.93	1.26	22.91	18.76
6/26/2015 12:48:27 PM	0.76	0.00	0.00	0.47	0.00	0.00	0.00	0.00	1.22	100.00	2.81	27.81	401	0	0	14	0	0	0	0	415	298.90	2.45	2.44	1.20	3.39	4.37	6.88	1.28	22.96	18.77
6/26/2015 12:48:30 PM	0.68	0.06	0.32	0.00	0.00	0.00	0.00	0.00	1.06	100.00	2.96	27.83	360	58	145	0	0	0	0	0	564	298.83	1.67	1.64	2.86	2.67	2.65	6.13	1.29	23.01	18.81
6/26/2015 12:48:33 PM	0.03	0.00	0.89	0.00	0.00	0.00	0.00	0.00	0.92	100.00	3.10	27.83	14	0	401	0	0	0	0	0	415	299.50	2.98	1.37	1.15	2.97	2.05	7.00	1.30	23.05	18.80
6/26/2015 12:48:36 PM	0.50	0.00	0.26	0.15	0.00	0.00	0.00	0.00	0.90	100.00	3.25	27.83	263	0	117	4	0	0	0	0	384	297.87	1.87	2.36	1.92	3.77	2.73	4.48	1.32	23.10	18.81
6/26/2015 12:48:38 PM	0.90	0.00	0.54	0.00	0.00	0.00	0.00	0.00	1.45	100.00	3.39	27.80	479	0	244	0	0	0	0	0	723	300.77	2.70	1.13	1.34	5.91	2.84	7.70	1.33	23.16	18.86
6/26/2015 12:48:41 PM	0.70	0.00	0.48	0.00	0.00	0.00	0.00	0.00	1.18	100.00	3.51	27.79	369	0	218	0	0	0	0	0	587	300.91	2.28	1.30	2.82	4.02	2.16	6.75	1.34	23.21	18.85
6/26/2015 12:48:44 PM	0.84	0.11	0.38	0.00	0.00	0.00	0.00	0.00	1.33	100.00	3.63	27.74	447	107	173	0	0	0	0	0	727	300.18	2.20	1.08	2.87	4.51	3.75	6.53	1.36	23.26	18.86
6/26/2015 12:48:47 PM	0.32	0.23	0.80	0.00	0.00	0.00	0.00	0.00	1.35	100.00	3.73	27.73	171	228	362	0	0	0	0	0	760	299.84	3.33	0.81	3.60	4.60	4.62	6.85	1.37	23.28	18.89
6/26/2015 12:48:50 PM	1.06	0.27	0.00	0.27	0.00	0.00	0.00	0.00	1.60	100.00	3.89	27.75	560	267	0	8	0	0	0	0	836	300.93	1.60	-0.58	3.24	4.05	7.21	7.06	1.38	23.34	18.89
6/26/2015 12:48:52 PM	0.67	0.00	0.79	0.00	0.00	0.00	0.00	0.00	1.46	100.00	3.99	27.75	357	0	356	0	0	0	0	0	713	300.11	3.32	1.65	1.56	6.44	3.52	7.82	1.39	23.39	18.94
6/26/2015 12:48:55 PM	1.56	0.00	0.00	0.00	0.00	0.00	0.00	0.03	1.56	100.00	4.11	27.71	827	0	0	0	0	0	0	0	827	297.38	1.37	1.93	-1.49	6.42	3.42	8.26	1.40	23.43	18.96
6/26/2015 12:48:58 PM	1.26	0.14	0.00	0.00	0.00	0.00	0.00	0.00	1.40	100.00	4.27	27.62	670	135	0	0	0	0	0	0	805	297.90	0.28	0.83	2.46	3.91	4.70	6.50	1.42	23.49	19.00
6/26/2015 12:49:01 PM	1.34	0.00	0.28	0.13	0.00	0.00	0.00	0.00	1.76	100.00	4.42	27.40	712	0	127	4	0	0	0	0	843	299.94	2.60	1.07	2.31	6.34	4.44	8.69	1.43	23.53	18.98
6/26/2015 12:49:03 PM	1.50	0.00	0.19	0.35	0.00	0.00	0.00	0.00	2.04	100.00	4.57	26.75	797	0	84	11	0	0	0	0	892	299.19	3.10	0.83	2.41	6.57	5.81	10.52	1.45	23.57	19.01
6/26/2015 12:49:06 PM	0.95	0.00	0.60	0.21	0.00	0.00	0.00	0.03	1.77	100.00	4.71	25.79	506	0	272	6	0	0	0	0	785	297.97	3.80	1.25	1.87	8.08	5.24	9.17	1.46	23.62	19.01
6/26/2015 12:49:09 PM	0.82	0.00	1.18	0.02	0.00	0.00	0.00	0.00	2.02	100.00	4.86	24.31	434	0	531	1	0	0	0	0	966	299.93	4.81	1.71	2.84	8.73	4.55	10.79	1.48	23.66	19.03
6/26/2015 12:49:12 PM	1.43	0.02	0.53	0.00	0.00	0.00	0.00	0.01	1.99	100.00	4.98	23.17	760	23	239	0	0	0	0	0	1022	298.75	3.23	1.20	3.18	8.41	3.99	9.46	1.49	23.70	19.09
6/26/2015 12:49:15 PM	1.78	0.00	0.48	0.00	0.00	0.00	0.00	0.04	2.26	100.00	5.11	22.21	944	0	216	0	0	0	0	0	1160	298.47	3.32	1.73	2.89	9.92	4.17	11.13	1.50	23.74	19.11
6/26/2015 12:49:17 PM	1.60	0.00	0.66	0.00	0.00	0.00	0.00	0.05	2.26	100.00	5.27	21.00	848	0	295	0	0	0	0	0	1143	299.12	3.95	-0.15	2.58	10.13	3.86	11.80	1.52	23.77	19.13
6/26/2015 12:49:20 PM	2.58	0.11	0.23	0.04	0.00	0.00	0.00	0.06	2.97	100.00	5.41	19.64	1368	109	105	1	0	0	0	0	1583	299.29	3.42	2.33	4.67	12.38	5.35	13.51	1.53	23.81	19.16
6/26/2015 12:49:23 PM	2.43	0.11	0.37	0.00	0.00	0.00	0.00	0.10	2.91	100.00	5.52	18.68	1288	112	166	0	0	0	0	0	1566	298.01	3.88	1.10	5.02	13.17	5.01	13.82	1.54	23.83	19.14
6/26/2015 12:49:26 PM	2.97	0.00	0.78	0.02	0.00	0.00	0.00	0.03	3.77	100.00	5.67	17.87	1575	0	352	1	0	0	0	0	1928	297.48	5.34	1.44	4.68	15.42	6.55	18.21	1.56	23.86	19.16
6/26/2015 12:49:29 PM	2.85	0.00	0.74	0.16	0.00	0.00	0.00	0.07	3.76	100.00	5.78	17.21	1513	0	332	5	0	0	0	0	1850	297.95	5.71	1.70	4.93	16.19	6.94	18.52	1.57	23.89	19.17
6/26/2015 12:49:31 PM	3.00	0.00	0.78	0.08	0.00	0.00	0.00	0.11	3.87	100.00	5.90	17.16	1589	0	353	2	0	0	0	0	1945	297.33	5.83	1.34	4.30	17.50	7.29	19.57	1.58	23.91	19.19
6/26/2015 12:49:34 PM	4.13	0.00	0.53	0.00	0.00	0.00	0.00	0.06	4.66	100.00	6.01	17.23	2187	0	238	0	0	0	0	0	2425	297.00	5.38	1.81	5.47	18.85	7.10	22.15	1.59	23.93	19.24
6/26/2015 12:49:37 PM	4.69	0.00	0.70	0.11	0.00	0.00	0.00	0.05	5.50	100.00	6.11	17.15	2485	0	317	3	0	0	0	0	2806	294.90	6.70	2.46	6.45	21.82	8.58	26.22	1.60	23.95	19.26
6/26/2015 12:49:40 PM	4.95	0.00	0.91	0.00	0.00	0.00	0.00	0.12	5.85	100.00	6.21	16.76	2622	0	408	0	0	0	0	0	3029	294.24	7.38	2.53	6.36	24.66	8.53	28.94	1.61	23.97	19.24
6/26/2015 12:49:43 PM	6.64	0.00	0.54	0.07	0.00	0.00	0.00	0.02	7.25	100.00	6.36	16.38	3521	0	242	2	0	0	0	0	3766	295.74	7.52	1.68	8.13	27.15	10.76	33.44	1.62	23.98	19.28
6/26/2015 12:49:45 PM	6.87	0.00	0.82	0.33	0.00	0.00	0.00	0.07	8.02	100.00	6.51	15.56	3640	0	371	10	0	0	0	0	4021	294.15	9.60	2.68	9.10	31.11	12.56	38.07	1.64	24.01	19.36
6/26/2015 12:49:48 PM	7.20	0.00	1.37	0.14	0.00	0.00	0.00	0.03	8.71	100.00	6.68	15.22	3817	0	618	4	0	0	0	0	4439	294.43	10.87	3.10	10.37	33.18	12.46	41.44	1.65	24.03	19.32
6/26/2015 12:49:51 PM	7.01	0.00	1.66	0.07	0.00	0.00	0.00	0.08	8.73	100.00	6.83	14.89	3713	0	745	2	0	0	0	0	4460	292.38	11.63	2.51	9.91	34.76	12.90	42.54	1.67	24.03	19.35
6/26/2015 12:49:54 PM	7.67	0.00	1.47	0.09	0.00	0.00	0.00	0.05	9.24	100.00	6.97	14.81	4067	0	662	3	0	0	0	0	4732	292.35	11.45	3.16	10.32	35.60	13.23	44.30	1.68	24.04	19.38
6/26/2015 12:49:56 PM	7.08	0.00	1.63	0.15	0.00	0.00	0.00	0.07	8.86	100.00	7.13	14.68	3754	0	735	4	0	0	0	0	4493	293.46	11.74	3.68	10.38	34.86	12.74	43.06	1.70	24.05	19.34
6/26/2015 12:49:59 PM	7.07	0.00	1.57	0.15	0.00	0.00	0.00	0.07	8.79	100.00	7.29	14.95	3749	0	706	5	0	0	0	0	4459	293.55	11.53	3.47	9.96	34.48	12.87	42.67	1.71	24.04	19.39
6/26/2015 12:50:02 PM	6.38	0.00	1.45	0.31	0.00	0.00	0.00	0.09	8.15	100.00	7.43	15.24	3384	0	654	9	0	0	0	0	4047	294.63	11.27	3.36	9.87	32.59	12.51	39.76	1.73	24.05	19.37
6/26/2015 12:50:05 PM	6.04	0.00	1.64	0.12	0.00	0.00	0.00	0.12	7.80	100.00	7.57	15.17	3203	0	737	4	0	0	0	0	3943	293.73	11.07	3.13	9.13	32.35	11.70	38.78	1.74	24.03	19.39
6/26/2015 12:50:08 PM	5.77	0.00	1.24	0.31	0.00	0.00	0.00	0.15	7.32	100.00	7.77	14.19	3059	0	557	9	0	0	0	0	3625	295.20	10.35	2.75	9.09	30.92	11.67	36.25	1.76	24.06	19.40
6/26/2015 12:50:10 PM	4.43	0.00	1.62	0.25	0.00	0.00	0.00	0.15	6.30	100.00	7.92	14.00	2350	0	728	8	0	0	0	0	3086	295.57	10.35	2.51	7.60	27.66	10.74	32.32	1.78	24.03	19.39
6/26/2015 12:50:13 PM	4.15	0.00	1.49	0.35	0.00	0.00	0.00	0.15	6.00	100.00	8.05	14.02	2202	0	672	11	0	0	0	0	2885	295.56	10.04	3.11	7.68	26.59	10.29	30.83	1.79	24.02	19.44
6/26/2015 12:50:16 PM	4.11	0.00	1.62	0.23	0.00	0.00	0.00	0.14	5.96	100.00	8.18	14.28	2180	0	729	7	0	0	0	0	2916	296.90	10.00	2.51	7.43	26.33	10.11	30.64	1.80	24.01	19.44
6/26/2015 12:50:19 PM	3.83	0.03	1.62	0.26	0.00	0.00	0.00	0.18	5.73	100.00	8.32	14.19	2027	35	728	8	0	0	0	0	2798	296.57	10.02	2.69	7.84	26.21	9.89	29.74	1.82	24.01	19.43
6/26/2015 12:50:22 PM	3.30	0.00	1.32	0.51	0.00	0.00	0.00	0.21	5.13	100.00	8.47	14.22	1747	0	594	15	0	0	0	0	2357	297.04	9.54	2.81	7.06	24.54	9.85	27.16	1.83	23.98	19.44
6/26/2015 12:50:24 PM	3.06	0.00	1.41	0.35	0.00	0.00	0.00	0.21	4.82	100.00	8.58	14.16	1622	0	636	10	0	0	0	0	2268	297.29	9.07	3.03	6.34	23.51	8.95	25.93	1.84	23.98	19.46
6/26/2015 12:50:27 PM	2.80	0.04	1.54	0.31	0.00	0.00	0.00	0.18	4.69	100.00	8.70	14.45	1486	44	692	9	0	0	0	0	2231	297.79	9.17	2.61	6.80	22.62	8.88	24.98	1.85	23.95	19.43
6/26/2015 12:50:30 PM	2.38	0.00	1.32	0.51	0.00	0.00	0.00	0.22	4.21	100.00	8.82	14.25	1259	0	596	15	0	0	0	0	1870	297.87	8.90	2.73	6.03	21.70	8.84	23.22	1.86	23.94	19.45
6/26/2015 12:50:33 PM	2.23	0.00	1.28	0.43	0.00	0.00	0.00	0.25	3.94	100.00	8.92	13.82	1183	0	574	13	0	0	0	0	1770	297.89	8.43	2.80	5.80	21.23	8.13	22.12	1.87	23.91	19.43
6/26/2015 12:50:36 PM	2.04	0.00	1.37	0.37	0.00	0.00	0.00	0.23	3.79	100.00	9.00	13.78	1082	0	618	11	0	0	0	0	1711	298.19	8.37	2.66	5.68	20.49	7.79	21.38	1.88	23.90	19.47
6/26/2015 12:50:38 PM	1.91	0.00	1.45	0.46	0.00	0.00	0.00	0.23	3.82	100.00	9.10	13.51	1010	0	652	14	0	0	0	0	1676	297.99	8.81	2.52	5.66	20.52	8.31	21.63	1.89	23.87	19.44
6/26/2015 12:50:41 PM	1.94	0.00	1.29	0.46	0.00	0.00	0.00	0.23	3.70	100.00	9.21	13.29	1030	0	580	14	0	0	0	0	1625	298.40	8.31	2.53	5.29	20.01	8.18	20.92	1.90	23.84	19.44
6/26/2015 12:50:44 PM	1.95	0.00	1.42	0.35	0.00	0.00	0.00	0.23	3.72	100.00	9.30	13.59	1032	0	640	11	0	0	0	0	1682	297.97	8.40	2.40	5.50	20.25	7.80	21.12	1.91	23.81	19.45
6/26/2015 12:50:47 PM	1.87	0.06	1.50	0.35	0.00	0.00	0.00	0.20	3.78	100.00	9.41	13.97	990	62	677	10	0	0	0	0	1740	298.37	8.56	2.37	5.88	19.71	8.18	20.95	1.92	23.78	19.45
6/26/2015 12:50:49 PM	1.49	0.08	1.63	0.19	0.00	0.00	0.00	0.23	3.39	100.00	9.53	13.93	789	81	731	6	0	0	0	0	1608	298.23	8.26	2.14	5.40	18.99	7.42	19.46	1.93	23.75	19.45
6/26/2015 12:50:52 PM	1.53	0.06	1.53	0.21	0.00	0.00	0.00	0.21	3.32	100.00	9.66	13.70	811	59	687	6	0	0	0	0	1564	298.59	7.94	2.02	5.17	18.36	7.28	18.96	1.95	23.73	19.44
6/26/2015 12:50:55 PM	1.32	0.05	1.57	0.18	0.00	0.00	0.00	0.22	3.12	100.00	9.76	13.58	699	53	707	5	0	0	0	0	1465	299.11	7.84	2.24	4.99	17.98	6.81	18.26	1.96	23.69	19.43
6/26/2015 12:50:58 PM	1.56	0.00	1.29	0.40	0.00	0.00	0.00	0.22	3.24	100.00	9.86	13.57	825	0	578	12	0	0	0	0	1416	298.96	7.79	2.16	4.90	18.23	7.48	18.69	1.97	23.66	19.42
6/26/2015 12:51:01 PM	1.47	0.00	1.29	0.48	0.00	0.00	0.00	0.23	3.24	100.00	9.99	13.46	779	0	581	14	0	0	0	0	1374	298.41	7.98	2.55	4.91	18.35	7.62	18.83	1.98	23.62	19.46
6/26/2015 12:51:03 PM	1.44	0.00	1.48	0.36	0.00	0.00	0.00	0.23	3.29	100.00	10.11	13.18	765	0	666	11	0	0	0	0	1443	298.45	8.27	2.09	4.96	18.83	7.55	19.30	1.99	23.59	19.42
6/26/2015 12:51:06 PM	1.42	0.04	1.63	0.28	0.00	0.00	0.00	0.21	3.36	100.00	10.26	13.08	752	40	732	8	0	0	0	0	1532	298.69	8.42	2.08	5.21	18.72	7.55	19.45	2.01	23.55	19.42
6/26/2015 12:51:09 PM	1.14	0.07	1.52	0.26	0.00	0.00	0.00	0.25	2.98	100.00	10.42	12.95	602	70	684	8	0	0	0	0	1364	298.97	7.91	2.07	4.94	17.96	7.12	17.76	2.02	23.51	19.41
6/26/2015 12:51:12 PM	1.01	0.00	1.32	0.35	0.00	0.00	0.00	0.26	2.68	100.00	10.59	12.78	536	0	595	10	0	0	0	0	1141	298.92	7.42	2.25	4.28	17.22	6.61	16.61	2.04	23.47	19.41
6/26/2015 12:51:15 PM	1.13	0.02	1.13	0.33	0.00	0.00	0.00	0.28	2.61	100.00	10.72	12.96	600	22	507	10	0	0	0	0	1139	298.75	6.88	2.11	4.31	17.04	6.49	15.98	2.05	23.44	19.42
6/26/2015 12:51:17 PM	1.05	0.02	1.48	0.30	0.00	0.00	0.00	0.24	2.86	100.00	10.91	12.99	558	25	666	9	0	0	0	0	1258	299.10	7.79	2.18	4.64	17.48	6.84	17.31	2.07	23.38	19.42
6/26/2015 12:51:20 PM	1.16	0.11	1.44	0.26	0.00	0.00	0.00	0.26	2.97	100.00	11.09	12.75	616	111	649	8	0	0	0	0	1385	298.59	7.74	2.12	5.13	17.95	7.24	17.50	2.09	23.35	19.36
6/26/2015 12:51:23 PM	1.07	0.13	1.35	0.27	0.00	0.00	0.00	0.28	2.81	100.00	11.20	12.68	567	131	606	8	0	0	0	0	1312	298.61	7.49	2.02	5.02	17.77	7.20	16.77	2.10	23.31	19.40
6/26/2015 12:51:26 PM	0.94	0.08	1.39	0.28	0.00	0.00	0.00	0.27	2.68	100.00	11.33	12.65	496	78	624	8	0	0	0	0	1207	298.74	7.46	2.09	4.66	17.19	6.81	16.36	2.11	23.27	19.38
6/26/2015 12:51:29 PM	1.00	0.07	1.42	0.20	0.00	0.00	0.00	0.26	2.71	100.00	11.45	12.62	532	74	641	6	0	0	0	0	1253	298.54	7.36	1.85	4.53	17.14	6.68	16.42	2.12	23.22	19.34
6/26/2015 12:51:31 PM	1.06	0.03	1.22	0.38	0.00	0.00	0.00	0.27	2.69	100.00	11.56	12.69	561	32	548	12	0	0	0	0	1152	299.04	7.33	2.02	4.47	17.28	6.97	16.44	2.13	23.17	19.35
6/26/2015 12:51:34 PM	0.94	0.05	1.31	0.38	0.00	0.00	0.00	0.29	2.68	100.00	11.68	12.85	498	52	588	11	0	0	0	0	1149	298.36	7.61	2.01	4.58	17.72	7.11	16.63	2.14	23.12	19.35
6/26/2015 12:51:37 PM	0.98	0.07	1.39	0.35	0.00	0.00	0.00	0.26	2.79	100.00	11.79	12.98	519	69	626	10	0	0	0	0	1224	298.44	7.72	2.11	4.79	17.51	7.15	16.88	2.16	23.08	19.32
6/26/2015 12:51:40 PM	1.05	0.01	1.25	0.38	0.00	0.00	0.00	0.26	2.70	100.00	11.91	12.89	558	13	563	12	0	0	0	0	1146	298.39	7.39	2.11	4.43	17.19	6.85	16.54	2.17	23.04	19.32
6/26/2015 12:51:42 PM	1.00	0.10	1.27	0.21	0.00	0.00	0.00	0.26	2.59	100.00	12.05	12.81	531	98	572	6	0	0	0	0	1207	298.29	6.91	1.83	4.49	16.46	6.61	15.52	2.18	22.99	19.31
6/26/2015 12:51:45 PM	0.85	0.05	1.26	0.25	0.00	0.00	0.00	0.27	2.41	100.00	12.18	12.65	449	55	565	7	0	0	0	0	1076	298.17	6.85	1.90	4.14	16.20	6.29	15.02	2.19	22.94	19.30
6/26/2015 12:51:48 PM	0.76	0.04	1.14	0.38	0.00	0.00	0.00	0.27	2.32	100.00	12.33	12.60	404	38	514	11	0	0	0	0	968	298.21	6.83	2.05	4.11	15.81	6.47	14.60	2.21	22.91	19.28
6/26/2015 12:51:51 PM	0.70	0.05	1.21	0.30	0.00	0.00	0.00	0.28	2.26	100.00	12.43	12.64	369	49	544	9	0	0	0	0	971	298.10	6.80	2.04	4.05	16.00	6.21	14.49	2.22	22.84	19.28
6/26/2015 12:51:54 PM	0.79	0.08	1.12	0.27	0.00	0.00	0.00	0.28	2.27	100.00	12.54	12.84	418	83	506	8	0	0	0	0	1015	298.26	6.52	1.86	4.12	15.86	6.29	14.22	2.23	22.80	19.26
6/26/2015 12:51:56 PM	0.76	0.09	1.20	0.19	0.00	0.00	0.00	0.26	2.24	100.00	12.70	12.76	405	89	539	6	0	0	0	0	1039	298.63	6.39	1.70	4.00	15.28	6.07	13.89	2.24	22.74	19.27
6/26/2015 12:51:59 PM	0.73	0.06	1.16	0.26	0.00	0.00	0.00	0.29	2.21	100.00	12.84	12.69	386	61	523	8	0	0	0	0	978	298.48	6.55	1.82	3.94	15.82	6.12	14.14	2.26	22.70	19.25
6/26/2015 12:52:02 PM	0.82	0.08	1.19	0.24	0.00	0.00	0.00	0.29	2.34	100.00	12.99	12.61	434	84	537	7	0	0	0	0	1062	298.34	6.68	1.87	4.19	16.22	6.31	14.64	2.27	22.66	19.23
6/26/2015 12:52:05 PM	0.90	0.04	1.19	0.33	0.00	0.00	0.00	0.28	2.45	100.00	13.10	12.55	476	42	534	10	0	0	0	0	1062	298.30	6.94	1.95	4.20	16.50	6.53	15.30	2.28	22.60	19.24
6/26/2015 12:52:08 PM	0.85	0.04	1.32	0.32	0.00	0.00	0.00	0.27	2.54	100.00	13.25	12.43	451	43	596	10	0	0	0	0	1100	298.01	7.31	1.99	4.33	16.78	6.66	15.82	2.30	22.56	19.20
6/26/2015 12:52:10 PM	0.94	0.03	1.27	0.36	0.00	0.00	0.00	0.26	2.60	100.00	13.38	12.54	500	31	571	11	0	0	0	0	1113	298.19	7.28	2.02	4.36	16.74	6.77	15.99	2.31	22.51	19.19
6/26/2015 12:52:13 PM	1.07	0.04	1.42	0.36	0.00	0.00	0.00	0.25	2.89	100.00	13.50	12.37	568	42	638	11	0	0	0	0	1259	298.20	7.88	2.10	4.78	17.76	7.22	17.44	2.32	22.45	19.16
6/26/2015 12:52:16 PM	1.24	0.04	1.41	0.45	0.00	0.00	0.00	0.25	3.14	100.00	13.65	12.21	658	41	636	13	0	0	0	0	1348	297.65	8.25	2.33	5.18	18.54	7.71	18.56	2.34	22.42	19.17
6/26/2015 12:52:19 PM	1.31	0.06	1.30	0.44	0.00	0.00	0.00	0.26	3.11	100.00	13.81	12.20	692	64	585	13	0	0	0	0	1354	297.96	7.97	2.27	5.22	18.46	7.74	18.22	2.35	22.35	19.13
6/26/2015 12:52:21 PM	1.12	0.06	1.39	0.39	0.00	0.00	0.00	0.27	2.97	100.00	13.97	12.25	596	58	626	12	0	0	0	0	1292	298.14	7.98	2.18	4.99	18.20	7.46	17.78	2.37	22.32	19.13
6/26/2015 12:52:24 PM	1.07	0.02	1.35	0.42	0.00	0.00	0.00	0.28	2.86	100.00	14.11	12.15	567	20	608	13	0	0	0	0	1208	298.25	7.89	2.12	4.68	18.09	7.27	17.51	2.38	22.26	19.14
6/26/2015 12:52:27 PM	1.12	0.04	1.37	0.40	0.00	0.00	0.00	0.27	2.93	100.00	14.24	12.23	595	43	616	12	0	0	0	0	1265	297.91	7.92	2.22	4.89	18.14	7.34	17.68	2.40	22.20	19.13
6/26/2015 12:52:30 PM	1.01	0.05	1.41	0.37	0.00	0.00	0.00	0.27	2.85	100.00	14.38	12.23	537	53	636	11	0	0	0	0	1238	297.62	7.91	2.18	4.83	17.94	7.25	17.37	2.41	22.17	19.04
6/26/2015 12:52:33 PM	1.20	0.06	1.33	0.41	0.00	0.00	0.00	0.27	3.00	100.00	14.49	12.27	637	65	597	12	0	0	0	0	1311	297.82	7.91	2.22	5.07	18.40	7.53	17.88	2.42	22.11	19.08
6/26/2015 12:52:35 PM	1.11	0.06	1.37	0.36	0.00	0.00	0.00	0.27	2.90	100.00	14.61	12.60	590	57	616	11	0	0	0	0	1274	297.94	7.82	2.20	4.90	18.14	7.25	17.53	2.43	22.06	19.08
6/26/2015 12:52:38 PM	1.24	0.03	1.28	0.49	0.00	0.00	0.00	0.28	3.05	100.00	14.73	12.71	659	32	576	15	0	0	0	0	1282	297.74	8.07	2.44	5.10	18.82	7.64	18.31	2.44	22.01	19.05
6/26/2015 12:52:41 PM	1.18	0.05	1.38	0.46	0.00	0.00	0.00	0.28	3.07	100.00	14.87	12.53	625	50	620	14	0	0	0	0	1309	297.98	8.26	2.25	5.14	18.93	7.77	18.45	2.46	21.96	19.02
6/26/2015 12:52:44 PM	1.23	0.04	1.38	0.45	0.00	0.00	0.00	0.27	3.10	100.00	14.98	12.39	651	37	620	14	0	0	0	0	1321	297.76	8.23	2.17	5.06	18.84	7.75	18.53	2.47	21.92	19.00
6/26/2015 12:52:47 PM	1.29	0.03	1.51	0.45	0.00	0.00	0.00	0.26	3.29	100.00	15.11	12.33	686	33	678	14	0	0	0	0	1411	297.65	8.66	2.33	5.32	19.40	7.94	19.51	2.48	21.86	19.02
6/26/2015 12:52:49 PM	1.42	0.01	1.51	0.51	0.00	0.00	0.00	0.26	3.45	100.00	15.22	12.35	754	10	678	15	0	0	0	0	1457	297.22	8.94	2.41	5.45	20.09	8.20	20.40	2.49	21.81	18.97
6/26/2015 12:52:52 PM	1.35	0.01	1.48	0.52	0.00	0.00	0.00	0.27	3.36	100.00	15.33	12.11	718	14	666	15	0	0	0	0	1413	297.75	8.83	2.49	5.41	19.87	8.09	20.01	2.50	21.77	19.00
6/26/2015 12:52:55 PM	1.37	0.01	1.45	0.53	0.00	0.00	0.00	0.27	3.36	100.00	15.45	12.16	728	8	652	16	0	0	0	0	1405	297.64	8.81	2.46	5.38	19.96	8.12	20.04	2.51	21.71	18.96
6/26/2015 12:52:58 PM	1.17	0.06	1.54	0.43	0.00	0.00	0.00	0.29	3.20	100.00	15.55	12.22	622	58	693	13	0	0	0	0	1386	297.31	8.70	2.39	5.37	19.64	7.87	19.30	2.52	21.68	18.93
6/26/2015 12:53:01 PM	1.06	0.06	1.48	0.45	0.00	0.00	0.00	0.29	3.05	100.00	15.66	12.16	564	55	666	14	0	0	0	0	1298	297.47	8.50	2.24	5.16	19.04	7.83	18.55	2.53	21.62	18.93
6/26/2015 12:53:03 PM	1.06	0.03	1.50	0.45	0.00	0.00	0.00	0.29	3.03	100.00	15.76	12.20	560	26	676	13	0	0	0	0	1276	297.87	8.55	2.21	4.99	19.26	7.68	18.72	2.54	21.56	18.91
6/26/2015 12:53:06 PM	1.03	0.04	1.59	0.43	0.00	0.00	0.00	0.28	3.10	100.00	15.87	12.40	548	43	715	13	0	0	0	0	1318	296.86	8.75	2.31	5.18	19.31	7.77	18.96	2.56	21.51	18.88
6/26/2015 12:53:09 PM	1.02	0.07	1.45	0.43	0.00	0.00	0.00	0.31	2.97	100.00	16.00	12.40	538	72	654	13	0	0	0	0	1277	297.60	8.40	2.30	5.16	19.31	7.70	18.34	2.57	21.46	18.87
6/26/2015 12:53:12 PM	1.00	0.06	1.50	0.48	0.00	0.00	0.00	0.31	3.04	100.00	16.11	12.31	530	59	674	14	0	0	0	0	1278	297.51	8.68	2.31	5.22	19.56	7.91	18.76	2.58	21.43	18.85
6/26/2015 12:53:14 PM	1.03	0.11	1.57	0.41	0.00	0.00	0.00	0.31	3.12	100.00	16.23	12.38	547	106	707	12	0	0	0	0	1372	297.40	8.73	2.37	5.51	19.71	7.96	18.95	2.59	21.37	18.83
6/26/2015 12:53:17 PM	0.97	0.07	1.50	0.53	0.00	0.00	0.00	0.31	3.07	100.00	16.37	12.32	513	70	676	16	0	0	0	0	1274	297.25	8.86	2.38	5.37	19.68	8.17	18.90	2.60	21.33	18.83
6/26/2015 12:53:20 PM	1.09	0.05	1.38	0.49	0.00	0.00	0.00	0.30	3.02	100.00	16.46	12.23	578	55	623	15	0	0	0	0	1270	297.08	8.38	2.30	5.16	19.14	7.86	18.41	2.61	21.29	18.81
6/26/2015 12:53:23 PM	0.99	0.06	1.37	0.48	0.00	0.00	0.00	0.32	2.91	100.00	16.55	12.35	525	65	618	14	0	0	0	0	1223	297.03	8.31	2.17	5.05	19.12	7.82	18.03	2.62	21.24	18.79
6/26/2015 12:53:26 PM	0.99	0.08	1.47	0.45	0.00	0.00	0.00	0.32	2.99	100.00	16.65	12.45	524	84	660	14	0	0	0	0	1281	297.11	8.51	2.33	5.27	19.42	7.84	18.42	2.63	21.20	18.77
6/26/2015 12:53:28 PM	1.11	0.09	1.26	0.45	0.00	0.00	0.00	0.32	2.91	100.00	16.76	12.50	586	93	568	13	0	0	0	0	1260	297.19	7.94	2.22	5.15	19.01	7.72	17.72	2.64	21.15	18.76
6/26/2015 12:53:31 PM	1.09	0.07	1.22	0.48	0.00	0.00	0.00	0.32	2.86	100.00	16.89	12.44	580	70	551	14	0	0	0	0	1214	297.21	7.86	2.28	5.02	18.78	7.61	17.55	2.65	21.10	18.76
6/26/2015 12:53:34 PM	1.03	0.09	1.20	0.49	0.00	0.00	0.00	0.34	2.81	100.00	17.03	12.16	548	87	541	15	0	0	0	0	1191	297.45	7.88	2.25	5.06	19.01	7.70	17.42	2.67	21.05	18.72
6/26/2015 12:53:37 PM	0.96	0.08	1.26	0.50	0.00	0.00	0.00	0.34	2.80	100.00	17.17	12.02	507	84	567	15	0	0	0	0	1173	296.99	8.03	2.27	5.06	18.99	7.74	17.46	2.68	21.01	18.70
6/26/2015 12:53:40 PM	0.90	0.13	1.20	0.42	0.00	0.00	0.00	0.34	2.65	100.00	17.30	11.99	476	132	538	13	0	0	0	0	1159	297.33	7.57	2.21	5.04	18.30	7.49	16.44	2.70	20.96	18.65
6/26/2015 12:53:42 PM	0.92	0.06	1.23	0.51	0.00	0.00	0.00	0.34	2.73	100.00	17.41	11.88	489	65	553	15	0	0	0	0	1122	297.03	7.94	2.18	4.86	18.81	7.64	17.19	2.71	20.92	18.67
6/26/2015 12:53:45 PM	0.89	0.09	1.24	0.52	0.00	0.00	0.00	0.35	2.74	100.00	17.52	11.92	472	86	557	16	0	0	0	0	1131	297.37	8.05	2.32	5.04	19.11	7.75	17.31	2.72	20.87	18.63
6/26/2015 12:53:48 PM	0.98	0.09	1.18	0.51	0.00	0.00	0.00	0.34	2.76	100.00	17.63	11.95	521	86	529	15	0	0	0	0	1151	296.89	7.84	2.37	5.05	18.90	7.65	17.20	2.73	20.82	18.61
6/26/2015 12:53:51 PM	0.96	0.09	1.20	0.53	0.00	0.00	0.00	0.35	2.78	100.00	17.72	11.96	510	93	540	16	0	0	0	0	1158	296.50	7.97	2.44	5.15	19.10	7.75	17.38	2.74	20.78	18.61
6/26/2015 12:53:54 PM	1.00	0.11	1.28	0.50	0.00	0.00	0.00	0.34	2.89	100.00	17.81	12.01	528	111	575	15	0	0	0	0	1230	296.84	8.17	2.40	5.34	19.30	7.93	17.80	2.75	20.73	18.60
6/26/2015 12:53:56 PM	0.92	0.12	1.38	0.51	0.00	0.00	0.00	0.34	2.93	100.00	17.91	12.08	489	116	621	15	0	0	0	0	1242	297.04	8.48	2.48	5.45	19.65	8.03	18.17	2.75	20.69	18.59
6/26/2015 12:53:59 PM	0.79	0.08	1.34	0.57	0.00	0.00	0.00	0.36	2.78	100.00	18.01	12.14	417	75	605	17	0	0	0	0	1114	297.01	8.50	2.44	5.14	19.61	7.94	17.84	2.76	20.65	18.56
6/26/2015 12:54:02 PM	1.01	0.07	1.32	0.55	0.00	0.00	0.00	0.35	2.95	100.00	18.09	12.20	535	71	594	16	0	0	0	0	1216	297.09	8.46	2.37	5.24	19.88	8.03	18.42	2.77	20.60	18.55
6/26/2015 12:54:05 PM	1.19	0.13	1.41	0.50	0.00	0.00	0.00	0.34	3.24	100.00	18.19	12.29	631	132	636	15	0	0	0	0	1415	296.52	8.76	2.56	5.88	20.60	8.41	19.48	2.78	20.55	18.52
6/26/2015 12:54:07 PM	1.05	0.09	1.30	0.53	0.00	0.00	0.00	0.35	2.97	100.00	18.29	12.35	557	95	584	16	0	0	0	0	1251	296.40	8.38	2.38	5.36	19.83	8.09	18.37	2.79	20.52	18.52
6/26/2015 12:54:10 PM	1.00	0.09	1.26	0.55	0.00	0.00	0.00	0.36	2.91	100.00	18.35	12.15	532	85	569	17	0	0	0	0	1203	297.08	8.34	2.47	5.30	19.90	8.00	18.21	2.80	20.48	18.49
6/26/2015 12:54:13 PM	1.05	0.06	1.26	0.57	0.00	0.00	0.00	0.36	2.94	100.00	18.45	12.17	555	63	567	17	0	0	0	0	1201	297.10	8.38	2.44	5.22	19.97	8.01	18.42	2.81	20.43	18.48
6/26/2015 12:54:16 PM	1.04	0.06	1.35	0.58	0.00	0.00	0.00	0.35	3.04	100.00	18.53	12.24	554	65	607	17	0	0	0	0	1243	296.89	8.68	2.45	5.36	20.23	8.20	18.92	2.82	20.40	18.43
6/26/2015 12:54:19 PM	1.03	0.11	1.33	0.54	0.00	0.00	0.00	0.36	3.01	100.00	18.62	12.30	544	107	599	16	0	0	0	0	1266	297.05	8.56	2.47	5.51	20.28	8.22	18.67	2.82	20.35	18.42
6/26/2015 12:54:21 PM	1.08	0.10	1.27	0.61	0.00	0.00	0.00	0.36	3.07	100.00	18.71	12.35	575	102	571	18	0	0	0	0	1266	296.65	8.64	2.55	5.63	20.50	8.46	18.92	2.83	20.31	18.42
6/26/2015 12:54:24 PM	1.09	0.09	1.31	0.60	0.00	0.00	0.00	0.36	3.09	100.00	18.81	12.35	578	91	590	18	0	0	0	0	1277	297.07	8.72	2.51	5.58	20.53	8.43	19.09	2.84	20.27	18.39
6/26/2015 12:54:27 PM	0.98	0.08	1.30	0.57	0.00	0.00	0.00	0.36	2.94	100.00	18.90	12.27	522	80	586	17	0	0	0	0	1204	296.98	8.52	2.50	5.33	20.16	8.08	18.48	2.85	20.22	18.34
6/26/2015 12:54:30 PM	1.20	0.03	1.15	0.69	0.00	0.00	0.00	0.37	3.07	100.00	19.00	12.30	635	33	516	21	0	0	0	0	1205	296.93	8.53	2.66	5.37	20.60	8.32	19.11	2.86	20.18	18.36
6/26/2015 12:54:33 PM	1.12	0.13	1.53	0.58	0.00	0.00	0.00	0.37	3.37	100.00	19.09	12.26	595	131	690	18	0	0	0	0	1433	296.99	9.50	2.83	6.21	22.00	8.86	20.69	2.87	20.15	18.32
6/26/2015 12:54:35 PM	1.13	0.09	1.48	0.58	0.00	0.00	0.00	0.36	3.28	100.00	19.18	12.19	600	88	666	18	0	0	0	0	1370	297.11	9.25	2.58	5.81	21.39	8.64	20.23	2.88	20.13	18.33
6/26/2015 12:54:38 PM	1.07	0.11	1.48	0.54	0.00	0.00	0.00	0.37	3.20	100.00	19.28	12.12	566	115	665	16	0	0	0	0	1362	296.71	9.13	2.62	5.85	21.39	8.51	19.89	2.89	20.08	18.30
6/26/2015 12:54:41 PM	1.15	0.08	1.37	0.61	0.00	0.00	0.00	0.38	3.20	100.00	19.36	12.21	607	77	615	18	0	0	0	0	1318	297.15	9.03	2.71	5.72	21.49	8.48	19.95	2.90	20.04	18.28
6/26/2015 12:54:44 PM	1.12	0.09	1.36	0.58	0.00	0.00	0.00	0.37	3.15	100.00	19.45	12.05	593	89	614	17	0	0	0	0	1313	295.97	8.89	2.60	5.67	21.09	8.43	19.59	2.91	19.99	18.27
6/26/2015 12:54:47 PM	1.10	0.10	1.41	0.60	0.00	0.00	0.00	0.38	3.22	100.00	19.53	11.92	586	97	635	18	0	0	0	0	1336	296.76	9.14	2.64	5.82	21.52	8.63	20.00	2.91	19.96	18.25
6/26/2015 12:54:49 PM	1.07	0.10	1.42	0.59	0.00	0.00	0.00	0.37	3.17	100.00	19.64	12.00	565	95	638	18	0	0	0	0	1316	296.57	9.08	2.53	5.71	21.29	8.57	19.76	2.92	19.93	18.21
6/26/2015 12:54:52 PM	1.17	0.08	1.38	0.59	0.00	0.00	0.00	0.37	3.21	100.00	19.78	11.84	618	83	620	18	0	0	0	0	1339	296.48	8.99	2.59	5.71	21.35	8.51	19.91	2.94	19.87	18.21
6/26/2015 12:54:55 PM	1.17	0.10	1.44	0.56	0.00	0.00	0.00	0.37	3.27	100.00	19.86	11.61	619	99	648	17	0	0	0	0	1383	296.48	9.13	2.61	5.84	21.62	8.56	20.20	2.95	19.84	18.18
6/26/2015 12:54:58 PM	1.14	0.12	1.36	0.57	0.00	0.00	0.00	0.38	3.18	100.00	19.98	11.62	603	116	613	17	0	0	0	0	1350	296.57	8.92	2.55	5.81	21.39	8.56	19.70	2.96	19.81	18.19
6/26/2015 12:55:00 PM	1.22	0.13	1.33	0.54	0.00	0.00	0.00	0.38	3.22	100.00	20.09	11.55	648	131	597	16	0	0	0	0	1393	296.51	8.79	2.50	5.87	21.45	8.57	19.73	2.97	19.77	18.16
6/26/2015 12:55:03 PM	1.17	0.10	1.37	0.56	0.00	0.00	0.00	0.38	3.20	100.00	20.20	11.56	622	97	617	17	0	0	0	0	1352	296.44	8.93	2.55	5.73	21.50	8.47	19.87	2.98	19.75	18.13
6/26/2015 12:55:06 PM	1.16	0.11	1.21	0.55	0.00	0.00	0.00	0.38	3.03	100.00	20.34	11.56	615	108	545	16	0	0	0	0	1284	296.17	8.38	2.44	5.52	20.79	8.25	18.82	2.99	19.70	18.10
6/26/2015 12:55:09 PM	1.30	0.14	1.26	0.54	0.00	0.00	0.00	0.38	3.24	100.00	20.47	11.63	690	136	569	16	0	0	0	0	1411	296.56	8.64	2.50	5.91	21.35	8.59	19.66	3.01	19.66	18.10
6/26/2015 12:55:12 PM	1.21	0.20	1.41	0.42	0.00	0.00	0.00	0.39	3.23	100.00	20.56	11.65	640	195	635	12	0	0	0	0	1482	296.41	8.73	2.58	6.14	21.73	8.42	19.70	3.02	19.62	18.08
6/26/2015 12:55:14 PM	1.24	0.14	1.32	0.50	0.00	0.00	0.00	0.40	3.19	100.00	20.66	11.76	655	136	594	15	0	0	0	0	1400	296.27	8.69	2.49	5.83	21.66	8.42	19.69	3.02	19.59	18.07
6/26/2015 12:55:17 PM	1.31	0.12	1.28	0.54	0.00	0.00	0.00	0.39	3.25	100.00	20.74	11.82	695	119	574	16	0	0	0	0	1403	296.65	8.70	2.51	5.84	21.64	8.53	19.87	3.03	19.56	18.04
6/26/2015 12:55:20 PM	1.12	0.13	1.21	0.59	0.00	0.00	0.00	0.41	3.06	100.00	20.85	11.86	595	132	545	18	0	0	0	0	1290	296.34	8.61	2.52	5.75	21.37	8.56	19.12	3.04	19.52	18.03
6/26/2015 12:55:23 PM	1.21	0.15	1.26	0.49	0.00	0.00	0.00	0.40	3.12	100.00	20.95	11.82	644	152	568	15	0	0	0	0	1379	296.69	8.47	2.43	5.79	21.31	8.36	19.19	3.05	19.48	18.04
6/26/2015 12:55:26 PM	1.19	0.14	1.20	0.50	0.00	0.00	0.00	0.39	3.03	100.00	21.06	11.63	631	137	541	15	0	0	0	0	1324	296.70	8.27	2.42	5.62	20.94	8.20	18.75	3.06	19.44	17.98
6/26/2015 12:55:28 PM	1.19	0.14	1.22	0.48	0.00	0.00	0.00	0.38	3.03	100.00	21.17	11.47	628	140	550	15	0	0	0	0	1333	296.69	8.24	2.42	5.63	20.68	8.16	18.65	3.07	19.41	17.97
6/26/2015 12:55:31 PM	1.33	0.12	1.12	0.53	0.00	0.00	0.00	0.38	3.10	100.00	21.31	11.36	705	115	506	16	0	0	0	0	1343	296.65	8.15	2.45	5.61	20.80	8.25	18.91	3.09	19.38	17.97
6/26/2015 12:55:34 PM	1.26	0.15	1.23	0.47	0.00	0.00	0.00	0.37	3.11	100.00	21.41	11.31	670	146	555	14	0	0	0	0	1385	296.58	8.26	2.46	5.74	20.71	8.20	18.90	3.10	19.34	17.94
6/26/2015 12:55:37 PM	1.27	0.13	1.08	0.51	0.00	0.00	0.00	0.39	2.99	100.00	21.51	11.24	671	129	488	15	0	0	0	0	1303	296.45	7.94	2.36	5.50	20.57	8.12	18.37	3.11	19.30	17.93
6/26/2015 12:55:40 PM	1.11	0.15	1.22	0.48	0.00	0.00	0.00	0.39	2.96	100.00	21.58	11.23	588	151	549	14	0	0	0	0	1303	296.68	8.22	2.33	5.58	20.66	8.18	18.40	3.11	19.27	17.89
6/26/2015 12:55:42 PM	1.19	0.21	1.48	0.45	0.00	0.00	0.00	0.38	3.34	100.00	21.66	11.29	633	211	666	14	0	0	0	0	1523	296.24	9.03	2.63	6.39	21.74	8.76	20.08	3.12	19.24	17.87
6/26/2015 12:55:45 PM	1.17	0.12	1.24	0.48	0.00	0.00	0.00	0.38	3.01	100.00	21.75	11.25	619	121	559	14	0	0	0	0	1314	296.58	8.26	2.32	5.47	20.68	8.09	18.67	3.13	19.22	17.87
6/26/2015 12:55:48 PM	1.14	0.14	1.21	0.45	0.00	0.00	0.00	0.38	2.94	100.00	21.84	11.28	604	138	546	13	0	0	0	0	1302	296.55	8.07	2.31	5.46	20.44	7.97	18.26	3.14	19.17	17.87
6/26/2015 12:55:51 PM	1.17	0.12	1.23	0.47	0.00	0.00	0.00	0.38	2.99	100.00	21.96	11.26	621	119	552	14	0	0	0	0	1307	296.72	8.18	2.31	5.43	20.51	8.02	18.52	3.15	19.14	17.84
6/26/2015 12:55:53 PM	1.18	0.14	1.15	0.47	0.00	0.00	0.00	0.38	2.95	100.00	22.05	11.19	626	140	519	14	0	0	0	0	1299	296.56	7.97	2.34	5.48	20.30	8.02	18.15	3.16	19.12	17.81
6/26/2015 12:55:56 PM	1.10	0.14	1.11	0.46	0.00	0.00	0.00	0.39	2.81	100.00	22.13	11.16	583	138	500	14	0	0	0	0	1235	296.40	7.76	2.27	5.30	19.97	7.83	17.55	3.17	19.08	17.77
6/26/2015 12:55:59 PM	1.19	0.17	1.16	0.40	0.00	0.00	0.00	0.38	2.91	100.00	22.24	11.19	630	168	521	12	0	0	0	0	1331	296.72	7.77	2.25	5.50	20.10	7.88	17.83	3.18	19.05	17.76
6/26/2015 12:56:02 PM	1.16	0.13	1.18	0.45	0.00	0.00	0.00	0.38	2.93	100.00	22.37	11.16	616	134	530	14	0	0	0	0	1294	296.62	7.97	2.33	5.42	20.33	7.91	18.14	3.19	19.02	17.77
6/26/2015 12:56:05 PM	1.11	0.13	1.13	0.46	0.00	0.00	0.00	0.38	2.83	100.00	22.45	11.09	586	134	510	14	0	0	0	0	1244	296.59	7.80	2.28	5.30	19.95	7.82	17.64	3.20	18.98	17.74
6/26/2015 12:56:07 PM	1.07	0.15	1.34	0.41	0.00	0.00	0.00	0.38	2.97	100.00	22.53	11.13	567	151	602	12	0	0	0	0	1333	296.19	8.32	2.22	5.52	20.59	8.06	18.50	3.21	18.95	17.74
6/26/2015 12:56:10 PM	1.06	0.13	1.12	0.49	0.00	0.00	0.00	0.39	2.81	100.00	22.62	11.19	564	130	504	15	0	0	0	0	1213	296.18	7.88	2.28	5.29	20.09	7.93	17.66	3.22	18.92	17.67
6/26/2015 12:56:13 PM	1.00	0.15	1.18	0.45	0.00	0.00	0.00	0.39	2.77	100.00	22.73	11.26	528	146	529	14	0	0	0	0	1216	296.44	7.89	2.32	5.32	20.01	7.81	17.50	3.23	18.89	17.68
6/26/2015 12:56:16 PM	1.02	0.13	1.13	0.46	0.00	0.00	0.00	0.38	2.74	100.00	22.84	11.30	540	133	507	14	0	0	0	0	1195	296.42	7.71	2.16	5.16	19.51	7.78	17.17	3.24	18.86	17.68
6/26/2015 12:56:19 PM	0.98	0.12	1.03	0.43	0.00	0.00	0.00	0.38	2.56	100.00	22.93	11.12	518	123	462	13	0	0	0	0	1117	296.71	7.22	2.10	4.85	18.72	7.36	16.18	3.25	18.83	17.65
6/26/2015 12:56:21 PM	0.98	0.15	1.02	0.39	0.00	0.00	0.00	0.38	2.53	100.00	23.03	11.04	519	150	458	12	0	0	0	0	1139	296.36	7.09	1.97	4.88	18.60	7.37	15.94	3.26	18.80	17.61
6/26/2015 12:56:24 PM	0.93	0.16	0.98	0.38	0.00	0.00	0.00	0.37	2.46	100.00	23.13	10.99	493	163	442	12	0	0	0	0	1110	296.80	6.90	2.10	4.90	18.14	7.22	15.43	3.27	18.76	17.63
6/26/2015 12:56:27 PM	0.77	0.15	1.01	0.41	0.00	0.00	0.00	0.38	2.34	100.00	23.23	11.00	410	150	455	12	0	0	0	0	1028	296.63	6.99	2.04	4.72	18.02	7.18	15.13	3.28	18.75	17.59
6/26/2015 12:56:30 PM	0.85	0.17	1.10	0.34	0.00	0.00	0.00	0.38	2.46	100.00	23.33	11.04	449	173	494	10	0	0	0	0	1127	296.73	7.13	2.04	4.93	18.43	7.23	15.65	3.29	18.70	17.57
6/26/2015 12:56:33 PM	0.86	0.13	1.00	0.43	0.00	0.00	0.00	0.38	2.42	100.00	23.45	11.04	458	126	449	13	0	0	0	0	1046	296.98	7.04	2.09	4.71	18.21	7.20	15.50	3.30	18.67	17.55
6/26/2015 12:56:35 PM	0.87	0.16	1.13	0.36	0.00	0.00	0.00	0.37	2.51	100.00	23.59	10.99	461	156	509	11	0	0	0	0	1136	296.67	7.25	2.13	4.93	18.49	7.21	15.92	3.31	18.65	17.54
6/26/2015 12:56:38 PM	0.77	0.19	1.27	0.36	0.00	0.00	0.00	0.39	2.59	100.00	23.71	10.88	410	190	572	11	0	0	0	0	1182	297.07	7.73	2.16	5.23	19.22	7.56	16.53	3.32	18.62	17.53
6/26/2015 12:56:41 PM	0.71	0.15	1.16	0.41	0.00	0.00	0.00	0.38	2.43	100.00	23.81	10.84	376	146	521	12	0	0	0	0	1055	296.65	7.43	2.13	4.85	18.47	7.32	15.76	3.33	18.60	17.52
6/26/2015 12:56:44 PM	0.86	0.14	1.16	0.42	0.00	0.00	0.00	0.37	2.58	100.00	23.91	10.89	457	139	523	13	0	0	0	0	1131	296.89	7.56	2.11	4.98	18.86	7.51	16.43	3.34	18.56	17.47
6/26/2015 12:56:46 PM	0.80	0.17	1.19	0.36	0.00	0.00	0.00	0.37	2.52	100.00	24.02	10.96	423	167	537	11	0	0	0	0	1138	296.62	7.45	2.15	5.03	18.64	7.34	16.06	3.35	18.52	17.46
6/26/2015 12:56:49 PM	0.87	0.20	1.17	0.35	0.00	0.00	0.00	0.38	2.58	100.00	24.13	10.93	462	197	525	10	0	0	0	0	1194	296.72	7.39	2.21	5.24	18.82	7.43	16.17	3.36	18.50	17.46
6/26/2015 12:56:52 PM	0.86	0.16	1.16	0.36	0.00	0.00	0.00	0.37	2.53	100.00	24.22	10.83	453	163	520	11	0	0	0	0	1147	296.01	7.33	2.08	4.98	18.52	7.33	16.00	3.37	18.48	17.41
6/26/2015 12:56:55 PM	0.81	0.19	1.16	0.32	0.00	0.00	0.00	0.37	2.48	100.00	24.31	10.85	430	191	521	10	0	0	0	0	1151	296.42	7.23	2.05	5.03	18.37	7.29	15.69	3.38	18.45	17.41
6/26/2015 12:56:58 PM	0.78	0.19	1.09	0.31	0.00	0.00	0.00	0.37	2.36	100.00	24.42	10.99	412	187	489	9	0	0	0	0	1097	296.89	6.93	2.04	4.86	17.90	7.05	15.05	3.39	18.42	17.37
6/26/2015 12:57:00 PM	0.78	0.18	0.96	0.30	0.00	0.00	0.00	0.37	2.21	100.00	24.51	10.83	412	179	430	9	0	0	0	0	1030	296.69	6.43	1.93	4.58	17.16	6.75	14.14	3.40	18.39	17.38
6/26/2015 12:57:03 PM	0.72	0.17	0.95	0.33	0.00	0.00	0.00	0.37	2.17	100.00	24.62	10.67	384	169	428	10	0	0	0	0	991	296.95	6.47	1.91	4.51	17.05	6.78	14.02	3.41	18.36	17.37
6/26/2015 12:57:06 PM	0.79	0.19	0.90	0.30	0.00	0.00	0.00	0.37	2.18	100.00	24.71	10.69	421	191	404	9	0	0	0	0	1024	296.81	6.27	1.86	4.57	17.00	6.77	13.87	3.42	18.33	17.33
6/26/2015 12:57:09 PM	0.69	0.17	0.82	0.29	0.00	0.00	0.00	0.37	1.97	100.00	24.85	10.75	365	168	370	9	0	0	0	0	911	297.10	5.90	1.75	4.19	16.21	6.41	12.89	3.43	18.31	17.31
6/26/2015 12:57:12 PM	0.63	0.21	1.00	0.24	0.00	0.00	0.00	0.37	2.09	100.00	24.95	10.74	334	215	452	7	0	0	0	0	1008	296.80	6.34	1.86	4.58	16.86	6.63	13.56	3.44	18.28	17.28
6/26/2015 12:57:14 PM	0.63	0.15	0.84	0.35	0.00	0.00	0.00	0.37	1.96	100.00	25.07	10.75	334	147	376	10	0	0	0	0	867	296.82	6.08	1.87	4.16	16.39	6.46	13.05	3.46	18.25	17.29
6/26/2015 12:57:17 PM	0.74	0.13	0.77	0.39	0.00	0.00	0.00	0.37	2.03	100.00	25.15	10.73	390	130	347	12	0	0	0	0	878	296.99	6.08	1.82	4.16	16.55	6.63	13.33	3.46	18.22	17.26
6/26/2015 12:57:20 PM	0.79	0.20	0.80	0.27	0.00	0.00	0.00	0.36	2.07	100.00	25.25	10.82	420	204	360	8	0	0	0	0	991	296.92	5.83	1.83	4.46	16.30	6.54	13.05	3.47	18.20	17.23
6/26/2015 12:57:23 PM	0.66	0.16	0.86	0.32	0.00	0.00	0.00	0.38	2.00	100.00	25.34	10.81	350	162	386	10	0	0	0	0	908	296.74	6.11	1.78	4.23	16.62	6.52	13.22	3.48	18.17	17.23
6/26/2015 12:57:26 PM	0.73	0.15	0.72	0.31	0.00	0.00	0.00	0.36	1.91	100.00	25.47	10.72	386	148	325	9	0	0	0	0	868	296.95	5.61	1.72	4.00	15.84	6.25	12.48	3.50	18.14	17.19
6/26/2015 12:57:28 PM	0.65	0.17	0.74	0.25	0.00	0.00	0.00	0.36	1.81	100.00	25.53	10.54	343	172	335	7	0	0	0	0	857	296.75	5.41	1.62	3.93	15.31	6.06	11.88	3.50	18.11	17.19
6/26/2015 12:57:31 PM	0.73	0.17	0.78	0.27	0.00	0.00	0.00	0.37	1.95	100.00	25.59	10.55	388	167	349	8	0	0	0	0	912	297.02	5.69	1.78	4.13	16.03	6.24	12.67	3.51	18.10	17.16
6/26/2015 12:57:34 PM	0.62	0.17	0.70	0.28	0.00	0.00	0.00	0.37	1.77	100.00	25.70	10.54	328	172	314	8	0	0	0	0	822	297.32	5.42	1.69	3.94	15.54	6.10	11.83	3.52	18.06	17.14
6/26/2015 12:57:37 PM	0.57	0.18	0.68	0.24	0.00	0.00	0.00	0.36	1.67	100.00	25.88	10.50	305	180	305	7	0	0	0	0	797	297.48	5.13	1.57	3.79	14.82	5.89	11.14	3.54	18.04	17.16
6/26/2015 12:57:39 PM	0.67	0.17	0.63	0.29	0.00	0.00	0.00	0.37	1.75	100.00	26.02	10.46	356	165	283	9	0	0	0	0	813	297.39	5.24	1.67	3.88	15.34	6.06	11.64	3.55	18.02	17.12
6/26/2015 12:57:42 PM	0.71	0.18	0.63	0.25	0.00	0.00	0.00	0.36	1.78	100.00	26.15	10.52	379	182	285	7	0	0	0	0	853	297.50	5.12	1.66	3.95	15.07	6.00	11.52	3.56	17.99	17.10
6/26/2015 12:57:45 PM	0.65	0.18	0.67	0.26	0.00	0.00	0.00	0.36	1.77	100.00	26.29	10.52	345	183	301	8	0	0	0	0	837	297.83	5.25	1.67	3.96	15.15	6.06	11.56	3.58	17.96	17.09
6/26/2015 12:57:48 PM	0.46	0.16	0.60	0.28	0.00	0.00	0.00	0.36	1.50	100.00	26.43	10.48	245	160	270	8	0	0	0	0	684	297.89	4.91	1.54	3.52	14.23	5.72	10.38	3.59	17.93	17.05
6/26/2015 12:57:51 PM	0.43	0.16	0.62	0.23	0.00	0.00	0.00	0.36	1.45	100.00	26.56	10.52	229	163	280	7	0	0	0	0	679	297.13	4.81	1.50	3.44	14.04	5.53	10.13	3.60	17.91	17.04
6/26/2015 12:57:53 PM	0.49	0.15	0.57	0.27	0.00	0.00	0.00	0.35	1.48	100.00	26.69	10.59	259	154	258	8	0	0	0	0	679	298.03	4.78	1.50	3.45	13.99	5.63	10.21	3.62	17.88	17.03
6/26/2015 12:57:56 PM	0.41	0.16	0.68	0.24	0.00	0.00	0.00	0.36	1.50	100.00	26.82	10.56	219	164	305	7	0	0	0	0	696	297.44	5.01	1.54	3.53	14.29	5.64	10.46	3.63	17.85	17.02
6/26/2015 12:57:59 PM	0.40	0.16	0.62	0.24	0.00	0.00	0.00	0.36	1.43	100.00	26.92	10.53	212	161	281	7	0	0	0	0	662	297.58	4.84	1.50	3.42	14.02	5.56	10.09	3.64	17.83	17.01
6/26/2015 12:58:02 PM	0.41	0.17	0.60	0.26	0.00	0.00	0.00	0.36	1.45	100.00	27.03	10.62	219	173	271	8	0	0	0	0	671	297.56	4.83	1.56	3.52	14.02	5.64	10.08	3.65	17.80	16.96
6/26/2015 12:58:05 PM	0.46	0.16	0.57	0.25	0.00	0.00	0.00	0.35	1.44	100.00	27.15	10.70	244	159	258	7	0	0	0	0	669	297.40	4.67	1.50	3.40	13.72	5.52	9.92	3.66	17.78	16.95
6/26/2015 12:58:07 PM	0.39	0.15	0.63	0.25	0.00	0.00	0.00	0.36	1.42	100.00	27.27	10.64	206	153	284	8	0	0	0	0	650	298.06	4.85	1.43	3.35	13.90	5.57	10.04	3.67	17.75	16.93
6/26/2015 12:58:10 PM	0.29	0.14	0.61	0.27	0.00	0.00	0.00	0.36	1.31	100.00	27.38	10.53	154	140	273	8	0	0	0	0	575	297.76	4.74	1.52	3.21	13.48	5.38	9.55	3.68	17.73	16.91
6/26/2015 12:58:13 PM	0.21	0.18	0.64	0.23	0.00	0.00	0.00	0.36	1.26	100.00	27.49	10.61	112	175	289	7	0	0	0	0	584	297.54	4.70	1.47	3.29	13.29	5.38	9.23	3.69	17.71	16.92
6/26/2015 12:58:16 PM	0.25	0.17	0.66	0.25	0.00	0.00	0.00	0.36	1.33	100.00	27.58	10.58	134	172	297	7	0	0	0	0	611	297.74	4.84	1.52	3.39	13.58	5.50	9.61	3.70	17.68	16.89
6/26/2015 12:58:18 PM	0.27	0.17	0.64	0.27	0.00	0.00	0.00	0.37	1.34	100.00	27.70	10.58	143	166	286	8	0	0	0	0	603	297.81	4.88	1.56	3.40	13.81	5.56	9.75	3.71	17.66	16.85
6/26/2015 12:58:21 PM	0.19	0.17	0.70	0.26	0.00	0.00	0.00	0.36	1.31	100.00	27.82	10.60	98	165	313	8	0	0	0	0	584	298.18	4.97	1.60	3.38	13.66	5.49	9.65	3.73	17.64	16.87
6/26/2015 12:58:24 PM	0.07	0.13	0.51	0.31	0.00	0.00	0.00	0.36	1.01	100.00	28.11	10.43	36	126	231	9	0	0	0	0	402	297.82	4.39	1.45	2.82	12.55	5.10	8.23	3.75	17.61	16.84
