Date/Time	Green Algae	Bluegreen	Diatoms	Cryptophyta	#4	#5	#6	Yellow substances	Total conc.	Transmission	Depth	Temp. Sample	Green Algae	Bluegreen	Diatoms	Cryptophyta	#4	#5	#6	Yellow substances	Total cell count	Trans. 700 nm	LED 3 [525 nm]	LED 4 [570 nm]	LED 5 [610 nm]	LED 6 [370 nm]	LED 7 [590 nm]	LED 8 [470 nm]	Pressure	Temp. LEDs	Temp. Sensor
date	µg/l	µg/l	µg/l	µg/l	µg/l	µg/l	µg/l	µg/l	µg/l	%	m	°C	cells/ml	cells/ml	cells/ml	cells/ml	cells/ml	cells/ml	cells/ml	cells/ml	cells/ml	digits	digits	digits	digits	digits	digits	digits	bar	°C	°C
6/19/2015 12:39:08 AM	0.65	0.61	0.04	0.00	0.00	0.00	0.00	0.00	1.31	74.10	0.13	24.24	345	612	20	0	0	0	0	0	977	208.01	1.62	0.67	5.00	3.96	6.04	2.98	1.01	20.75	18.10
6/19/2015 12:39:11 AM	1.63	0.17	2.00	0.26	0.00	0.00	0.00	0.04	4.07	97.39	0.85	27.39	864	169	902	8	0	0	0	0	1943	273.41	9.35	2.34	6.66	17.46	8.83	20.97	1.08	20.78	18.13
6/19/2015 12:39:14 AM	1.69	0.12	2.16	0.20	0.00	0.00	0.00	0.02	4.17	100.00	1.22	27.54	893	120	972	6	0	0	0	0	1992	289.29	9.58	2.29	6.48	17.64	8.58	21.65	1.12	20.83	18.11
6/19/2015 12:39:17 AM	1.72	0.08	2.11	0.23	0.00	0.00	0.00	0.03	4.15	100.00	1.76	27.52	913	85	950	7	0	0	0	0	1954	293.20	9.55	2.12	6.25	17.80	8.59	21.74	1.17	20.89	18.13
6/19/2015 12:39:20 AM	1.80	0.06	2.12	0.29	0.00	0.00	0.00	0.02	4.28	100.00	2.23	27.60	954	58	955	9	0	0	0	0	1977	294.38	9.77	2.32	6.36	17.92	8.73	22.30	1.22	20.94	18.16
6/19/2015 12:39:22 AM	1.87	0.07	2.14	0.30	0.00	0.00	0.00	0.01	4.37	100.00	2.65	27.54	988	67	962	9	0	0	0	0	2026	294.62	9.87	2.35	6.52	18.11	8.89	22.65	1.26	20.98	18.18
6/19/2015 12:39:25 AM	1.74	0.10	2.02	0.27	0.00	0.00	0.00	0.05	4.13	100.00	2.97	27.28	921	97	908	8	0	0	0	0	1933	294.76	9.46	2.27	6.36	18.00	8.66	21.63	1.29	21.03	18.13
6/19/2015 12:39:28 AM	2.29	0.08	2.55	0.29	0.00	0.00	0.00	0.05	5.21	100.00	3.31	26.64	1213	75	1148	9	0	0	0	0	2445	293.84	11.68	2.59	7.62	22.37	10.05	27.45	1.32	21.07	18.16
6/19/2015 12:39:31 AM	3.56	0.00	5.31	0.00	0.00	0.00	0.00	0.01	8.87	100.00	3.58	24.75	1886	0	2388	0	0	0	0	0	4274	292.73	20.48	3.69	11.02	37.00	14.01	48.26	1.35	21.12	18.23
6/19/2015 12:39:33 AM	4.09	0.00	5.75	0.00	0.00	0.00	0.00	0.03	9.84	100.00	3.85	22.45	2167	0	2589	0	0	0	0	0	4756	292.74	22.41	4.03	12.10	41.29	15.26	53.63	1.38	21.17	18.19
6/19/2015 12:39:36 AM	3.78	0.00	4.07	0.19	0.00	0.00	0.00	0.09	8.03	100.00	4.18	21.39	2001	0	1829	6	0	0	0	0	3836	293.38	17.53	3.39	10.55	34.83	13.26	43.30	1.41	21.21	18.22
6/19/2015 12:39:39 AM	3.65	0.08	2.51	0.27	0.00	0.00	0.00	0.20	6.51	100.00	4.57	19.83	1932	83	1131	8	0	0	0	0	3154	294.89	13.03	2.90	9.17	30.32	11.52	34.72	1.45	21.25	18.24
6/19/2015 12:39:42 AM	3.88	0.07	1.82	0.31	0.00	0.00	0.00	0.23	6.09	100.00	4.94	18.31	2058	74	817	9	0	0	0	0	2959	294.35	11.14	2.78	8.55	28.72	10.84	32.02	1.48	21.29	18.24
6/19/2015 12:39:45 AM	4.33	0.10	1.49	0.31	0.00	0.00	0.00	0.25	6.23	100.00	5.30	16.66	2296	96	672	9	0	0	0	0	3073	295.43	10.48	2.70	8.71	29.28	10.96	32.22	1.52	21.32	18.25
6/19/2015 12:39:47 AM	4.86	0.08	1.77	0.26	0.00	0.00	0.00	0.21	6.98	100.00	5.65	15.72	2578	85	795	8	0	0	0	0	3466	295.27	11.51	2.89	9.51	31.37	11.65	35.70	1.55	21.35	18.28
6/19/2015 12:39:50 AM	5.25	0.04	2.29	0.31	0.00	0.00	0.00	0.17	7.89	100.00	6.04	14.47	2783	43	1029	9	0	0	0	0	3865	295.01	13.51	3.14	10.47	34.32	12.85	40.45	1.59	21.37	18.28
6/19/2015 12:39:53 AM	4.49	0.08	2.99	0.35	0.00	0.00	0.00	0.18	7.91	100.00	6.43	13.54	2382	78	1348	10	0	0	0	0	3819	294.86	15.44	3.36	10.92	35.13	13.49	41.61	1.63	21.40	18.28
6/19/2015 12:39:56 AM	3.39	0.27	3.28	0.30	0.00	0.00	0.00	0.20	7.23	100.00	6.74	13.02	1798	266	1476	9	0	0	0	0	3549	294.39	15.60	3.54	11.22	33.05	13.44	38.37	1.66	21.41	18.29
6/19/2015 12:39:59 AM	2.82	0.33	3.41	0.31	0.00	0.00	0.00	0.22	6.86	100.00	7.05	12.55	1494	325	1534	9	0	0	0	0	3362	294.74	15.76	3.46	11.13	32.20	13.46	36.86	1.69	21.45	18.31
6/19/2015 12:40:01 AM	2.82	0.60	4.84	0.67	0.00	0.00	0.00	0.13	8.94	100.00	7.36	11.92	1495	597	2180	20	0	0	0	0	4292	291.69	21.71	4.84	15.65	38.36	18.63	46.68	1.72	21.47	18.33
6/19/2015 12:40:04 AM	2.88	1.98	3.97	1.38	0.00	0.00	0.00	0.17	10.21	100.00	7.68	11.10	1529	1981	1787	41	0	0	0	0	5338	288.75	22.75	6.54	24.75	39.69	27.99	45.85	1.75	21.48	18.33
6/19/2015 12:40:07 AM	2.56	3.70	3.01	1.99	0.00	0.00	0.00	0.23	11.25	100.00	8.03	10.50	1356	3696	1353	60	0	0	0	0	6465	286.38	23.32	8.53	35.26	40.07	38.11	42.66	1.79	21.50	18.36
6/19/2015 12:40:10 AM	2.65	7.09	1.23	3.33	0.00	0.00	0.00	0.34	14.30	100.00	8.34	10.34	1407	7086	555	100	0	0	0	0	9148	284.71	25.77	12.82	57.28	43.93	59.60	40.85	1.82	21.50	18.37
6/19/2015 12:40:12 AM	2.43	15.77	0.00	4.73	0.00	0.00	0.00	0.44	22.94	99.74	8.58	10.23	1290	15768	0	142	0	0	0	0	17199	280.03	34.34	23.36	112.64	56.32	110.74	42.50	1.84	21.52	18.40
6/19/2015 12:40:15 AM	0.00	84.39	0.00	14.27	0.00	0.00	0.00	0.57	98.65	88.11	8.88	9.75	0	84386	0	428	0	0	0	0	84814	247.36	119.38	104.79	543.12	178.45	542.03	92.02	1.87	21.52	18.36
6/19/2015 12:40:18 AM	0.00	84.24	0.00	20.59	0.00	0.00	0.00	0.63	104.82	86.64	9.16	9.28	0	84237	0	618	0	0	0	0	84854	243.23	137.70	114.42	554.19	201.80	572.07	124.17	1.90	21.52	18.41
6/19/2015 12:40:21 AM	0.00	73.89	0.00	24.19	0.00	0.00	0.00	0.86	98.07	86.46	9.43	9.08	0	73886	0	726	0	0	0	0	74612	242.73	139.29	108.08	500.56	204.47	529.55	144.79	1.92	21.52	18.40
6/19/2015 12:40:24 AM	0.00	64.38	0.00	22.46	0.00	0.00	0.00	1.32	86.84	87.59	9.69	9.07	0	64377	0	674	0	0	0	0	65051	245.89	126.10	96.82	441.09	195.12	466.80	140.53	1.95	21.51	18.38
6/19/2015 12:40:26 AM	0.87	55.10	0.00	21.88	0.00	0.00	0.00	1.86	77.85	88.76	9.96	8.98	463	55098	0	656	0	0	0	0	56217	249.18	119.79	87.55	385.98	195.34	411.81	145.25	1.98	21.51	18.43
6/19/2015 12:40:29 AM	0.20	45.77	0.00	21.70	0.00	0.00	0.00	2.07	67.67	89.82	10.23	8.64	106	45770	0	651	0	0	0	0	46527	252.16	111.65	78.14	327.75	184.55	358.61	141.18	2.00	21.50	18.40
6/19/2015 12:40:32 AM	0.00	38.70	0.00	13.31	0.00	0.00	0.00	1.73	52.02	91.06	10.53	8.43	0	38705	0	399	0	0	0	0	39104	255.65	78.74	59.13	263.52	138.52	283.33	91.08	2.03	21.49	18.40
6/19/2015 12:40:35 AM	0.00	35.99	0.00	9.51	0.00	0.00	0.00	1.58	45.50	91.65	10.83	8.21	0	35988	0	285	0	0	0	0	36273	257.30	64.48	50.89	237.96	118.56	251.50	69.17	2.06	21.48	18.41
6/19/2015 12:40:38 AM	0.00	32.08	0.00	6.61	0.00	0.00	0.00	1.41	38.68	91.67	11.12	8.35	0	32075	0	198	0	0	0	0	32273	257.35	51.36	42.80	207.11	99.51	217.02	51.69	2.09	21.47	18.42
6/19/2015 12:40:40 AM	0.00	29.82	0.00	5.51	0.00	0.00	0.00	1.37	35.33	91.75	11.43	8.24	0	29818	0	165	0	0	0	0	29983	257.58	46.10	38.55	190.26	91.98	200.20	44.83	2.12	21.44	18.43
6/19/2015 12:40:43 AM	1.29	24.14	0.00	5.06	0.00	0.00	0.00	1.32	30.49	74.96	11.60	8.38	685	24136	0	152	0	0	0	0	24972	210.41	40.45	31.66	160.22	84.86	163.23	49.74	2.14	21.42	18.39
