Date/Time	Green Algae	Bluegreen	Diatoms	Cryptophyta	#4	#5	#6	Yellow substances	Total conc.	Transmission	Depth	Temp. Sample	Green Algae	Bluegreen	Diatoms	Cryptophyta	#4	#5	#6	Yellow substances	Total cell count	Trans. 700 nm	LED 3 [525 nm]	LED 4 [570 nm]	LED 5 [610 nm]	LED 6 [370 nm]	LED 7 [590 nm]	LED 8 [470 nm]	Pressure	Temp. LEDs	Temp. Sensor
date	µg/l	µg/l	µg/l	µg/l	µg/l	µg/l	µg/l	µg/l	µg/l	%	m	°C	cells/ml	cells/ml	cells/ml	cells/ml	cells/ml	cells/ml	cells/ml	cells/ml	cells/ml	digits	digits	digits	digits	digits	digits	digits	bar	°C	°C
5/14/2015 12:17:51 PM	0.00	0.95	0.00	0.00	0.00	0.00	0.00	0.00	0.95	92.21	0.15	19.11	0	954	0	0	0	0	0	0	954	258.87	1.26	-1.32	3.93	-0.34	11.06	-2.35	1.02	18.03	14.86
5/14/2015 12:17:54 PM	0.00	0.18	0.00	0.00	0.00	0.00	0.00	0.00	0.18	77.64	0.32	20.00	0	176	0	0	0	0	0	0	176	217.93	5.34	-5.56	0.38	-1.77	5.12	-1.13	1.03	18.08	14.87
5/14/2015 12:17:57 PM	2.37	0.00	0.30	0.56	0.00	0.00	0.00	0.00	3.23	100.00	0.70	21.15	1258	0	135	17	0	0	0	0	1409	326.75	4.72	1.35	3.55	10.19	7.98	16.75	1.07	18.13	14.87
5/14/2015 12:17:59 PM	1.87	0.00	1.57	0.19	0.00	0.00	0.00	0.00	3.62	100.00	1.00	21.18	989	0	705	6	0	0	0	0	1700	294.09	7.21	3.78	3.61	14.28	6.97	19.39	1.10	18.14	14.99
5/14/2015 12:18:02 PM	0.88	0.00	1.85	0.60	0.00	0.00	0.00	0.00	3.33	100.00	1.19	21.15	467	0	831	18	0	0	0	0	1316	290.11	9.11	0.41	2.85	13.69	10.20	18.42	1.12	18.18	14.87
5/14/2015 12:18:05 PM	1.32	0.00	2.61	0.00	0.00	0.00	0.00	0.00	3.93	100.00	1.38	21.11	698	0	1176	0	0	0	0	0	1874	292.40	9.81	2.67	4.80	16.94	7.27	21.72	1.14	18.23	14.90
5/14/2015 12:18:08 PM	1.80	0.00	1.95	0.09	0.00	0.00	0.00	0.00	3.84	100.00	1.49	21.10	953	0	880	3	0	0	0	0	1836	291.31	7.92	3.97	3.56	14.34	7.02	21.89	1.15	18.27	14.97
5/14/2015 12:18:11 PM	0.36	0.00	3.14	0.29	0.00	0.00	0.00	0.00	3.80	100.00	1.66	21.07	192	0	1414	9	0	0	0	0	1615	287.94	11.84	1.66	5.38	16.17	8.85	22.55	1.16	18.30	14.96
5/14/2015 12:18:13 PM	2.58	0.00	1.55	0.49	0.00	0.00	0.00	0.00	4.61	100.00	1.80	21.01	1365	0	697	15	0	0	0	0	2076	288.28	8.58	3.55	5.03	16.24	9.26	25.14	1.18	18.34	14.96
5/14/2015 12:18:16 PM	2.25	0.00	2.18	0.00	0.00	0.00	0.00	0.00	4.42	100.00	1.92	20.98	1190	0	980	0	0	0	0	0	2170	290.43	9.12	0.77	4.09	17.45	8.62	23.96	1.19	18.38	15.03
5/14/2015 12:18:19 PM	0.87	0.00	3.10	0.00	0.00	0.00	0.00	0.00	3.97	100.00	2.11	21.00	463	0	1393	0	0	0	0	0	1856	289.38	10.85	1.75	3.66	15.48	6.86	24.82	1.21	18.42	15.02
5/14/2015 12:18:22 PM	1.24	0.00	2.80	0.44	0.00	0.00	0.00	0.00	4.49	100.00	2.26	20.93	658	0	1262	13	0	0	0	0	1934	288.98	11.44	3.92	4.91	16.54	9.55	26.98	1.22	18.45	15.00
5/14/2015 12:18:25 PM	1.31	0.00	3.71	0.00	0.00	0.00	0.00	0.00	5.02	100.00	2.37	20.87	694	0	1670	0	0	0	0	0	2364	289.80	12.90	0.93	8.65	15.29	8.88	33.07	1.23	18.49	15.02
5/14/2015 12:18:27 PM	0.22	0.00	4.16	0.00	0.00	0.00	0.00	0.00	4.38	100.00	2.49	20.85	118	0	1871	0	0	0	0	0	1989	288.69	13.61	2.37	5.02	16.24	8.59	29.36	1.24	18.53	15.01
5/14/2015 12:18:30 PM	1.81	0.00	3.77	0.40	0.00	0.00	0.00	0.00	5.98	100.00	2.72	20.46	957	0	1695	12	0	0	0	0	2664	291.65	15.25	2.06	7.89	23.22	12.01	34.40	1.27	18.56	15.07
5/14/2015 12:18:33 PM	1.59	0.00	3.31	0.37	0.00	0.00	0.00	0.00	5.27	100.00	2.85	19.59	843	0	1490	11	0	0	0	0	2344	288.99	13.39	1.59	6.58	19.62	11.12	31.10	1.28	18.60	15.06
5/14/2015 12:18:36 PM	3.20	0.00	2.22	0.00	0.00	0.00	0.00	0.00	5.42	100.00	3.04	18.98	1696	0	1000	0	0	0	0	0	2696	292.72	10.06	0.11	4.58	20.93	10.04	28.71	1.30	18.64	15.06
5/14/2015 12:18:39 PM	2.86	0.00	2.60	0.00	0.00	0.00	0.00	0.00	5.46	100.00	3.20	18.36	1517	0	1170	0	0	0	0	0	2686	291.02	10.81	2.22	5.98	20.75	9.20	29.90	1.31	18.67	15.05
5/14/2015 12:18:41 PM	1.96	0.00	2.37	0.06	0.00	0.00	0.00	0.09	4.40	100.00	3.37	17.89	1041	0	1068	2	0	0	0	0	2111	292.58	9.98	2.44	4.41	20.21	8.58	24.46	1.33	18.70	15.08
5/14/2015 12:18:44 PM	2.53	0.00	2.14	0.00	0.00	0.00	0.00	0.01	4.68	100.00	3.55	17.30	1343	0	965	0	0	0	0	0	2308	293.35	9.23	1.89	4.00	19.13	7.97	24.97	1.35	18.73	15.08
5/14/2015 12:18:47 PM	2.28	0.00	2.53	0.00	0.00	0.00	0.00	0.00	4.81	100.00	3.73	16.55	1208	0	1140	0	0	0	0	0	2348	291.60	10.35	1.49	5.92	19.34	8.35	25.99	1.37	18.77	15.13
5/14/2015 12:18:50 PM	1.59	0.00	3.17	0.00	0.00	0.00	0.00	0.05	4.76	100.00	3.86	16.28	844	0	1425	0	0	0	0	0	2269	294.16	12.09	1.23	4.22	21.32	8.83	27.39	1.38	18.78	15.14
5/14/2015 12:18:52 PM	2.31	0.00	2.96	0.00	0.00	0.00	0.00	0.05	5.27	100.00	4.02	15.96	1223	0	1334	0	0	0	0	0	2557	295.17	11.94	1.90	5.44	22.82	8.04	29.47	1.39	18.81	15.11
5/14/2015 12:18:55 PM	3.10	0.00	3.14	0.00	0.00	0.00	0.00	0.00	6.24	100.00	4.17	15.77	1644	0	1412	0	0	0	0	0	3056	294.42	12.76	2.70	6.22	24.25	8.80	34.61	1.41	18.83	15.16
5/14/2015 12:18:58 PM	3.57	0.00	3.63	0.00	0.00	0.00	0.00	0.00	7.20	100.00	4.35	15.55	1894	0	1633	0	0	0	0	0	3527	293.04	14.69	1.64	6.76	26.88	10.59	40.80	1.43	18.86	15.12
5/14/2015 12:19:01 PM	4.89	0.00	4.02	0.00	0.00	0.00	0.00	0.00	8.91	100.00	4.51	15.03	2593	0	1809	0	0	0	0	0	4402	289.99	16.87	2.67	8.42	32.83	11.45	49.83	1.44	18.88	15.18
5/14/2015 12:19:04 PM	4.85	0.00	4.98	0.00	0.00	0.00	0.00	0.00	9.82	100.00	4.67	14.70	2570	0	2239	0	0	0	0	0	4809	289.81	19.82	3.54	8.08	36.55	12.41	56.28	1.46	18.91	15.21
5/14/2015 12:19:06 PM	4.87	0.00	5.67	0.00	0.00	0.00	0.00	0.00	10.54	100.00	4.84	14.45	2582	0	2551	0	0	0	0	0	5133	289.49	22.02	4.51	9.52	39.30	13.79	60.76	1.47	18.91	15.24
5/14/2015 12:19:09 PM	5.58	0.00	6.33	0.00	0.00	0.00	0.00	0.00	11.92	100.00	5.06	14.23	2958	0	2851	0	0	0	0	0	5809	289.28	24.81	4.05	10.92	44.64	15.73	68.19	1.50	18.94	15.25
5/14/2015 12:19:12 PM	5.31	0.00	7.39	0.00	0.00	0.00	0.00	0.00	12.70	100.00	5.27	13.93	2815	0	3326	0	0	0	0	0	6141	289.19	27.96	5.25	11.54	48.27	16.81	73.71	1.52	18.96	15.22
5/14/2015 12:19:15 PM	5.96	0.00	7.31	0.00	0.00	0.00	0.00	0.00	13.27	100.00	5.46	13.45	3161	0	3288	0	0	0	0	0	6449	289.27	28.17	4.92	12.31	49.69	17.96	76.37	1.53	18.97	15.27
5/14/2015 12:19:18 PM	5.28	0.00	7.84	0.00	0.00	0.00	0.00	0.00	13.12	100.00	5.62	13.09	2796	0	3529	0	0	0	0	0	6325	288.11	29.38	5.53	12.64	49.77	17.34	76.51	1.55	19.00	15.27
5/14/2015 12:19:20 PM	5.47	0.00	7.26	0.00	0.00	0.00	0.00	0.00	12.73	100.00	5.77	12.99	2900	0	3268	0	0	0	0	0	6168	289.81	27.61	4.79	11.75	47.55	17.89	73.90	1.57	19.00	15.25
5/14/2015 12:19:23 PM	5.24	0.00	7.29	0.00	0.00	0.00	0.00	0.00	12.53	100.00	5.88	13.01	2776	0	3280	0	0	0	0	0	6055	289.40	27.62	4.60	11.70	47.37	16.98	72.70	1.58	19.02	15.28
5/14/2015 12:19:26 PM	5.46	0.00	7.26	0.00	0.00	0.00	0.00	0.00	12.72	100.00	6.06	12.62	2894	0	3268	0	0	0	0	0	6162	290.28	27.64	5.21	12.86	47.83	18.27	73.20	1.59	19.02	15.29
5/14/2015 12:19:29 PM	5.43	0.00	6.87	0.00	0.00	0.00	0.00	0.00	12.30	100.00	6.16	12.14	2879	0	3089	0	0	0	0	0	5968	291.50	26.50	4.71	13.85	46.69	17.89	69.61	1.60	19.02	15.27
5/14/2015 12:19:32 PM	4.82	0.00	7.29	0.00	0.00	0.00	0.00	0.00	12.11	100.00	6.21	12.49	2557	0	3280	0	0	0	0	0	5837	291.90	27.42	4.85	12.20	46.92	17.59	69.55	1.61	19.03	15.31
5/14/2015 12:19:34 PM	5.15	0.00	7.35	0.00	0.00	0.00	0.00	0.00	12.49	100.00	6.40	12.57	2728	0	3306	0	0	0	0	0	6033	290.25	27.77	5.01	12.67	47.74	18.45	71.69	1.63	19.04	15.32
5/14/2015 12:19:37 PM	4.79	0.00	7.80	0.00	0.00	0.00	0.00	0.00	12.59	100.00	6.57	12.19	2538	0	3512	0	0	0	0	0	6050	291.78	29.14	5.16	14.06	49.31	19.60	71.75	1.64	19.06	15.31
5/14/2015 12:19:40 PM	4.75	0.00	7.72	0.19	0.00	0.00	0.00	0.00	12.67	100.00	6.65	11.64	2520	0	3475	6	0	0	0	0	6001	291.25	29.50	5.33	14.70	49.42	20.47	72.00	1.65	19.05	15.33
5/14/2015 12:19:43 PM	4.74	0.00	7.13	0.20	0.00	0.00	0.00	0.00	12.07	100.00	6.82	11.49	2510	0	3210	6	0	0	0	0	5725	292.26	27.51	5.37	13.72	46.60	19.48	68.49	1.67	19.05	15.38
5/14/2015 12:19:45 PM	5.08	0.00	7.16	0.26	0.00	0.00	0.00	0.00	12.50	100.00	6.90	11.05	2691	0	3223	8	0	0	0	0	5921	292.09	28.15	5.41	14.40	48.46	20.22	70.26	1.68	19.05	15.33
5/14/2015 12:19:48 PM	4.95	0.00	7.06	0.37	0.00	0.00	0.00	0.00	12.38	100.00	7.03	11.10	2623	0	3178	11	0	0	0	0	5811	292.17	28.07	5.56	14.31	47.96	20.39	69.59	1.69	19.05	15.34
5/14/2015 12:19:51 PM	5.14	0.00	7.22	0.73	0.00	0.00	0.00	0.00	13.09	100.00	7.16	10.42	2725	0	3249	22	0	0	0	0	5996	290.38	29.98	6.12	16.17	50.70	22.13	73.00	1.70	19.04	15.37
5/14/2015 12:19:54 PM	4.79	0.00	7.43	0.47	0.00	0.00	0.00	0.00	12.69	100.00	7.30	10.33	2539	0	3345	14	0	0	0	0	5897	290.85	29.56	5.52	14.89	49.65	21.35	71.40	1.72	19.04	15.38
5/14/2015 12:19:57 PM	5.11	0.00	7.78	0.71	0.00	0.00	0.00	0.00	13.61	100.00	7.47	10.32	2710	0	3502	21	0	0	0	0	6234	291.31	31.80	6.28	16.95	53.25	22.93	76.08	1.73	19.02	15.41
5/14/2015 12:19:59 PM	4.83	0.00	7.93	0.48	0.00	0.00	0.00	0.00	13.24	100.00	7.52	9.99	2561	0	3569	14	0	0	0	0	6144	290.60	31.18	6.10	15.82	51.61	21.94	75.01	1.74	19.02	15.40
5/14/2015 12:20:02 PM	5.08	0.00	8.03	0.61	0.00	0.00	0.00	0.00	13.71	100.00	7.64	10.33	2690	0	3613	18	0	0	0	0	6321	289.98	32.11	6.26	16.12	53.27	23.16	77.51	1.75	19.01	15.38
5/14/2015 12:20:05 PM	5.06	0.00	8.06	0.77	0.00	0.00	0.00	0.00	13.90	100.00	7.84	9.73	2683	0	3627	23	0	0	0	0	6334	290.53	32.84	6.56	16.57	54.61	23.91	77.91	1.77	18.99	15.39
5/14/2015 12:20:08 PM	4.31	0.00	7.52	0.85	0.00	0.00	0.00	0.00	12.69	100.00	8.05	9.34	2285	0	3385	26	0	0	0	0	5696	289.89	30.90	6.55	16.23	50.76	22.09	70.75	1.79	18.98	15.38
5/14/2015 12:20:11 PM	4.24	0.00	6.44	1.07	0.00	0.00	0.00	0.00	11.75	100.00	8.20	9.40	2248	0	2900	32	0	0	0	0	5180	290.16	28.11	6.04	15.16	46.86	21.44	64.57	1.80	18.97	15.41
5/14/2015 12:20:13 PM	4.04	0.00	5.91	1.05	0.00	0.00	0.00	0.00	11.00	100.00	8.39	9.37	2143	0	2660	31	0	0	0	0	4834	289.79	26.21	5.67	14.08	44.27	20.41	59.86	1.82	18.95	15.40
5/14/2015 12:20:16 PM	3.09	0.00	4.00	1.13	0.00	0.00	0.00	0.08	8.22	100.00	8.54	9.08	1639	0	1799	34	0	0	0	0	3472	289.37	19.88	4.48	11.32	35.15	16.74	44.58	1.84	18.93	15.40
5/14/2015 12:20:19 PM	2.81	0.00	3.45	1.39	0.00	0.00	0.00	0.10	7.65	100.00	8.70	8.91	1488	0	1554	42	0	0	0	0	3084	288.73	18.79	4.69	11.12	32.94	16.55	41.39	1.85	18.90	15.41
5/14/2015 12:20:22 PM	2.05	0.48	2.64	1.29	0.00	0.00	0.00	0.11	6.47	100.00	8.80	9.17	1087	484	1188	39	0	0	0	0	2798	286.63	15.73	4.56	12.45	27.17	16.40	32.62	1.86	18.89	15.40
5/14/2015 12:20:25 PM	2.43	0.65	2.24	1.51	0.00	0.00	0.00	0.11	6.83	100.00	8.95	8.95	1286	654	1009	45	0	0	0	0	2995	286.69	15.62	4.85	13.86	27.75	18.10	33.05	1.88	18.88	15.39
5/14/2015 12:20:27 PM	2.56	12.82	0.00	4.47	0.00	0.00	0.00	0.11	19.85	100.00	9.15	8.50	1355	12822	0	134	0	0	0	0	14310	281.01	29.04	20.15	93.07	44.59	94.19	37.74	1.90	18.84	15.43
5/14/2015 12:20:30 PM	0.10	27.12	0.00	6.86	0.00	0.00	0.00	0.15	34.09	97.99	9.32	8.45	54	27119	0	206	0	0	0	0	27379	275.11	45.60	37.71	182.47	64.48	182.79	42.58	1.91	18.83	15.37
5/14/2015 12:20:33 PM	0.00	35.22	0.00	6.51	0.00	0.00	0.00	0.00	41.73	96.66	9.48	8.21	0	35222	0	195	0	0	0	0	35418	271.36	51.34	45.99	227.55	70.17	230.16	38.63	1.93	18.80	15.41
5/14/2015 12:20:36 PM	0.00	36.60	0.00	5.77	0.00	0.00	0.00	0.00	42.37	96.69	9.67	8.03	0	36599	0	173	0	0	0	0	36772	271.45	49.96	46.94	234.17	69.27	234.68	35.21	1.95	18.78	15.36
5/14/2015 12:20:38 PM	0.00	35.81	0.00	6.39	0.00	0.00	0.00	0.00	42.20	96.53	9.82	7.91	0	35809	0	192	0	0	0	0	36001	271.00	51.00	46.15	229.97	71.24	233.99	37.67	1.96	18.74	15.40
5/14/2015 12:20:41 PM	0.00	36.32	0.00	6.11	0.00	0.00	0.00	0.02	42.43	96.62	9.96	7.94	0	36321	0	183	0	0	0	0	36504	271.26	49.55	46.22	234.09	71.88	233.69	37.67	1.98	18.72	15.40
5/14/2015 12:20:44 PM	0.00	34.27	0.00	5.94	0.00	0.00	0.00	0.00	40.21	97.03	10.19	8.11	0	34269	0	178	0	0	0	0	34447	272.42	47.96	43.52	219.11	68.25	223.92	34.78	2.00	18.69	15.38
5/14/2015 12:20:47 PM	0.00	35.30	0.00	5.43	0.00	0.00	0.00	0.03	40.73	97.29	10.31	7.97	0	35300	0	163	0	0	0	0	35463	273.14	46.75	44.16	225.43	68.72	226.06	33.49	2.01	18.66	15.37
5/14/2015 12:20:50 PM	0.00	33.08	0.00	5.35	0.00	0.00	0.00	0.03	38.43	97.53	10.48	7.94	0	33078	0	161	0	0	0	0	33239	273.82	44.88	41.43	210.15	65.86	215.09	31.59	2.03	18.63	15.35
5/14/2015 12:20:52 PM	0.00	35.24	0.00	4.99	0.00	0.00	0.00	0.13	40.24	97.76	10.58	7.94	0	35244	0	150	0	0	0	0	35394	274.47	45.56	43.65	223.80	69.54	224.28	32.05	2.04	18.60	15.37
5/14/2015 12:20:55 PM	0.00	33.07	0.00	4.93	0.00	0.00	0.00	0.18	38.00	98.04	10.77	7.91	0	33075	0	148	0	0	0	0	33223	275.25	43.91	41.29	209.87	67.49	212.55	31.22	2.05	18.56	15.36
5/14/2015 12:20:58 PM	0.00	33.63	0.00	4.72	0.00	0.00	0.00	0.28	38.34	98.08	10.92	7.89	0	33628	0	141	0	0	0	0	33770	275.37	44.19	41.83	213.62	69.75	213.79	31.67	2.07	18.53	15.37
5/14/2015 12:21:01 PM	0.00	32.60	0.00	5.06	0.00	0.00	0.00	0.29	37.66	97.77	11.07	7.81	0	32601	0	152	0	0	0	0	32753	274.49	44.19	40.78	206.22	70.01	211.93	32.27	2.08	18.50	15.35
5/14/2015 12:21:04 PM	0.00	34.08	0.00	5.00	0.00	0.00	0.00	0.38	39.08	97.83	11.16	7.93	0	34080	0	150	0	0	0	0	34229	274.65	45.30	42.40	215.44	73.81	219.66	33.47	2.09	18.46	15.30
5/14/2015 12:21:06 PM	0.00	31.36	0.00	4.81	0.00	0.00	0.00	0.39	36.17	98.26	11.35	7.93	0	31358	0	144	0	0	0	0	31502	275.88	42.50	39.06	197.52	69.98	204.77	31.58	2.11	18.41	15.33
5/14/2015 12:21:09 PM	0.00	30.42	0.00	4.78	0.00	0.00	0.00	0.48	35.20	98.31	11.53	7.72	0	30420	0	144	0	0	0	0	30564	276.02	41.65	38.03	190.78	70.79	200.68	31.64	2.13	18.39	15.35
5/14/2015 12:21:12 PM	0.00	29.52	0.00	4.56	0.00	0.00	0.00	0.59	34.08	97.96	11.69	7.82	0	29519	0	137	0	0	0	0	29656	275.03	40.74	36.98	186.09	70.92	193.29	32.05	2.15	18.35	15.33
5/14/2015 12:21:15 PM	0.00	30.74	0.00	4.36	0.00	0.00	0.00	0.69	35.10	98.12	11.88	7.80	0	30740	0	131	0	0	0	0	30871	275.47	41.48	38.18	193.77	74.12	198.54	32.68	2.16	18.31	15.27
5/14/2015 12:21:18 PM	0.00	29.88	0.00	4.37	0.00	0.00	0.00	0.72	34.25	93.45	12.05	7.74	0	29882	0	131	0	0	0	0	30013	262.37	40.92	37.48	188.89	73.53	193.40	32.95	2.18	18.27	15.30
