Date/Time	Green Algae	Bluegreen	Diatoms	Cryptophyta	#5	#6	#7	Yellow substances	Total conc.	Transmission	Depth	Temp. Sample	Green Algae	Bluegreen	Diatoms	Cryptophyta	#5	#6	#7	Yellow substances	Total cell count	Trans. 700 nm	LED 3 [525 nm]	LED 4 [570 nm]	LED 5 [610 nm]	LED 6 [370 nm]	LED 7 [590 nm]	LED 8 [470 nm]	Pressure	Temp. LEDs	Temp. Sensor
date	µg/l	µg/l	µg/l	µg/l	µg/l	µg/l	µg/l	r.u.	µg/l	%	m	°C	cells/ml	cells/ml	cells/ml	cells/ml	cells/ml	cells/ml	cells/ml	r.u.	cells/ml	digits	digits	digits	digits	digits	digits	digits	bar	°C	°C
5/4/2018 1:50:00 PM	0.00	0.50	0.00	0.00	0.00	0.00	0.00	0.00	0.50	74.59	-0.05	42.45	0	499	0	0	0	0	0	0	499	130.03	3.42	-5.57	11.85	-4.50	-2.41	-0.66	1.00	33.39	10.66
5/4/2018 1:50:02 PM	0.05	0.95	0.00	0.00	0.00	0.00	0.00	0.00	1.00	68.83	-0.07	42.47	29	947	0	0	0	0	0	0	975	120.00	-6.19	-6.78	4.68	0.07	10.47	1.37	0.99	33.48	10.69
5/4/2018 1:50:04 PM	0.00	0.98	0.00	0.00	0.00	0.00	0.00	0.02	0.98	72.41	-0.07	42.54	0	980	0	0	0	0	0	0	980	126.23	-7.64	-1.95	5.51	4.25	8.75	-1.40	0.99	33.59	10.69
5/4/2018 1:50:07 PM	1.66	1.45	0.00	0.00	0.00	0.00	0.00	0.00	3.11	66.85	-0.07	42.59	879	1454	0	0	0	0	0	0	2333	116.55	-8.08	-4.16	10.95	4.07	11.26	6.60	0.99	33.67	10.70
5/4/2018 1:50:09 PM	0.00	0.00	0.61	0.83	0.00	0.00	0.00	0.00	1.44	73.09	-0.07	42.60	0	0	275	25	0	0	0	0	300	127.42	9.12	2.67	4.21	1.90	4.79	3.87	0.99	33.76	10.73
5/4/2018 1:50:12 PM	0.00	1.04	0.00	0.00	0.00	0.00	0.00	0.00	1.04	72.81	-0.06	42.57	0	1037	0	0	0	0	0	0	1037	126.92	-3.63	-1.86	11.39	0.12	2.91	0.05	0.99	33.85	10.73
5/4/2018 1:50:14 PM	0.35	2.05	0.00	0.00	0.00	0.00	0.00	0.00	2.40	70.67	-0.06	42.54	185	2050	0	0	0	0	0	0	2235	123.21	-5.58	0.15	10.31	-4.28	14.73	4.99	0.99	33.93	10.73
5/4/2018 1:50:16 PM	0.00	0.69	0.00	0.00	0.00	0.00	0.00	0.60	0.69	68.86	-0.07	42.50	0	687	0	0	0	0	0	0	687	120.05	3.74	-6.22	5.42	9.30	6.01	0.86	0.99	34.02	10.75
5/4/2018 1:50:19 PM	0.12	0.00	0.00	0.00	0.00	0.00	0.00	0.30	0.12	73.75	-0.07	42.49	65	0	0	0	0	0	0	0	65	128.56	-5.56	1.43	-1.49	3.91	4.37	3.68	0.99	34.11	10.75
5/4/2018 1:50:21 PM	0.00	0.06	0.00	0.00	0.00	0.00	0.00	0.00	0.06	72.91	-0.07	42.48	0	56	0	0	0	0	0	0	56	127.10	-7.59	-5.87	1.64	-6.34	6.27	2.87	0.99	34.18	10.77
5/4/2018 1:50:23 PM	0.00	0.04	0.00	0.00	0.00	0.00	0.00	0.00	0.04	69.52	-0.06	42.47	0	43	0	0	0	0	0	0	43	121.19	-6.81	-0.05	5.24	-2.39	0.84	-1.64	0.99	34.28	10.78
5/4/2018 1:50:26 PM	0.01	0.83	0.00	0.06	0.00	0.00	0.00	0.00	0.90	64.58	-0.07	42.51	4	833	0	2	0	0	0	0	840	112.59	1.19	-1.44	4.22	-0.50	7.97	0.61	0.99	34.36	10.76
5/4/2018 1:50:28 PM	0.12	0.90	0.00	0.00	0.00	0.00	0.00	0.00	1.02	69.90	-0.07	42.55	66	899	0	0	0	0	0	0	965	121.86	-0.15	-0.31	5.74	0.20	6.76	0.70	0.99	34.42	10.78
5/4/2018 1:50:31 PM	0.00	0.02	0.00	0.00	0.00	0.00	0.00	0.00	0.02	54.01	-0.07	42.53	0	21	0	0	0	0	0	0	21	94.18	0.01	-0.82	2.34	-2.23	2.32	-0.04	0.99	34.50	10.79
5/4/2018 1:50:33 PM	0.00	1.09	0.00	0.00	0.00	0.00	0.00	0.00	1.09	63.59	-0.07	42.60	0	1087	0	0	0	0	0	0	1087	110.86	-2.65	-1.04	6.72	0.31	8.16	-3.87	0.99	34.56	10.80
5/4/2018 1:50:35 PM	0.00	0.95	0.00	0.00	0.00	0.00	0.00	0.00	0.95	66.65	-0.06	42.64	0	950	0	0	0	0	0	0	950	116.19	-2.24	1.72	6.94	-2.11	6.11	0.86	0.99	34.64	10.80
5/4/2018 1:50:38 PM	0.06	0.40	1.00	0.00	0.00	0.00	0.00	0.51	1.47	79.17	0.16	42.76	34	403	450	0	0	0	0	0	886	138.01	4.52	0.68	4.17	7.28	6.10	8.45	1.02	34.72	10.83
5/4/2018 1:50:40 PM	1.71	0.16	1.12	0.00	0.00	0.00	0.00	0.24	2.99	84.25	0.38	42.43	905	157	505	0	0	0	0	0	1567	146.85	4.81	2.51	5.62	6.90	4.86	12.00	1.04	34.77	10.82
5/4/2018 1:50:42 PM	3.28	0.00	0.55	0.00	0.00	0.00	0.00	0.12	3.83	82.98	0.47	41.82	1739	0	249	0	0	0	0	0	1988	144.65	3.84	2.14	4.60	6.71	5.37	13.77	1.05	34.84	10.84
5/4/2018 1:50:45 PM	1.50	0.05	0.19	0.00	0.00	0.00	0.00	0.65	1.73	80.84	0.57	41.61	793	47	85	0	0	0	0	0	925	140.91	3.60	0.40	4.34	9.05	3.60	10.42	1.06	34.93	10.84
5/4/2018 1:50:47 PM	3.46	0.25	0.00	0.00	0.00	0.00	0.00	0.41	3.71	82.47	0.69	41.57	1836	249	0	0	0	0	0	0	2085	143.76	3.28	-0.78	4.71	9.37	8.10	14.16	1.07	34.99	10.84
5/4/2018 1:50:50 PM	2.48	0.31	0.00	0.00	0.00	0.00	0.00	0.47	2.79	80.25	0.78	41.55	1316	307	0	0	0	0	0	0	1623	139.89	2.71	0.83	4.37	8.60	7.06	11.47	1.08	35.05	10.86
5/4/2018 1:50:52 PM	2.74	0.18	0.00	0.00	0.00	0.00	0.00	0.44	2.92	80.77	0.84	41.52	1452	183	0	0	0	0	0	0	1635	140.80	3.27	1.62	5.74	8.55	4.70	12.01	1.08	35.11	10.87
5/4/2018 1:50:54 PM	2.62	0.00	0.00	0.14	0.00	0.00	0.00	0.36	2.76	79.49	0.94	41.49	1388	0	0	4	0	0	0	0	1392	138.56	3.35	1.06	3.34	7.49	5.89	11.66	1.09	35.17	10.88
5/4/2018 1:50:57 PM	2.91	0.35	0.00	0.00	0.00	0.00	0.00	0.44	3.27	80.80	1.05	41.36	1544	354	0	0	0	0	0	0	1899	140.85	2.84	1.86	5.66	8.97	6.69	12.63	1.10	35.24	10.89
5/4/2018 1:50:59 PM	1.50	0.00	1.41	0.00	0.00	0.00	0.00	0.35	2.91	82.02	1.14	41.12	796	0	634	0	0	0	0	0	1430	142.97	5.35	3.06	4.36	7.88	3.81	13.93	1.11	35.30	10.90
5/4/2018 1:51:01 PM	3.72	0.00	0.00	0.00	0.00	0.00	0.00	0.35	3.72	81.07	1.21	41.02	1972	0	0	0	0	0	0	0	1972	141.32	2.69	2.89	4.33	8.92	5.70	14.53	1.12	35.36	10.92
5/4/2018 1:51:04 PM	2.87	0.28	0.00	0.00	0.00	0.00	0.00	0.55	3.15	80.05	1.33	40.84	1520	280	0	0	0	0	0	0	1800	139.54	3.40	0.82	5.26	9.89	6.62	13.30	1.13	35.42	10.91
5/4/2018 1:51:06 PM	1.92	0.00	0.00	0.00	0.00	0.00	0.00	0.87	1.92	80.45	1.42	40.26	1016	0	0	0	0	0	0	0	1016	140.24	2.27	1.22	2.77	11.63	4.31	13.26	1.14	35.47	10.92
5/4/2018 1:51:09 PM	3.43	0.00	0.00	0.01	0.00	0.00	0.00	0.41	3.44	93.58	1.55	38.62	1818	0	0	0	0	0	0	0	1818	163.11	3.76	0.56	2.99	8.79	6.42	14.26	1.15	35.53	10.92
5/4/2018 1:51:11 PM	2.81	0.06	0.00	0.00	0.00	0.00	0.00	0.48	2.88	91.44	1.68	37.51	1491	64	0	0	0	0	0	0	1555	159.39	2.87	-1.36	4.08	9.03	6.14	12.54	1.17	35.58	10.95
5/4/2018 1:51:13 PM	2.32	0.10	0.00	0.16	0.00	0.00	0.00	0.54	2.58	95.51	1.86	36.84	1230	95	0	5	0	0	0	0	1330	166.47	3.30	2.41	4.26	9.24	5.82	12.18	1.18	35.65	10.94
5/4/2018 1:51:16 PM	2.93	0.35	0.01	0.00	0.00	0.00	0.00	0.52	3.29	96.75	2.08	36.14	1551	349	6	0	0	0	0	0	1907	168.63	3.99	-0.13	6.28	9.68	6.38	13.31	1.20	35.68	10.94
5/4/2018 1:51:18 PM	3.46	0.16	0.00	0.00	0.00	0.00	0.00	0.52	3.62	92.01	2.24	35.65	1836	157	0	0	0	0	0	0	1993	160.37	1.56	1.91	4.99	10.79	6.91	15.09	1.22	35.72	10.99
5/4/2018 1:51:20 PM	2.86	0.23	0.00	0.00	0.00	0.00	0.00	0.53	3.09	89.94	2.35	35.83	1514	234	0	0	0	0	0	0	1748	156.77	3.27	0.26	5.08	9.65	6.46	13.09	1.23	35.79	10.96
5/4/2018 1:51:23 PM	3.92	0.24	0.00	0.00	0.00	0.00	0.00	0.34	4.17	94.72	2.50	35.89	2079	244	0	0	0	0	0	0	2322	165.10	3.49	0.84	5.29	9.18	7.84	14.99	1.24	35.83	10.94
5/4/2018 1:51:25 PM	2.51	0.44	0.60	0.06	0.00	0.00	0.00	0.49	3.61	94.29	2.61	35.58	1333	436	270	2	0	0	0	0	2041	164.35	5.00	3.86	7.14	10.08	6.55	14.71	1.26	35.88	10.96
5/4/2018 1:51:28 PM	0.24	0.00	1.38	0.54	0.00	0.00	0.00	0.74	2.15	93.44	2.72	35.50	126	0	619	16	0	0	0	0	761	162.87	7.16	2.27	2.44	10.88	7.90	15.12	1.27	35.90	10.97
5/4/2018 1:51:30 PM	3.75	0.00	0.00	0.00	0.00	0.00	0.00	0.09	3.75	94.64	2.82	35.52	1989	0	0	0	0	0	0	0	1989	164.95	2.35	-0.19	6.51	6.31	3.72	12.46	1.28	35.96	10.99
5/4/2018 1:51:32 PM	3.67	0.06	0.00	0.00	0.00	0.00	0.00	0.33	3.73	96.13	2.92	35.69	1945	62	0	0	0	0	0	0	2006	167.55	2.53	-0.14	4.25	8.74	7.10	14.09	1.29	35.96	11.03
5/4/2018 1:51:35 PM	2.94	0.01	0.16	0.65	0.00	0.00	0.00	0.40	3.75	94.96	3.05	35.00	1556	7	71	19	0	0	0	0	1654	165.51	5.53	2.48	5.79	9.59	7.83	15.75	1.30	36.01	10.97
5/4/2018 1:51:37 PM	3.16	0.17	0.00	0.00	0.00	0.00	0.00	0.50	3.33	95.66	3.17	34.31	1673	171	0	0	0	0	0	0	1844	166.74	3.42	0.83	5.27	9.74	6.06	13.81	1.31	36.07	10.99
5/4/2018 1:51:39 PM	3.60	0.00	0.00	0.23	0.00	0.00	0.00	0.34	3.83	96.26	3.28	34.34	1909	0	0	7	0	0	0	0	1916	167.79	3.35	2.46	3.94	8.97	7.38	15.08	1.32	36.09	10.97
5/4/2018 1:51:42 PM	2.81	0.14	0.66	0.00	0.00	0.00	0.00	0.45	3.61	95.65	3.39	34.31	1491	140	296	0	0	0	0	0	1927	166.71	4.92	1.41	5.37	9.77	6.33	15.18	1.33	36.11	11.02
5/4/2018 1:51:44 PM	2.73	0.36	0.00	0.16	0.00	0.00	0.00	0.58	3.25	96.84	3.55	33.46	1448	359	0	5	0	0	0	0	1811	168.78	4.18	2.30	5.98	10.36	7.17	13.88	1.35	36.19	11.03
5/4/2018 1:51:47 PM	2.93	0.00	0.72	0.00	0.00	0.00	0.00	0.49	3.65	96.36	3.71	32.62	1552	0	325	0	0	0	0	0	1877	167.96	5.09	0.88	4.32	10.18	5.86	16.38	1.36	36.18	11.04
5/4/2018 1:51:49 PM	3.79	0.08	0.07	0.00	0.00	0.00	0.00	0.52	3.94	96.78	3.88	32.52	2007	85	32	0	0	0	0	0	2124	168.69	4.21	1.70	5.62	10.83	5.99	16.25	1.38	36.18	11.05
5/4/2018 1:51:51 PM	1.87	0.38	1.04	0.00	0.00	0.00	0.00	0.60	3.29	96.93	4.02	32.39	992	376	469	0	0	0	0	0	1836	168.94	6.03	0.68	6.55	10.87	6.73	15.17	1.39	36.20	11.02
5/4/2018 1:51:54 PM	2.99	0.26	0.00	0.35	0.00	0.00	0.00	0.46	3.61	96.96	4.16	31.56	1584	262	0	11	0	0	0	0	1857	168.99	4.39	2.06	5.78	9.77	8.15	14.56	1.41	36.23	11.07
5/4/2018 1:51:56 PM	0.73	0.16	1.10	0.00	0.00	0.00	0.00	0.73	1.98	97.72	4.30	30.67	385	160	493	0	0	0	0	0	1038	170.31	5.49	1.18	3.98	10.49	5.66	12.71	1.42	36.23	11.05
5/4/2018 1:51:58 PM	2.84	0.06	0.00	0.00	0.00	0.00	0.00	0.60	2.90	96.29	4.44	30.17	1505	58	0	0	0	0	0	0	1563	167.83	3.23	1.71	4.06	10.21	5.72	13.55	1.43	36.26	11.08
5/4/2018 1:52:01 PM	0.76	0.40	1.01	0.00	0.00	0.00	0.00	0.67	2.16	96.99	4.54	29.48	402	395	453	0	0	0	0	0	1251	169.05	5.37	0.96	5.12	9.89	6.41	11.97	1.44	36.29	11.05
5/4/2018 1:52:03 PM	1.30	0.10	0.51	0.00	0.00	0.00	0.00	0.62	1.91	96.86	4.65	29.00	692	100	228	0	0	0	0	0	1020	168.83	4.07	1.31	3.94	9.08	4.70	11.02	1.46	36.28	11.07
5/4/2018 1:52:06 PM	2.04	0.12	0.00	0.06	0.00	0.00	0.00	0.66	2.22	96.31	4.75	29.28	1080	125	0	2	0	0	0	0	1207	167.86	3.16	1.17	3.47	9.86	6.13	11.78	1.47	36.29	11.09
5/4/2018 1:52:08 PM	1.70	0.23	0.41	0.00	0.00	0.00	0.00	0.66	2.35	97.27	4.87	29.22	902	234	184	0	0	0	0	0	1320	169.53	4.33	1.45	5.11	10.07	5.19	12.28	1.48	36.30	11.09
5/4/2018 1:52:10 PM	0.44	0.25	0.40	0.27	0.00	0.00	0.00	0.87	1.36	97.19	4.99	28.37	235	248	178	8	0	0	0	0	669	169.40	4.91	1.62	4.19	10.87	6.07	11.06	1.49	36.31	11.09
5/4/2018 1:52:13 PM	1.51	0.25	0.21	0.00	0.00	0.00	0.00	0.77	1.97	96.71	5.11	27.61	802	251	94	0	0	0	0	0	1147	168.56	3.96	1.77	4.49	10.55	5.30	11.66	1.50	36.31	11.09
5/4/2018 1:52:15 PM	0.67	0.36	0.91	0.00	0.00	0.00	0.00	0.86	1.94	96.77	5.26	25.68	354	358	411	0	0	0	0	0	1124	168.67	5.57	1.09	5.16	11.53	5.87	12.78	1.52	36.31	11.08
5/4/2018 1:52:17 PM	1.72	0.29	0.39	0.57	0.00	0.00	0.00	0.86	2.97	96.51	5.44	24.27	912	286	176	17	0	0	0	0	1391	168.21	6.60	2.35	6.15	13.15	8.43	16.40	1.53	36.31	11.07
5/4/2018 1:52:20 PM	2.61	0.54	0.92	0.39	0.00	0.00	0.00	0.99	4.45	96.25	5.65	24.04	1383	536	415	12	0	0	0	0	2346	167.76	8.33	3.14	8.35	16.46	9.93	21.87	1.55	36.27	11.10
5/4/2018 1:52:22 PM	2.06	0.65	1.59	0.36	0.00	0.00	0.00	1.04	4.65	95.32	5.88	24.04	1090	650	713	11	0	0	0	0	2464	166.14	9.72	4.02	9.27	17.45	10.26	23.40	1.58	36.28	11.09
5/4/2018 1:52:25 PM	1.47	0.69	2.11	0.15	0.00	0.00	0.00	0.99	4.41	95.54	6.04	24.35	778	691	949	4	0	0	0	0	2422	166.52	9.90	2.90	8.57	16.56	10.20	22.43	1.59	36.28	11.10
5/4/2018 1:52:27 PM	1.85	0.46	1.60	0.30	0.00	0.00	0.00	0.97	4.21	95.74	6.13	24.67	982	457	719	9	0	0	0	0	2166	166.87	9.16	2.73	7.69	16.19	9.59	21.91	1.60	36.24	11.09
5/4/2018 1:52:29 PM	2.60	0.78	1.56	0.02	0.00	0.00	0.00	0.93	4.95	96.05	6.23	25.32	1376	775	702	0	0	0	0	0	2854	167.41	8.72	3.25	9.23	16.47	10.03	22.61	1.61	36.25	11.09
5/4/2018 1:52:32 PM	1.49	0.71	1.95	0.08	0.00	0.00	0.00	0.95	4.22	96.04	6.35	25.99	789	710	876	2	0	0	0	0	2377	167.40	9.21	2.81	8.36	15.81	9.78	21.17	1.62	36.21	11.09
5/4/2018 1:52:34 PM	1.34	0.69	1.87	0.00	0.00	0.00	0.00	1.06	3.91	95.38	6.47	25.93	712	694	843	0	0	0	0	0	2250	166.25	9.04	2.26	8.17	16.46	9.13	20.92	1.63	36.19	11.11
5/4/2018 1:52:36 PM	1.67	0.78	1.83	0.08	0.00	0.00	0.00	1.12	4.36	95.13	6.57	25.06	887	777	822	3	0	0	0	0	2489	165.80	9.54	2.95	8.81	17.65	10.20	22.63	1.64	36.18	11.10
5/4/2018 1:52:39 PM	1.92	0.92	2.52	0.00	0.00	0.00	0.00	1.08	5.36	95.32	6.70	24.55	1020	919	1133	0	0	0	0	0	3072	166.15	11.12	3.32	10.44	18.75	11.07	25.84	1.66	36.16	11.11
5/4/2018 1:52:41 PM	2.63	0.83	2.51	0.37	0.00	0.00	0.00	1.16	6.35	95.15	6.83	24.11	1394	829	1131	11	0	0	0	0	3366	165.84	12.80	4.15	11.35	21.17	12.97	30.36	1.67	36.12	11.11
5/4/2018 1:52:44 PM	2.35	1.00	3.47	0.04	0.00	0.00	0.00	1.15	6.87	94.42	6.94	23.83	1247	1002	1564	1	0	0	0	0	3814	164.57	14.03	3.99	11.98	21.94	13.30	32.26	1.68	36.11	11.10
5/4/2018 1:52:46 PM	2.25	0.89	3.35	0.46	0.00	0.00	0.00	1.22	6.94	94.61	7.08	23.65	1190	888	1507	14	0	0	0	0	3599	164.90	15.04	5.05	12.52	22.89	13.96	33.71	1.69	36.07	11.11
5/4/2018 1:52:48 PM	3.04	0.84	3.61	0.62	0.00	0.00	0.00	1.23	8.11	92.88	7.32	23.47	1609	844	1622	19	0	0	0	0	4094	161.89	16.62	5.23	13.53	24.79	15.50	38.13	1.72	36.05	11.10
5/4/2018 1:52:51 PM	3.13	1.10	3.93	0.26	0.00	0.00	0.00	1.24	8.41	91.78	7.45	23.51	1656	1096	1767	8	0	0	0	0	4527	159.97	16.55	5.06	14.20	25.18	15.59	38.44	1.73	36.01	11.10
5/4/2018 1:52:53 PM	2.87	0.95	3.70	0.49	0.00	0.00	0.00	1.26	8.01	93.50	7.53	23.71	1520	948	1666	15	0	0	0	0	4149	162.97	16.53	5.17	13.66	24.94	15.41	37.78	1.74	35.98	11.10
5/4/2018 1:52:55 PM	2.99	1.00	3.82	0.28	0.00	0.00	0.00	1.24	8.09	93.71	7.61	23.92	1584	1002	1721	8	0	0	0	0	4315	163.34	16.21	4.96	13.61	24.78	15.02	37.61	1.75	35.93	11.10
5/4/2018 1:52:58 PM	3.08	0.94	3.45	0.45	0.00	0.00	0.00	1.24	7.92	93.38	7.74	24.11	1633	936	1552	14	0	0	0	0	4135	162.76	15.87	5.02	13.44	24.53	15.10	37.01	1.76	35.90	11.11
5/4/2018 1:53:00 PM	3.00	0.99	3.81	0.28	0.00	0.00	0.00	1.28	8.07	93.12	7.86	24.12	1587	993	1713	8	0	0	0	0	4301	162.31	16.26	4.85	13.53	25.10	15.05	37.82	1.77	35.85	11.09
5/4/2018 1:53:03 PM	3.02	0.91	3.55	0.45	0.00	0.00	0.00	1.29	7.93	93.86	7.92	24.29	1602	906	1597	13	0	0	0	0	4119	163.59	16.17	5.04	13.36	25.13	15.05	37.65	1.78	35.81	11.08
5/4/2018 1:53:05 PM	3.35	0.92	3.66	0.51	0.00	0.00	0.00	1.25	8.45	93.86	8.06	24.38	1777	924	1649	15	0	0	0	0	4365	163.60	16.71	5.24	13.96	25.43	15.71	39.10	1.79	35.80	11.07
5/4/2018 1:53:07 PM	2.93	1.07	4.18	0.39	0.00	0.00	0.00	1.29	8.57	94.01	8.18	24.42	1552	1067	1880	12	0	0	0	0	4511	163.85	17.58	5.12	14.41	26.04	16.25	39.89	1.80	35.74	11.07
5/4/2018 1:53:10 PM	3.27	0.97	3.96	0.58	0.00	0.00	0.00	1.32	8.78	93.99	8.28	24.41	1735	967	1781	18	0	0	0	0	4501	163.83	17.84	5.51	14.59	26.71	16.51	41.07	1.81	35.70	11.05
5/4/2018 1:53:12 PM	3.38	1.06	4.19	0.40	0.00	0.00	0.00	1.28	9.03	94.22	8.37	24.12	1792	1059	1884	12	0	0	0	0	4747	164.22	17.86	5.34	14.84	26.64	16.54	41.36	1.82	35.65	11.05
5/4/2018 1:53:14 PM	3.09	0.96	4.05	0.61	0.00	0.00	0.00	1.30	8.71	94.02	8.48	23.74	1638	957	1821	18	0	0	0	0	4434	163.88	17.98	5.56	14.54	26.47	16.51	40.86	1.83	35.59	11.08
5/4/2018 1:53:17 PM	3.19	1.02	4.40	0.43	0.00	0.00	0.00	1.30	9.04	93.85	8.75	23.49	1688	1016	1980	13	0	0	0	0	4697	163.57	18.37	5.33	14.75	26.90	16.63	41.93	1.86	35.55	11.03
5/4/2018 1:53:19 PM	3.25	0.97	4.20	0.59	0.00	0.00	0.00	1.31	9.01	94.37	8.94	23.37	1723	970	1892	18	0	0	0	0	4602	164.49	18.41	5.65	14.85	27.07	16.75	42.06	1.88	35.51	11.05
5/4/2018 1:53:22 PM	3.30	1.04	4.33	0.46	0.00	0.00	0.00	1.31	9.13	94.15	9.03	23.45	1748	1039	1950	14	0	0	0	0	4750	164.11	18.41	5.66	15.06	27.19	16.71	42.25	1.88	35.46	11.04
5/4/2018 1:53:24 PM	3.34	1.04	4.35	0.47	0.00	0.00	0.00	1.32	9.21	94.22	9.16	23.58	1771	1043	1957	14	0	0	0	0	4785	164.23	18.54	5.70	15.16	27.39	16.84	42.59	1.90	35.39	11.05
5/4/2018 1:53:26 PM	3.54	1.06	4.40	0.45	0.00	0.00	0.00	1.32	9.44	94.26	9.24	23.64	1874	1058	1980	14	0	0	0	0	4925	164.29	18.70	5.64	15.35	27.66	17.07	43.29	1.91	35.33	11.03
5/4/2018 1:53:29 PM	3.33	1.14	4.44	0.44	0.00	0.00	0.00	1.36	9.36	94.29	9.36	23.73	1765	1141	2000	13	0	0	0	0	4919	164.35	18.83	5.76	15.62	27.90	17.26	43.14	1.92	35.27	11.04
5/4/2018 1:53:31 PM	3.53	1.25	4.57	0.36	0.00	0.00	0.00	1.37	9.72	94.32	9.47	23.85	1873	1251	2055	11	0	0	0	0	5190	164.39	19.11	6.05	16.31	28.50	17.59	44.14	1.93	35.22	11.02
5/4/2018 1:53:33 PM	3.33	1.13	4.41	0.59	0.00	0.00	0.00	1.39	9.45	94.36	9.58	23.97	1765	1125	1982	18	0	0	0	0	4891	164.47	19.29	6.02	15.90	28.47	17.72	43.92	1.94	35.20	11.02
5/4/2018 1:53:36 PM	3.20	1.03	4.33	0.57	0.00	0.00	0.00	1.36	9.13	94.23	9.70	23.84	1696	1026	1949	17	0	0	0	0	4689	164.25	18.79	5.81	15.20	27.69	17.02	42.77	1.95	35.11	11.01
5/4/2018 1:53:38 PM	3.39	0.99	4.18	0.62	0.00	0.00	0.00	1.34	9.18	94.02	9.87	23.58	1795	991	1882	19	0	0	0	0	4687	163.87	18.63	5.73	15.13	27.54	17.10	42.76	1.97	35.06	11.00
5/4/2018 1:53:41 PM	3.32	1.00	4.20	0.62	0.00	0.00	0.00	1.35	9.14	94.08	10.06	23.49	1762	995	1889	19	0	0	0	0	4664	163.98	18.66	5.68	15.09	27.62	17.11	42.72	1.99	35.00	10.99
5/4/2018 1:53:43 PM	3.31	1.02	4.45	0.60	0.00	0.00	0.00	1.36	9.37	94.08	10.25	23.49	1753	1020	2002	18	0	0	0	0	4793	163.98	19.23	5.78	15.39	28.09	17.39	43.75	2.00	34.95	10.98
5/4/2018 1:53:45 PM	2.96	1.01	4.31	0.68	0.00	0.00	0.00	1.40	8.95	93.84	10.46	23.37	1567	1008	1939	20	0	0	0	0	4534	163.56	19.05	5.79	15.11	27.93	17.25	42.71	2.03	34.88	10.97
5/4/2018 1:53:48 PM	3.98	3.57	6.08	0.00	0.00	0.00	0.00	0.65	13.62	47.08	10.65	23.27	2110	3566	2735	0	0	0	0	0	8411	82.11	21.98	7.47	28.26	25.39	26.70	45.55	2.04	34.82	10.97
5/4/2018 1:53:50 PM	1.47	5.03	3.77	0.00	0.00	0.00	0.00	0.00	10.27	3.97	10.58	23.36	780	5035	1695	0	0	0	0	0	7510	7.02	14.36	5.76	32.76	9.00	25.84	23.96	2.04	34.76	10.96
5/4/2018 1:53:52 PM	0.94	4.57	3.17	0.00	0.00	0.00	0.00	0.00	8.68	4.28	10.58	23.45	499	4572	1427	0	0	0	0	0	6498	7.54	12.21	5.10	29.38	6.94	23.03	19.45	2.04	34.69	10.96
5/4/2018 1:53:55 PM	0.96	5.41	2.98	0.00	0.00	0.00	0.00	0.00	9.35	6.02	10.57	23.31	507	5410	1341	0	0	0	0	0	7259	10.59	12.45	5.30	33.41	6.67	26.09	19.20	2.04	34.62	10.96
5/4/2018 1:53:57 PM	0.96	5.67	2.79	0.00	0.00	0.00	0.00	0.00	9.42	5.13	10.59	23.54	510	5673	1254	0	0	0	0	0	7436	9.03	12.24	5.26	34.87	6.37	26.56	18.51	2.04	34.54	10.97
5/4/2018 1:54:00 PM	3.88	3.33	4.65	0.00	0.00	0.00	0.00	0.09	11.86	30.68	9.85	23.62	2056	3332	2092	0	0	0	0	0	7480	53.54	16.91	5.98	25.80	16.85	23.38	34.33	1.96	34.46	10.97
5/4/2018 1:54:02 PM	3.09	1.49	4.80	0.22	0.00	0.00	0.00	1.18	9.60	83.65	8.67	23.29	1639	1494	2160	6	0	0	0	0	5300	145.80	18.66	5.80	16.74	26.25	17.93	41.66	1.85	34.42	10.92
5/4/2018 1:54:04 PM	3.02	1.02	4.34	0.52	0.00	0.00	0.00	1.35	8.91	93.86	7.63	23.25	1601	1023	1953	16	0	0	0	0	4592	163.59	18.53	5.76	14.95	27.27	16.65	41.95	1.75	34.36	10.92
5/4/2018 1:54:07 PM	3.06	0.92	3.81	0.54	0.00	0.00	0.00	1.27	8.32	94.63	6.61	23.30	1623	919	1713	16	0	0	0	0	4271	164.94	17.01	5.39	13.95	25.50	15.68	39.08	1.65	34.30	10.92
5/4/2018 1:54:09 PM	1.79	0.80	2.04	0.57	0.00	0.00	0.00	1.17	5.20	94.65	5.47	23.42	947	800	919	17	0	0	0	0	2684	164.98	11.84	3.77	10.39	19.63	12.61	26.56	1.54	34.23	10.92
5/4/2018 1:54:11 PM	1.23	0.53	0.95	0.36	0.00	0.00	0.00	1.07	3.07	95.82	4.60	23.91	651	532	428	11	0	0	0	0	1622	167.02	7.72	2.54	7.02	15.34	8.95	18.09	1.45	34.17	10.92
5/4/2018 1:54:14 PM	2.13	0.19	0.41	0.00	0.00	0.00	0.00	0.67	2.74	96.62	3.66	26.69	1129	194	185	0	0	0	0	0	1509	168.40	4.52	1.87	5.10	10.71	5.55	13.71	1.36	34.11	10.88
5/4/2018 1:54:16 PM	3.10	0.27	0.00	0.00	0.00	0.00	0.00	0.61	3.37	96.67	2.89	30.16	1644	273	0	0	0	0	0	0	1916	168.50	3.95	1.17	5.60	10.81	6.58	14.54	1.28	34.04	10.89
5/4/2018 1:54:19 PM	2.00	0.23	0.40	0.18	0.00	0.00	0.00	0.61	2.82	96.40	2.37	32.36	1062	229	182	6	0	0	0	0	1478	168.03	4.89	1.33	4.97	10.19	6.99	13.57	1.23	33.99	10.87
5/4/2018 1:54:21 PM	1.97	0.13	0.84	0.00	0.00	0.00	0.00	0.42	2.94	96.88	1.43	34.62	1043	131	380	0	0	0	0	0	1554	168.85	4.81	1.11	4.89	8.54	5.68	13.02	1.14	33.93	10.89
5/4/2018 1:54:23 PM	1.48	0.00	0.36	0.00	0.00	0.00	0.00	0.63	1.83	96.02	0.61	37.41	783	0	161	0	0	0	0	0	944	167.36	3.82	-0.19	2.84	9.03	4.69	11.19	1.06	33.90	10.82
5/4/2018 1:54:26 PM	0.00	0.50	0.32	0.00	0.00	0.00	0.00	0.00	0.82	78.81	0.12	38.66	0	500	145	0	0	0	0	0	645	137.38	3.53	0.25	5.30	-0.46	3.55	0.71	1.01	33.84	10.86
5/4/2018 1:54:28 PM	0.00	0.36	0.00	0.00	0.00	0.00	0.00	0.00	0.36	71.79	0.11	37.63	0	358	0	0	0	0	0	0	358	125.15	-3.02	-1.80	4.03	-0.44	4.16	-0.02	1.01	33.85	10.83
5/4/2018 1:54:30 PM	0.00	0.56	0.00	0.00	0.00	0.00	0.00	0.00	0.56	76.82	0.12	36.64	0	556	0	0	0	0	0	0	556	133.91	1.99	1.04	7.78	0.31	0.59	-1.04	1.01	33.78	10.83
5/4/2018 1:54:33 PM	0.00	0.24	0.00	0.27	0.00	0.00	0.00	0.00	0.51	70.54	0.11	35.79	0	238	0	8	0	0	0	0	246	122.98	0.96	2.67	1.85	0.88	5.57	0.24	1.01	33.78	10.80
5/4/2018 1:54:35 PM	0.00	0.01	0.00	0.00	0.00	0.00	0.00	0.20	0.01	72.77	0.11	35.06	0	11	0	0	0	0	0	0	11	126.87	-2.86	-4.68	2.73	5.26	2.73	-1.68	1.01	33.70	10.81
5/4/2018 1:54:38 PM	0.00	0.34	0.00	0.00	0.00	0.00	0.00	0.00	0.34	84.11	0.12	34.41	0	343	0	0	0	0	0	0	343	146.62	1.61	0.55	5.37	-2.47	1.77	-1.36	1.01	33.64	10.78
5/4/2018 1:54:40 PM	0.00	0.70	0.00	0.00	0.00	0.00	0.00	0.00	0.70	68.42	0.13	33.82	0	705	0	0	0	0	0	0	705	119.28	-8.46	-6.31	4.57	-1.16	8.99	-1.66	1.01	33.63	10.76
5/4/2018 1:54:42 PM	0.00	0.63	0.00	0.20	0.00	0.00	0.00	0.00	0.83	70.39	0.12	33.17	0	632	0	6	0	0	0	0	638	122.71	2.08	3.11	1.56	-0.60	9.04	-0.91	1.01	33.58	10.75
5/7/2018 9:31:25 AM	2.41	0.00	0.05	0.11	0.00	0.00	0.00	0.52	2.57	96.29	0.23	41.55	1275	3	22	3	0	0	0	0	1303	167.83	3.67	0.06	3.39	8.90	6.12	12.16	1.02	35.29	11.17
5/7/2018 9:31:27 AM	1.54	0.00	1.04	0.00	0.00	0.00	0.00	0.51	2.59	96.85	0.25	41.04	818	0	469	0	0	0	0	0	1287	168.81	5.31	-0.53	4.23	9.07	4.75	13.45	1.02	35.37	11.17
5/7/2018 9:31:29 AM	2.90	0.00	0.00	0.00	0.00	0.00	0.00	0.64	2.90	95.53	0.38	40.93	1538	0	0	0	0	0	0	0	1538	166.51	3.38	0.15	3.05	10.56	6.37	14.16	1.04	35.44	11.16
5/7/2018 9:31:32 AM	2.80	0.16	0.64	0.00	0.00	0.00	0.00	0.51	3.59	97.15	0.48	40.90	1483	156	287	0	0	0	0	0	1926	169.33	5.16	0.26	5.35	10.39	6.69	15.57	1.05	35.53	11.16
5/7/2018 9:31:34 AM	3.06	0.10	0.00	0.00	0.00	0.00	0.00	0.70	3.16	96.61	0.55	41.03	1620	102	0	0	0	0	0	0	1722	168.39	3.72	1.17	4.62	11.67	6.14	15.13	1.05	35.57	11.19
5/7/2018 9:31:37 AM	3.69	0.01	0.23	0.00	0.00	0.00	0.00	0.39	3.92	96.07	0.59	41.21	1954	7	102	0	0	0	0	0	2064	167.45	4.17	1.08	5.04	9.61	6.03	15.60	1.06	35.68	11.22
5/7/2018 9:31:39 AM	3.38	0.20	0.00	0.00	0.00	0.00	0.00	0.55	3.58	96.27	0.64	41.22	1794	199	0	0	0	0	0	0	1993	167.80	3.13	2.70	5.67	10.73	6.10	15.01	1.06	35.74	11.20
5/7/2018 9:31:41 AM	2.60	0.00	0.63	0.00	0.00	0.00	0.00	0.52	3.23	96.68	0.70	41.11	1377	0	285	0	0	0	0	0	1663	168.51	4.90	-0.48	4.14	9.86	5.69	15.09	1.07	35.81	11.21
5/7/2018 9:31:44 AM	3.14	0.17	0.11	0.00	0.00	0.00	0.00	0.54	3.43	96.70	0.75	41.06	1666	174	51	0	0	0	0	0	1891	168.55	4.23	0.17	5.67	10.29	6.00	14.59	1.07	35.87	11.20
5/7/2018 9:31:46 AM	2.06	0.00	0.00	0.82	0.00	0.00	0.00	0.58	2.88	96.27	0.79	41.16	1089	0	0	25	0	0	0	0	1114	167.79	6.21	2.23	3.37	9.77	8.23	14.99	1.08	35.94	11.23
5/7/2018 9:31:48 AM	4.56	0.00	0.00	0.00	0.00	0.00	0.00	0.28	4.56	97.03	0.84	41.31	2416	0	0	0	0	0	0	0	2416	169.11	3.47	2.24	5.22	9.27	6.27	16.56	1.08	36.01	11.24
5/7/2018 9:31:51 AM	2.25	0.04	0.82	0.00	0.00	0.00	0.00	0.53	3.11	97.00	0.88	41.49	1194	37	371	0	0	0	0	0	1603	169.07	5.08	1.39	4.42	9.97	5.88	14.70	1.09	36.04	11.22
5/7/2018 9:31:53 AM	2.96	0.03	0.23	0.00	0.00	0.00	0.00	0.65	3.22	96.63	0.92	41.60	1571	27	104	0	0	0	0	0	1703	168.43	4.37	1.83	4.72	11.23	5.47	15.36	1.09	36.12	11.22
5/7/2018 9:31:56 AM	3.21	0.00	0.00	0.17	0.00	0.00	0.00	0.52	3.38	97.52	0.94	41.62	1700	0	0	5	0	0	0	0	1705	169.97	3.93	0.81	3.47	10.02	7.29	14.95	1.09	36.17	11.24
5/7/2018 9:31:58 AM	2.43	0.00	0.78	0.00	0.00	0.00	0.00	0.54	3.20	96.36	0.99	41.74	1286	0	349	0	0	0	0	0	1635	167.96	5.11	0.73	4.19	10.21	5.73	15.31	1.10	36.24	11.26
5/7/2018 9:32:00 AM	3.45	0.07	0.38	0.00	0.00	0.00	0.00	0.43	3.89	97.02	1.05	41.81	1829	67	169	0	0	0	0	0	2066	169.10	4.49	1.62	5.18	9.99	6.31	15.84	1.10	36.28	11.28
5/7/2018 9:32:03 AM	2.79	0.08	0.48	0.00	0.00	0.00	0.00	0.66	3.35	96.08	1.09	41.72	1478	80	216	0	0	0	0	0	1774	167.47	4.97	1.15	4.69	11.50	6.35	15.96	1.11	36.36	11.27
5/7/2018 9:32:05 AM	3.61	0.07	0.34	0.00	0.00	0.00	0.00	0.40	4.03	96.10	1.14	41.69	1913	69	154	0	0	0	0	0	2136	167.51	4.38	2.20	5.47	9.78	6.10	15.91	1.11	36.40	11.30
5/7/2018 9:32:07 AM	3.66	0.00	0.56	0.00	0.00	0.00	0.00	0.33	4.22	96.53	1.20	41.63	1942	0	252	0	0	0	0	0	2193	168.25	4.66	1.54	4.67	9.36	6.33	16.68	1.12	36.45	11.29
5/7/2018 9:32:10 AM	2.45	0.01	0.98	0.00	0.00	0.00	0.00	0.48	3.45	96.78	1.25	41.58	1300	9	442	0	0	0	0	0	1752	168.69	5.46	1.16	4.48	10.05	6.24	15.68	1.12	36.50	11.31
5/7/2018 9:32:12 AM	3.74	0.00	0.27	0.04	0.00	0.00	0.00	0.46	4.05	96.03	1.31	41.63	1982	0	121	1	0	0	0	0	2104	167.38	4.52	1.56	4.92	10.46	6.47	16.67	1.13	36.56	11.30
5/7/2018 9:32:15 AM	2.47	0.00	0.79	0.21	0.00	0.00	0.00	0.49	3.47	96.65	1.37	41.47	1308	0	358	6	0	0	0	0	1672	168.46	5.63	1.78	4.62	10.19	6.77	15.96	1.13	36.64	11.31
5/7/2018 9:32:17 AM	2.33	0.10	0.99	0.00	0.00	0.00	0.00	0.58	3.43	96.64	1.45	41.30	1237	97	448	0	0	0	0	0	1782	168.44	5.79	1.03	4.91	11.01	6.56	16.19	1.14	36.64	11.34
5/7/2018 9:32:19 AM	3.46	0.00	0.65	0.00	0.00	0.00	0.00	0.31	4.11	96.52	1.53	41.13	1835	0	291	0	0	0	0	0	2126	168.22	4.87	0.64	5.42	9.05	5.59	16.21	1.15	36.71	11.33
5/7/2018 9:32:22 AM	3.71	0.00	0.50	0.03	0.00	0.00	0.00	0.51	4.24	96.65	1.60	40.87	1965	0	226	1	0	0	0	0	2192	168.46	5.13	1.79	5.07	11.30	6.66	17.97	1.16	36.75	11.34
5/7/2018 9:32:24 AM	4.32	0.00	0.07	0.00	0.00	0.00	0.00	0.48	4.39	96.73	1.64	40.92	2290	0	30	0	0	0	0	0	2320	168.60	4.32	1.49	5.42	11.01	5.77	17.84	1.16	36.79	11.33
5/7/2018 9:32:26 AM	3.41	0.00	0.00	0.09	0.00	0.00	0.00	0.63	3.50	95.86	1.70	41.07	1805	0	0	3	0	0	0	0	1808	167.07	4.40	1.51	3.78	11.20	6.46	16.21	1.17	36.82	11.34
5/7/2018 9:32:29 AM	3.98	0.00	0.00	0.22	0.00	0.00	0.00	0.40	4.20	96.55	1.78	41.14	2110	0	0	7	0	0	0	0	2116	168.28	4.67	1.10	4.56	9.89	7.41	16.70	1.17	36.87	11.36
5/7/2018 9:32:31 AM	3.18	0.00	0.56	0.00	0.00	0.00	0.00	0.43	3.74	96.33	1.84	41.10	1686	0	251	0	0	0	0	0	1936	167.90	4.80	0.51	5.05	9.74	5.39	15.93	1.18	36.91	11.38
5/7/2018 9:32:34 AM	3.35	0.00	0.51	0.02	0.00	0.00	0.00	0.46	3.89	96.78	1.89	41.11	1777	0	229	1	0	0	0	0	2007	168.69	4.87	0.85	4.64	10.28	6.70	16.38	1.19	36.96	11.36
5/7/2018 9:32:36 AM	3.75	0.00	0.42	0.00	0.00	0.00	0.00	0.35	4.18	96.32	1.94	41.17	1990	0	190	0	0	0	0	0	2180	167.88	4.41	1.45	4.38	9.40	6.41	16.55	1.19	37.02	11.37
5/7/2018 9:32:38 AM	2.55	0.05	0.86	0.00	0.00	0.00	0.00	0.57	3.46	96.07	1.99	41.15	1354	45	387	0	0	0	0	0	1786	167.44	5.49	1.63	5.04	10.96	5.91	16.20	1.20	37.04	11.37
5/7/2018 9:32:41 AM	3.23	0.00	0.86	0.00	0.00	0.00	0.00	0.41	4.09	96.09	2.05	41.16	1712	0	387	0	0	0	0	0	2099	167.49	5.43	1.04	5.23	10.03	5.76	17.24	1.20	37.08	11.36
5/7/2018 9:32:43 AM	3.27	0.03	0.83	0.00	0.00	0.00	0.00	0.39	4.12	96.22	2.13	41.21	1733	28	371	0	0	0	0	0	2132	167.71	5.40	0.82	5.35	9.97	6.51	16.83	1.21	37.13	11.38
5/7/2018 9:32:45 AM	3.72	0.00	0.52	0.00	0.00	0.00	0.00	0.45	4.24	96.07	2.17	41.09	1970	0	234	0	0	0	0	0	2204	167.45	4.99	0.99	4.77	10.69	6.71	17.59	1.21	37.16	11.38
5/7/2018 9:32:48 AM	4.14	0.00	0.00	0.09	0.00	0.00	0.00	0.48	4.23	96.08	2.22	40.92	2193	0	0	3	0	0	0	0	2196	167.47	3.96	0.97	4.41	10.95	7.62	17.18	1.22	37.22	11.39
5/7/2018 9:32:50 AM	3.82	0.01	0.49	0.00	0.00	0.00	0.00	0.42	4.32	96.26	2.29	40.95	2023	11	222	0	0	0	0	0	2256	167.77	4.98	1.12	5.43	10.57	6.50	17.43	1.22	37.22	11.40
5/7/2018 9:32:53 AM	3.77	0.00	0.63	0.00	0.00	0.00	0.00	0.42	4.41	96.28	2.34	40.89	1999	0	285	0	0	0	0	0	2284	167.82	5.12	1.68	4.94	10.49	5.97	18.28	1.23	37.28	11.39
5/7/2018 9:32:55 AM	2.79	0.01	0.95	0.00	0.00	0.00	0.00	0.46	3.75	96.79	2.41	40.92	1480	5	429	0	0	0	0	0	1913	168.69	5.58	1.00	5.14	10.22	6.03	16.42	1.24	37.30	11.41
5/7/2018 9:32:57 AM	4.09	0.00	0.57	0.00	0.00	0.00	0.00	0.34	4.67	96.33	2.49	40.80	2169	0	258	0	0	0	0	0	2427	167.91	4.98	1.73	5.03	10.20	6.99	18.14	1.24	37.33	11.41
5/7/2018 9:33:00 AM	3.96	0.01	0.58	0.17	0.00	0.00	0.00	0.48	4.72	96.25	2.57	39.75	2098	12	260	5	0	0	0	0	2376	167.75	5.89	1.91	5.91	11.83	7.49	19.49	1.25	37.37	11.41
5/7/2018 9:33:02 AM	4.69	0.00	0.42	0.08	0.00	0.00	0.00	0.46	5.19	95.61	2.64	38.64	2488	0	189	2	0	0	0	0	2680	166.65	5.53	2.05	5.72	12.17	7.64	20.69	1.26	37.41	11.44
5/7/2018 9:33:04 AM	4.64	0.00	0.60	0.00	0.00	0.00	0.00	0.49	5.23	96.45	2.68	37.98	2458	0	269	0	0	0	0	0	2726	168.11	5.76	2.18	5.99	12.54	7.26	21.08	1.26	37.45	11.39
5/7/2018 9:33:07 AM	4.06	0.01	0.89	0.00	0.00	0.00	0.00	0.55	4.96	96.15	2.73	37.59	2153	14	400	0	0	0	0	0	2567	167.59	6.36	1.82	6.09	12.92	7.18	21.00	1.27	37.46	11.44
5/7/2018 9:33:09 AM	5.25	0.00	0.49	0.02	0.00	0.00	0.00	0.39	5.76	96.01	2.80	37.27	2783	0	221	1	0	0	0	0	3004	167.34	5.64	2.80	6.47	12.30	7.44	21.96	1.27	37.47	11.43
5/7/2018 9:33:12 AM	4.67	0.00	0.50	0.00	0.00	0.00	0.00	0.58	5.17	96.33	2.86	37.29	2473	0	226	0	0	0	0	0	2698	167.90	5.89	0.87	6.05	13.23	6.83	21.67	1.28	37.52	11.46
5/7/2018 9:33:14 AM	5.11	0.16	0.17	0.00	0.00	0.00	0.00	0.73	5.44	96.88	2.90	37.44	2708	156	78	0	0	0	0	0	2943	168.87	5.93	1.54	7.29	15.16	7.72	22.72	1.28	37.53	11.45
5/7/2018 9:33:16 AM	5.27	0.00	0.00	0.18	0.00	0.00	0.00	0.54	5.45	97.08	2.96	37.44	2792	1	0	5	0	0	0	0	2799	169.21	5.13	1.67	5.94	13.34	8.63	21.67	1.29	37.54	11.45
5/7/2018 9:33:19 AM	5.20	0.09	0.23	0.00	0.00	0.00	0.00	0.54	5.52	96.96	3.02	37.42	2757	92	104	0	0	0	0	0	2953	169.01	5.53	1.82	7.02	13.38	7.43	21.71	1.30	37.59	11.43
5/7/2018 9:33:21 AM	5.02	0.00	0.00	0.00	0.00	0.00	0.00	0.69	5.02	96.92	3.08	37.48	2662	0	0	0	0	0	0	0	2662	168.92	4.90	1.34	5.99	14.12	6.84	21.37	1.30	37.59	11.47
5/7/2018 9:33:23 AM	4.28	0.12	0.76	0.00	0.00	0.00	0.00	0.70	5.15	96.15	3.11	37.47	2267	117	342	0	0	0	0	0	2726	167.59	6.75	1.25	7.05	14.56	7.47	22.31	1.30	37.61	11.47
5/7/2018 9:33:26 AM	5.16	0.04	0.26	0.00	0.00	0.00	0.00	0.70	5.46	96.61	3.15	37.56	2734	37	117	0	0	0	0	0	2888	168.39	6.01	0.70	6.32	14.96	8.05	22.98	1.31	37.64	11.48
5/7/2018 9:33:28 AM	5.53	0.00	0.30	0.00	0.00	0.00	0.00	0.57	5.83	97.23	3.23	37.51	2929	0	136	0	0	0	0	0	3065	169.47	5.92	1.12	6.62	14.12	7.66	23.35	1.32	37.66	11.47
5/7/2018 9:33:31 AM	5.08	0.13	0.36	0.00	0.00	0.00	0.00	0.78	5.57	96.42	3.30	35.94	2693	130	160	0	0	0	0	0	2982	168.06	6.50	1.33	7.61	15.92	7.60	23.81	1.32	37.66	11.48
5/7/2018 9:33:33 AM	4.85	0.00	1.07	0.02	0.00	0.00	0.00	0.57	5.93	96.00	3.37	35.16	2571	0	480	0	0	0	0	0	3051	167.33	7.33	1.72	6.43	14.53	8.51	24.59	1.33	37.68	11.49
5/7/2018 9:33:35 AM	5.52	0.00	0.48	0.00	0.00	0.00	0.00	0.60	6.00	96.33	3.43	35.74	2926	0	214	0	0	0	0	0	3140	167.90	6.29	1.71	6.35	14.62	7.94	24.43	1.34	37.71	11.50
5/7/2018 9:33:38 AM	5.63	0.00	0.61	0.04	0.00	0.00	0.00	0.53	6.27	95.50	3.49	36.19	2984	0	273	1	0	0	0	0	3258	166.46	6.64	1.72	6.62	14.47	8.72	24.84	1.34	37.72	11.49
5/7/2018 9:33:40 AM	4.94	0.04	0.64	0.26	0.00	0.00	0.00	0.72	5.87	96.17	3.55	35.82	2616	38	287	8	0	0	0	0	2949	167.62	7.54	2.33	7.24	15.92	9.01	25.20	1.35	37.72	11.50
5/7/2018 9:33:42 AM	5.81	0.01	0.60	0.00	0.00	0.00	0.00	0.61	6.42	96.24	3.62	35.54	3080	6	270	0	0	0	0	0	3357	167.75	6.94	1.52	7.63	15.53	8.04	25.83	1.35	37.72	11.50
5/7/2018 9:33:45 AM	5.89	0.00	0.00	0.25	0.00	0.00	0.00	0.71	6.13	96.18	3.66	35.58	3120	0	0	7	0	0	0	0	3128	167.64	6.48	2.81	7.30	15.95	8.53	25.30	1.36	37.74	11.49
5/7/2018 9:33:47 AM	5.24	0.03	0.42	0.18	0.00	0.00	0.00	0.70	5.86	96.20	3.70	34.70	2775	28	189	5	0	0	0	0	2998	167.68	6.87	2.30	7.08	15.65	8.55	24.70	1.36	37.74	11.51
5/7/2018 9:33:50 AM	5.36	0.03	0.61	0.00	0.00	0.00	0.00	0.67	6.00	96.42	3.75	34.37	2840	26	275	0	0	0	0	0	3142	168.06	6.80	1.85	7.10	15.48	8.03	24.87	1.37	37.77	11.51
5/7/2018 9:33:52 AM	4.85	0.08	0.57	0.03	0.00	0.00	0.00	0.77	5.53	96.39	3.81	34.14	2568	83	254	1	0	0	0	0	2906	168.01	6.77	1.87	6.72	15.79	8.27	23.99	1.37	37.77	11.51
5/7/2018 9:33:54 AM	4.95	0.17	0.74	0.00	0.00	0.00	0.00	0.74	5.86	96.73	3.87	33.58	2624	167	334	0	0	0	0	0	3124	168.60	7.17	2.44	7.85	16.03	8.08	24.80	1.38	37.77	11.51
5/7/2018 9:33:57 AM	5.32	0.00	0.12	0.27	0.00	0.00	0.00	0.78	5.72	96.44	3.92	33.20	2820	5	54	8	0	0	0	0	2888	168.09	6.72	1.92	6.85	16.19	8.88	24.69	1.38	37.77	11.50
5/7/2018 9:33:59 AM	5.46	0.14	0.43	0.00	0.00	0.00	0.00	0.73	6.04	96.38	3.98	33.31	2896	140	196	0	0	0	0	0	3232	167.99	6.68	2.00	7.41	16.08	8.57	24.99	1.39	37.77	11.49
5/7/2018 9:34:01 AM	4.81	0.22	0.51	0.00	0.00	0.00	0.00	0.73	5.55	96.51	4.06	32.90	2549	222	231	0	0	0	0	0	3002	168.21	6.53	2.26	7.34	15.38	8.38	23.29	1.40	37.77	11.52
5/7/2018 9:34:04 AM	4.59	0.16	0.72	0.00	0.00	0.00	0.00	0.73	5.46	96.54	4.11	32.24	2431	157	322	0	0	0	0	0	2911	168.26	6.87	1.89	7.17	15.32	8.09	23.42	1.40	37.77	11.53
5/7/2018 9:34:06 AM	4.30	0.10	0.73	0.00	0.00	0.00	0.00	0.75	5.13	96.45	4.18	32.82	2280	104	327	0	0	0	0	0	2711	168.12	6.72	1.72	6.52	15.06	7.86	22.67	1.41	37.77	11.50
5/7/2018 9:34:09 AM	4.05	0.15	0.85	0.00	0.00	0.00	0.00	0.83	5.05	96.33	4.25	33.20	2148	147	382	0	0	0	0	0	2678	167.89	7.17	1.49	6.95	15.79	7.77	23.07	1.42	37.77	11.51
5/7/2018 9:34:11 AM	4.39	0.17	0.50	0.00	0.00	0.00	0.00	0.74	5.06	96.13	4.30	32.65	2329	170	225	0	0	0	0	0	2724	167.54	6.25	2.08	6.81	14.80	7.75	21.94	1.42	37.74	11.52
5/7/2018 9:34:13 AM	4.81	0.13	0.23	0.04	0.00	0.00	0.00	0.70	5.21	96.14	4.33	31.25	2551	126	101	1	0	0	0	0	2780	167.57	5.80	1.94	6.61	14.48	7.92	21.87	1.42	37.73	11.53
5/7/2018 9:34:16 AM	3.95	0.24	0.43	0.09	0.00	0.00	0.00	0.80	4.71	96.37	4.38	30.41	2092	241	194	3	0	0	0	0	2529	167.97	6.29	2.08	6.76	14.80	8.18	21.05	1.43	37.74	11.53
5/7/2018 9:34:18 AM	4.02	0.15	0.46	0.00	0.00	0.00	0.00	0.78	4.63	96.61	4.41	30.73	2132	149	207	0	0	0	0	0	2488	168.38	6.09	1.06	6.20	14.59	7.68	20.88	1.43	37.72	11.53
5/7/2018 9:34:20 AM	3.51	0.25	0.75	0.00	0.00	0.00	0.00	0.82	4.50	96.48	4.45	30.85	1858	250	336	0	0	0	0	0	2444	168.15	6.62	1.61	6.64	14.81	7.81	20.82	1.44	37.70	11.52
5/7/2018 9:34:23 AM	3.79	0.15	0.71	0.00	0.00	0.00	0.00	0.79	4.66	96.50	4.49	30.78	2010	153	321	0	0	0	0	0	2485	168.20	6.56	1.57	6.41	14.79	7.58	21.33	1.44	37.66	11.53
5/7/2018 9:34:25 AM	3.99	0.11	0.58	0.03	0.00	0.00	0.00	0.72	4.72	96.16	4.54	31.09	2117	114	260	1	0	0	0	0	2493	167.60	6.21	1.67	6.10	14.17	7.71	20.97	1.44	37.67	11.52
5/7/2018 9:34:28 AM	3.79	0.21	0.65	0.00	0.00	0.00	0.00	0.71	4.65	96.65	4.60	31.44	2006	213	294	0	0	0	0	0	2513	168.47	6.23	1.66	6.35	13.92	7.93	20.44	1.45	37.65	11.53
5/7/2018 9:34:30 AM	3.50	0.08	0.61	0.05	0.00	0.00	0.00	0.77	4.24	96.40	4.66	31.72	1854	84	273	1	0	0	0	0	2212	168.03	6.11	1.94	5.76	14.02	7.09	19.94	1.46	37.63	11.52
5/7/2018 9:34:32 AM	2.74	0.29	0.63	0.00	0.00	0.00	0.00	0.83	3.66	96.65	4.71	31.87	1450	288	285	0	0	0	0	0	2024	168.46	5.91	2.00	6.11	13.65	7.06	17.94	1.46	37.61	11.49
5/7/2018 9:34:35 AM	3.09	0.14	0.36	0.00	0.00	0.00	0.00	0.68	3.58	96.62	4.77	31.57	1636	139	160	0	0	0	0	0	1936	168.40	4.92	1.69	5.27	12.00	6.46	16.57	1.47	37.60	11.53
5/7/2018 9:34:37 AM	2.74	0.14	0.68	0.01	0.00	0.00	0.00	0.69	3.56	96.37	4.81	30.79	1452	141	304	0	0	0	0	0	1897	167.97	5.56	1.42	5.16	12.20	6.80	17.01	1.47	37.57	11.54
5/7/2018 9:34:39 AM	2.83	0.10	0.21	0.19	0.00	0.00	0.00	0.67	3.32	96.54	4.85	30.78	1499	99	92	6	0	0	0	0	1696	168.27	4.95	1.82	5.14	11.63	6.66	15.85	1.48	37.54	11.53
5/7/2018 9:34:42 AM	2.64	0.21	0.54	0.00	0.00	0.00	0.00	0.69	3.39	96.40	4.89	31.29	1400	209	244	0	0	0	0	0	1853	168.02	5.24	1.14	5.31	11.85	6.78	16.08	1.48	37.52	11.52
5/7/2018 9:34:44 AM	2.79	0.20	0.48	0.02	0.00	0.00	0.00	0.68	3.49	96.73	4.94	31.52	1480	198	216	1	0	0	0	0	1895	168.60	5.17	1.49	5.32	11.89	6.86	16.30	1.48	37.51	11.53
5/7/2018 9:34:47 AM	2.30	0.19	0.46	0.00	0.00	0.00	0.00	0.73	2.95	96.82	5.00	31.66	1217	195	207	0	0	0	0	0	1618	168.76	4.92	1.42	4.93	11.66	6.27	14.96	1.49	37.47	11.52
5/7/2018 9:34:49 AM	2.03	0.25	0.37	0.00	0.00	0.00	0.00	0.68	2.65	96.68	5.08	30.87	1076	250	167	0	0	0	0	0	1492	168.50	4.46	1.35	4.81	10.66	6.18	13.33	1.50	37.46	11.53
5/7/2018 9:34:51 AM	1.78	0.21	0.63	0.00	0.00	0.00	0.00	0.63	2.62	96.25	5.16	29.27	942	211	285	0	0	0	0	0	1438	167.76	4.78	1.43	4.91	10.18	5.80	13.23	1.51	37.44	11.53
5/7/2018 9:34:54 AM	1.95	0.22	0.51	0.00	0.00	0.00	0.00	0.66	2.68	96.49	5.23	28.53	1036	218	230	0	0	0	0	0	1484	168.17	4.67	1.47	4.97	10.51	5.86	13.48	1.51	37.41	11.51
5/7/2018 9:34:56 AM	2.22	0.25	0.22	0.00	0.00	0.00	0.00	0.66	2.69	96.90	5.29	28.66	1178	246	101	0	0	0	0	0	1525	168.88	4.16	1.26	4.78	10.45	6.19	13.12	1.52	37.41	11.51
5/7/2018 9:34:58 AM	1.71	0.18	0.45	0.00	0.00	0.00	0.00	0.65	2.34	96.82	5.35	29.33	906	177	203	0	0	0	0	0	1286	168.75	4.32	1.33	4.35	9.98	5.59	12.39	1.52	37.35	11.50
5/7/2018 9:35:01 AM	1.70	0.22	0.36	0.00	0.00	0.00	0.00	0.62	2.28	96.94	5.39	29.59	903	219	161	0	0	0	0	0	1283	168.96	4.04	1.46	4.50	9.53	5.55	11.72	1.53	37.31	11.51
5/7/2018 9:35:03 AM	1.70	0.25	0.49	0.00	0.00	0.00	0.00	0.65	2.44	96.64	5.44	29.90	903	246	220	0	0	0	0	0	1369	168.44	4.45	1.41	4.70	10.04	5.91	12.52	1.53	37.28	11.51
5/7/2018 9:35:06 AM	0.91	0.26	0.35	0.07	0.00	0.00	0.00	0.75	1.58	96.17	5.51	29.56	480	260	156	2	0	0	0	0	898	167.62	4.11	1.60	4.15	9.84	5.46	10.46	1.54	37.28	11.51
5/7/2018 9:35:08 AM	1.10	0.24	0.00	0.24	0.00	0.00	0.00	0.72	1.57	96.63	5.60	28.49	582	240	0	7	0	0	0	0	828	168.42	3.79	1.52	4.14	9.48	5.93	10.02	1.55	37.23	11.51
5/7/2018 9:35:10 AM	0.57	0.28	0.39	0.00	0.00	0.00	0.00	0.74	1.24	96.50	5.67	27.85	301	280	178	0	0	0	0	0	759	168.19	3.82	1.17	3.73	9.21	5.19	9.20	1.56	37.21	11.51
5/7/2018 9:35:13 AM	0.56	0.41	0.28	0.00	0.00	0.00	0.00	0.78	1.24	96.06	5.73	27.51	297	407	125	0	0	0	0	0	829	167.43	3.74	1.45	4.32	9.57	5.46	9.06	1.56	37.15	11.50
5/7/2018 9:35:15 AM	0.71	0.21	0.00	0.31	0.00	0.00	0.00	0.75	1.23	95.93	5.83	27.54	377	209	0	9	0	0	0	0	595	167.20	3.87	1.76	3.97	9.39	5.64	9.37	1.57	37.13	11.50
5/7/2018 9:35:17 AM	0.78	0.26	0.28	0.00	0.00	0.00	0.00	0.73	1.32	96.60	5.89	27.33	412	262	126	0	0	0	0	0	800	168.37	3.61	1.39	3.99	9.17	4.80	9.25	1.58	37.09	11.49
5/7/2018 9:35:20 AM	0.11	0.34	0.57	0.00	0.00	0.00	0.00	0.77	1.02	96.25	5.95	26.88	57	340	258	0	0	0	0	0	654	167.75	4.14	1.11	4.18	9.21	4.88	8.75	1.58	37.04	11.47
5/7/2018 9:35:22 AM	0.41	0.30	0.37	0.10	0.00	0.00	0.00	0.73	1.19	96.24	6.00	27.43	217	304	166	3	0	0	0	0	691	167.75	3.96	1.38	3.93	9.01	5.49	8.93	1.59	37.00	11.49
5/7/2018 9:35:25 AM	0.88	0.35	0.20	0.00	0.00	0.00	0.00	0.73	1.43	96.23	6.08	28.03	468	346	88	0	0	0	0	0	903	167.72	3.55	1.44	4.25	9.31	5.30	9.31	1.60	36.95	11.49
5/7/2018 9:35:27 AM	0.40	0.29	0.28	0.07	0.00	0.00	0.00	0.74	1.04	95.98	6.14	27.67	211	292	128	2	0	0	0	0	632	167.29	3.67	1.30	3.71	8.95	5.20	8.49	1.60	36.91	11.48
5/7/2018 9:35:29 AM	0.33	0.36	0.18	0.12	0.00	0.00	0.00	0.82	0.99	96.22	6.25	26.35	175	358	83	3	0	0	0	0	619	167.70	3.79	1.47	4.02	9.59	5.51	8.67	1.61	36.87	11.47
5/7/2018 9:35:32 AM	0.11	0.41	0.52	0.00	0.00	0.00	0.00	0.79	1.04	95.76	6.32	24.90	56	411	234	0	0	0	0	0	701	166.91	4.08	1.48	4.35	9.36	5.19	8.69	1.62	36.82	11.46
5/7/2018 9:35:34 AM	0.22	0.26	0.13	0.21	0.00	0.00	0.00	0.77	0.84	96.11	6.43	24.32	119	265	60	6	0	0	0	0	451	167.52	3.73	1.33	3.62	9.00	5.41	8.16	1.63	36.78	11.43
5/7/2018 9:35:36 AM	0.56	0.33	0.31	0.00	0.00	0.00	0.00	0.72	1.20	96.13	6.51	24.29	299	328	138	0	0	0	0	0	765	167.55	3.61	1.27	4.05	8.94	5.04	8.69	1.64	36.71	11.45
5/7/2018 9:35:39 AM	0.45	0.40	0.25	0.01	0.00	0.00	0.00	0.78	1.12	96.03	6.57	24.65	241	403	114	0	0	0	0	0	758	167.38	3.67	1.17	4.05	9.39	5.59	8.67	1.64	36.68	11.45
5/7/2018 9:35:41 AM	0.56	0.31	0.35	0.03	0.00	0.00	0.00	0.72	1.25	96.12	6.62	24.94	296	310	158	1	0	0	0	0	765	167.54	3.75	1.49	3.97	8.99	5.22	8.95	1.65	36.62	11.45
5/7/2018 9:35:44 AM	0.50	0.34	0.07	0.14	0.00	0.00	0.00	0.77	1.05	96.24	6.67	25.14	267	336	31	4	0	0	0	0	638	167.74	3.55	1.67	4.08	9.19	5.38	8.46	1.65	36.57	11.45
5/7/2018 9:35:46 AM	0.34	0.41	0.34	0.02	0.00	0.00	0.00	0.75	1.12	96.37	6.73	25.54	182	413	153	1	0	0	0	0	749	167.96	3.74	1.49	4.21	9.06	5.47	8.46	1.66	36.51	11.43
5/7/2018 9:35:48 AM	0.31	0.37	0.42	0.00	0.00	0.00	0.00	0.78	1.09	96.18	6.79	26.19	165	366	188	0	0	0	0	0	719	167.65	3.89	1.44	4.11	9.40	5.17	8.85	1.66	36.46	11.41
5/7/2018 9:35:51 AM	0.33	0.41	0.44	0.00	0.00	0.00	0.00	0.78	1.18	96.05	6.86	26.46	175	407	197	0	0	0	0	0	780	167.41	3.98	1.39	4.25	9.44	5.48	8.97	1.67	36.41	11.43
5/7/2018 9:35:53 AM	0.30	0.38	0.36	0.00	0.00	0.00	0.00	0.79	1.04	96.20	6.92	26.19	159	380	160	0	0	0	0	0	700	167.66	3.75	1.48	4.03	9.33	5.24	8.58	1.68	36.36	11.41
5/7/2018 9:35:55 AM	0.10	0.43	0.49	0.00	0.00	0.00	0.00	0.78	1.02	96.07	6.97	26.17	56	427	220	0	0	0	0	0	703	167.44	3.97	1.73	4.33	9.25	5.24	8.49	1.68	36.30	11.41
5/7/2018 9:35:58 AM	0.37	0.39	0.35	0.00	0.00	0.00	0.00	0.78	1.11	96.04	7.04	25.94	197	389	158	0	0	0	0	0	743	167.39	3.78	1.37	4.09	9.38	5.37	8.75	1.69	36.23	11.41
5/7/2018 9:36:00 AM	0.43	0.41	0.39	0.00	0.00	0.00	0.00	0.77	1.23	96.10	7.10	25.39	230	408	174	0	0	0	0	0	813	167.51	3.91	1.37	4.34	9.43	5.46	9.03	1.70	36.21	11.39
5/7/2018 9:36:03 AM	0.11	0.39	0.48	0.00	0.00	0.00	0.00	0.80	0.99	96.20	7.18	25.12	61	392	216	0	0	0	0	0	669	167.68	4.02	1.24	4.13	9.46	5.24	8.66	1.70	36.16	11.39
5/7/2018 9:36:05 AM	0.41	0.40	0.35	0.00	0.00	0.00	0.00	0.76	1.16	96.23	7.26	24.73	217	402	156	0	0	0	0	0	775	167.73	3.76	1.39	4.27	9.20	5.32	8.67	1.71	36.09	11.39
5/7/2018 9:36:07 AM	0.15	0.38	0.42	0.00	0.00	0.00	0.00	0.81	0.95	96.08	7.33	24.30	80	379	188	0	0	0	0	0	647	167.46	3.88	1.46	4.02	9.44	5.13	8.54	1.72	36.03	11.38
5/7/2018 9:36:10 AM	0.16	0.42	0.45	0.00	0.00	0.00	0.00	0.77	1.03	96.12	7.45	24.32	84	424	204	0	0	0	0	0	712	167.53	3.90	1.62	4.30	9.18	5.27	8.44	1.73	35.98	11.36
5/7/2018 9:36:12 AM	0.35	0.33	0.26	0.09	0.00	0.00	0.00	0.78	1.03	96.00	7.57	24.35	183	330	119	3	0	0	0	0	636	167.32	3.77	1.62	3.99	9.26	5.26	8.63	1.74	35.90	11.37
5/7/2018 9:36:14 AM	0.21	0.45	0.36	0.00	0.00	0.00	0.00	0.79	1.02	96.15	7.66	24.42	109	451	163	0	0	0	0	0	722	167.58	3.79	1.53	4.30	9.34	5.43	8.38	1.75	35.85	11.33
5/7/2018 9:36:17 AM	0.41	0.38	0.26	0.02	0.00	0.00	0.00	0.77	1.07	96.05	7.74	24.56	217	384	116	1	0	0	0	0	717	167.41	3.60	1.48	4.07	9.16	5.30	8.43	1.76	35.79	11.35
5/7/2018 9:36:19 AM	0.19	0.43	0.38	0.00	0.00	0.00	0.00	0.82	0.99	96.01	7.83	24.47	101	425	169	0	0	0	0	0	695	167.35	3.87	1.49	4.38	9.55	5.15	8.56	1.77	35.72	11.34
5/7/2018 9:36:22 AM	0.33	0.36	0.24	0.08	0.00	0.00	0.00	0.81	1.00	96.14	7.92	24.63	173	365	106	2	0	0	0	0	646	167.56	3.78	1.43	4.01	9.53	5.44	8.66	1.78	35.67	11.35
5/7/2018 9:36:24 AM	0.17	0.40	0.39	0.00	0.00	0.00	0.00	0.81	0.97	96.08	8.00	24.97	92	402	177	0	0	0	0	0	671	167.46	3.83	1.57	4.10	9.44	5.22	8.51	1.78	35.60	11.34
5/7/2018 9:36:26 AM	0.14	0.41	0.46	0.00	0.00	0.00	0.00	0.80	1.01	96.25	8.09	25.24	76	406	206	0	0	0	0	0	688	167.76	3.97	1.53	4.20	9.47	5.24	8.67	1.79	35.53	11.31
5/7/2018 9:36:29 AM	0.36	0.38	0.20	0.10	0.00	0.00	0.00	0.83	1.03	96.25	8.18	25.50	190	379	89	3	0	0	0	0	660	167.77	3.84	1.57	4.16	9.78	5.53	8.87	1.80	35.47	11.32
5/7/2018 9:36:31 AM	0.33	0.40	0.25	0.06	0.00	0.00	0.00	0.81	1.04	95.53	8.26	25.75	173	403	113	2	0	0	0	0	691	166.50	3.78	1.56	4.19	9.55	5.48	8.65	1.81	35.41	11.30
5/7/2018 9:36:33 AM	0.12	0.43	0.51	0.00	0.00	0.00	0.00	0.80	1.05	95.54	8.35	25.95	63	429	228	0	0	0	0	0	719	166.53	4.07	1.64	4.31	9.47	5.37	8.75	1.82	35.34	11.29
5/7/2018 9:36:36 AM	0.02	0.42	0.50	0.00	0.00	0.00	0.00	0.82	0.93	96.11	8.41	25.37	11	417	223	0	0	0	0	0	651	167.52	4.05	1.39	4.12	9.53	5.34	8.57	1.82	35.28	11.29
5/7/2018 9:36:38 AM	0.19	0.40	0.40	0.00	0.00	0.00	0.00	0.79	0.99	96.07	8.49	24.68	100	397	181	0	0	0	0	0	678	167.45	3.83	1.38	4.11	9.29	5.22	8.45	1.83	35.22	11.28
5/7/2018 9:36:41 AM	0.12	0.44	0.41	0.00	0.00	0.00	0.00	0.82	0.98	96.18	8.58	24.57	66	444	186	0	0	0	0	0	695	167.63	3.92	1.58	4.35	9.54	5.31	8.53	1.84	35.16	11.26
5/7/2018 9:36:43 AM	0.25	0.45	0.42	0.00	0.00	0.00	0.00	0.83	1.11	95.81	8.65	24.29	131	449	189	0	0	0	0	0	768	166.99	4.04	1.53	4.46	9.82	5.49	9.02	1.85	35.11	11.25
5/7/2018 9:36:45 AM	0.22	0.46	0.37	0.00	0.00	0.00	0.00	0.82	1.05	96.06	8.73	24.37	116	461	165	0	0	0	0	0	742	167.43	3.91	1.58	4.55	9.67	5.32	8.68	1.86	35.03	11.26
5/7/2018 9:36:48 AM	0.28	0.41	0.28	0.04	0.00	0.00	0.00	0.81	1.01	95.93	8.82	24.45	151	409	125	1	0	0	0	0	686	167.21	3.76	1.63	4.20	9.54	5.35	8.57	1.86	34.99	11.24
5/7/2018 9:36:50 AM	0.32	0.45	0.32	0.00	0.00	0.00	0.00	0.82	1.09	95.80	8.89	24.51	168	450	146	0	0	0	0	0	763	166.97	3.84	1.44	4.41	9.67	5.47	8.76	1.87	34.94	11.20
5/7/2018 9:36:52 AM	0.12	0.46	0.34	0.00	0.00	0.00	0.00	0.86	0.92	96.08	8.98	24.65	64	462	152	0	0	0	0	0	678	167.47	3.87	1.51	4.41	9.82	5.30	8.51	1.88	34.86	11.24
5/7/2018 9:36:55 AM	0.21	0.45	0.37	0.00	0.00	0.00	0.00	0.84	1.03	95.93	9.07	24.66	112	451	167	0	0	0	0	0	730	167.21	3.94	1.49	4.36	9.80	5.46	8.79	1.89	34.79	11.23
5/7/2018 9:36:57 AM	0.24	0.42	0.35	0.00	0.00	0.00	0.00	0.82	1.00	95.99	9.14	24.61	125	418	155	0	0	0	0	0	698	167.30	3.81	1.49	4.20	9.59	5.29	8.60	1.90	34.74	11.20
5/7/2018 9:37:00 AM	0.22	0.47	0.38	0.00	0.00	0.00	0.00	0.83	1.07	96.05	9.20	24.42	115	467	173	0	0	0	0	0	755	167.42	3.96	1.51	4.39	9.78	5.60	8.82	1.90	34.69	11.18
5/7/2018 9:37:02 AM	0.06	0.45	0.45	0.02	0.00	0.00	0.00	0.82	0.97	96.05	9.29	24.64	30	445	204	1	0	0	0	0	680	167.41	4.03	1.62	4.28	9.55	5.48	8.58	1.91	34.63	11.17
5/7/2018 9:37:04 AM	0.25	0.46	0.35	0.00	0.00	0.00	0.00	0.83	1.06	96.09	9.38	24.70	134	462	155	0	0	0	0	0	751	167.48	3.87	1.60	4.42	9.73	5.48	8.74	1.92	34.56	11.18
5/7/2018 9:37:07 AM	0.23	0.46	0.36	0.00	0.00	0.00	0.00	0.84	1.05	96.16	9.46	24.67	120	460	163	0	0	0	0	0	742	167.61	3.93	1.54	4.43	9.82	5.47	8.80	1.93	34.49	11.15
5/7/2018 9:37:09 AM	0.28	0.46	0.44	0.02	0.00	0.00	0.00	0.83	1.19	96.08	9.55	24.72	147	456	198	1	0	0	0	0	801	167.46	4.17	1.68	4.51	9.98	5.69	9.33	1.94	34.42	11.17
5/7/2018 9:37:11 AM	0.16	0.42	0.35	0.01	0.00	0.00	0.00	0.84	0.94	96.00	9.64	24.59	86	417	157	0	0	0	0	0	661	167.33	3.84	1.51	4.10	9.69	5.32	8.56	1.94	34.37	11.15
5/7/2018 9:37:14 AM	0.27	0.44	0.30	0.01	0.00	0.00	0.00	0.85	1.02	96.13	9.71	24.36	144	440	136	0	0	0	0	0	720	167.55	3.82	1.61	4.29	9.86	5.42	8.76	1.95	34.31	11.12
5/7/2018 9:37:16 AM	0.21	0.45	0.34	0.03	0.00	0.00	0.00	0.85	1.04	95.96	9.80	24.50	110	455	155	1	0	0	0	0	721	167.26	4.01	1.64	4.39	9.99	5.60	8.95	1.96	34.23	11.13
5/7/2018 9:37:19 AM	0.31	0.41	0.25	0.06	0.00	0.00	0.00	0.84	1.04	96.16	9.86	24.45	163	414	114	2	0	0	0	0	693	167.61	3.87	1.64	4.28	9.85	5.51	8.86	1.97	34.18	11.13
5/7/2018 9:37:21 AM	0.20	0.45	0.34	0.00	0.00	0.00	0.00	0.85	0.98	96.15	10.00	24.27	107	447	151	0	0	0	0	0	704	167.58	3.87	1.49	4.30	9.85	5.41	8.70	1.98	34.11	11.13
5/7/2018 9:37:23 AM	0.22	0.46	0.31	0.00	0.00	0.00	0.00	0.85	0.99	96.11	10.13	23.94	117	457	140	0	0	0	0	0	713	167.52	3.82	1.56	4.30	9.84	5.46	8.66	1.99	34.05	11.09
5/7/2018 9:37:26 AM	0.34	0.45	0.30	0.00	0.00	0.00	0.00	0.84	1.10	95.89	10.24	23.95	183	449	136	0	0	0	0	0	767	167.14	3.83	1.59	4.37	9.86	5.49	8.90	2.00	34.00	11.06
5/7/2018 9:37:28 AM	0.32	0.48	0.35	0.00	0.00	0.00	0.00	0.83	1.15	96.10	10.34	24.09	171	476	159	0	0	0	0	0	805	167.50	3.96	1.68	4.57	9.93	5.59	9.06	2.01	33.92	11.10
5/7/2018 9:37:30 AM	0.17	0.45	0.39	0.02	0.00	0.00	0.00	0.86	1.02	95.99	10.44	24.27	91	448	175	1	0	0	0	0	714	167.31	4.05	1.66	4.36	10.03	5.52	8.99	2.02	33.87	11.07
5/7/2018 9:37:33 AM	0.25	0.46	0.31	0.00	0.00	0.00	0.00	0.86	1.02	96.15	10.55	24.26	134	461	139	0	0	0	0	0	734	167.59	3.88	1.60	4.38	10.03	5.48	8.86	2.03	33.80	11.07
5/7/2018 9:37:35 AM	0.18	0.44	0.32	0.06	0.00	0.00	0.00	0.85	1.01	96.11	10.64	24.13	97	436	145	2	0	0	0	0	680	167.51	4.01	1.68	4.35	9.92	5.59	8.87	2.04	33.74	11.05
5/7/2018 9:37:38 AM	0.09	0.45	0.31	0.04	0.00	0.00	0.00	0.87	0.89	96.07	10.48	23.93	49	445	139	1	0	0	0	0	634	167.45	3.90	1.69	4.28	9.89	5.42	8.55	2.03	33.68	11.05
5/7/2018 9:37:40 AM	0.07	0.45	0.34	0.00	0.00	0.00	0.00	0.86	0.86	95.79	8.87	23.74	35	453	152	0	0	0	0	0	640	166.95	3.81	1.59	4.22	9.75	5.31	8.34	1.87	33.61	11.01
5/7/2018 9:37:42 AM	0.13	0.44	0.28	0.00	0.00	0.00	0.00	0.87	0.85	95.59	6.78	23.69	68	442	124	0	0	0	0	0	634	166.61	3.72	1.61	4.19	9.84	5.21	8.35	1.66	33.56	11.01
5/7/2018 9:37:45 AM	1.11	0.33	0.25	0.03	0.00	0.00	0.00	0.75	1.71	96.51	4.70	26.21	586	330	111	1	0	0	0	0	1028	168.22	3.94	1.37	4.35	9.97	5.77	10.53	1.46	33.50	11.01
5/7/2018 9:37:47 AM	3.47	0.21	0.44	0.00	0.00	0.00	0.00	0.71	4.12	96.61	2.37	33.81	1840	209	197	0	0	0	0	0	2246	168.39	5.54	1.30	5.94	13.06	7.35	18.45	1.23	33.43	11.00
5/7/2018 9:37:49 AM	0.32	0.73	0.42	0.00	0.00	0.00	0.00	0.49	1.48	80.09	0.49	38.74	172	734	187	0	0	0	0	0	1094	139.61	3.63	-1.07	4.95	6.62	7.73	6.62	1.05	33.38	10.97
5/7/2018 9:37:52 AM	0.00	0.79	0.00	0.00	0.00	0.00	0.00	0.00	0.79	57.68	0.21	38.10	0	789	0	0	0	0	0	0	789	100.58	2.25	-1.74	4.33	3.82	6.69	-7.32	1.02	33.34	10.97
5/7/2018 9:37:54 AM	0.00	0.05	0.00	0.67	0.00	0.00	0.00	0.00	0.72	72.41	0.17	36.85	0	52	0	20	0	0	0	0	72	126.23	2.71	1.20	2.97	1.14	5.58	2.45	1.02	33.30	10.96
5/7/2018 9:37:57 AM	0.52	0.12	0.00	0.00	0.00	0.00	0.00	0.00	0.64	78.27	0.18	35.69	276	115	0	0	0	0	0	0	391	136.44	-0.39	1.64	2.44	0.36	3.37	1.59	1.02	33.26	10.97
5/7/2018 9:37:59 AM	0.00	0.33	0.00	0.04	0.00	0.00	0.00	0.20	0.37	76.92	0.19	34.77	0	330	0	1	0	0	0	0	332	134.09	1.33	0.51	1.91	2.59	5.39	1.04	1.02	33.23	10.97
5/7/2018 9:38:01 AM	0.00	0.60	0.00	0.00	0.00	0.00	0.00	0.03	0.60	79.03	0.19	33.95	0	602	0	0	0	0	0	0	602	137.76	-1.17	-0.17	4.24	1.31	5.39	-0.16	1.02	33.20	10.95
