Date/Time	Green Algae	Bluegreen	Diatoms	Cryptophyta	#5	#6	#7	Yellow substances	Total conc.	Transmission	Depth	Temp. Sample	Green Algae	Bluegreen	Diatoms	Cryptophyta	#5	#6	#7	Yellow substances	Total cell count	Trans. 700 nm	LED 3 [525 nm]	LED 4 [570 nm]	LED 5 [610 nm]	LED 6 [370 nm]	LED 7 [590 nm]	LED 8 [470 nm]	Pressure	Temp. LEDs	Temp. Sensor
date	µg/l	µg/l	µg/l	µg/l	µg/l	µg/l	µg/l	r.u.	µg/l	%	m	°C	cells/ml	cells/ml	cells/ml	cells/ml	cells/ml	cells/ml	cells/ml	r.u.	cells/ml	digits	digits	digits	digits	digits	digits	digits	bar	°C	°C
9/24/2018 11:04:30 AM	1.46	0.84	0.00	0.33	0.00	0.00	0.00	0.00	2.64	60.49	0.27	41.74	776	844	0	10	0	0	0	0	1630	105.47	2.52	0.45	6.17	2.38	10.07	6.41	1.03	33.90	10.96
9/24/2018 11:04:32 AM	5.96	2.30	2.35	1.33	0.00	0.00	0.00	0.61	11.95	80.56	0.34	43.74	3161	2302	1056	40	0	0	0	0	6559	140.43	17.22	6.37	22.29	22.84	25.69	40.68	1.03	33.96	10.98
9/24/2018 11:04:34 AM	5.21	2.49	2.95	1.43	0.00	0.00	0.00	0.70	12.08	85.65	0.43	44.86	2760	2488	1329	43	0	0	0	0	6620	149.29	18.82	8.05	23.83	24.00	26.20	42.08	1.04	34.04	10.98
9/24/2018 11:04:37 AM	5.09	2.26	2.85	1.69	0.00	0.00	0.00	0.80	11.89	85.66	0.52	44.93	2699	2264	1282	51	0	0	0	0	6296	149.31	19.45	7.68	23.08	25.01	26.45	43.17	1.05	34.11	10.98
9/24/2018 11:04:39 AM	3.55	3.00	4.56	0.53	0.00	0.00	0.00	0.86	11.63	86.07	0.57	44.94	1879	2996	2051	16	0	0	0	0	6942	150.04	19.81	6.16	23.69	24.85	26.19	41.36	1.06	34.18	10.96
9/24/2018 11:04:42 AM	4.05	3.07	4.47	0.59	0.00	0.00	0.00	0.83	12.18	85.45	0.58	44.96	2149	3071	2010	18	0	0	0	0	7248	148.94	20.04	6.46	24.54	25.21	26.98	42.59	1.06	34.25	10.98
9/24/2018 11:04:44 AM	4.21	2.76	4.04	0.98	0.00	0.00	0.00	0.80	11.99	85.72	0.66	44.92	2231	2761	1818	29	0	0	0	0	6839	149.42	19.98	6.87	23.86	24.85	26.66	42.57	1.06	34.33	11.02
9/24/2018 11:04:46 AM	5.21	2.24	2.64	1.72	0.00	0.00	0.00	0.71	11.82	86.59	0.73	44.83	2764	2243	1188	52	0	0	0	0	6247	150.93	18.81	8.42	23.24	23.96	25.83	42.05	1.07	34.38	10.99
9/24/2018 11:04:49 AM	3.98	2.84	4.20	0.80	0.00	0.00	0.00	0.83	11.83	86.07	0.84	44.81	2109	2841	1892	24	0	0	0	0	6866	150.03	19.85	6.34	23.64	24.86	26.56	42.05	1.08	34.47	11.02
9/24/2018 11:04:51 AM	4.25	2.57	3.74	1.40	0.00	0.00	0.00	0.80	11.96	86.10	0.91	44.75	2254	2572	1681	42	0	0	0	0	6549	150.09	20.47	7.19	23.74	25.06	27.25	43.23	1.09	34.54	11.01
9/24/2018 11:04:54 AM	4.75	2.56	3.25	1.55	0.00	0.00	0.00	0.75	12.10	86.20	0.95	44.61	2517	2558	1462	46	0	0	0	0	6583	150.26	19.90	7.25	23.93	24.64	27.60	42.88	1.09	34.60	11.01
9/24/2018 11:04:56 AM	5.56	2.27	2.72	1.68	0.00	0.00	0.00	0.76	12.23	85.64	1.01	44.51	2948	2270	1226	50	0	0	0	0	6494	149.27	19.29	7.38	23.21	24.97	26.83	43.70	1.10	34.68	11.01
9/24/2018 11:04:58 AM	4.92	2.65	4.00	0.98	0.00	0.00	0.00	0.75	12.54	86.01	1.06	44.46	2606	2650	1798	29	0	0	0	0	7083	149.93	20.06	6.94	23.92	25.19	26.65	44.21	1.10	34.76	11.05
9/24/2018 11:05:01 AM	5.15	2.60	3.65	1.11	0.00	0.00	0.00	0.70	12.51	85.92	1.13	44.49	2729	2599	1643	33	0	0	0	0	7004	149.77	19.58	7.67	24.12	24.66	26.33	43.62	1.11	34.80	11.05
9/24/2018 11:05:03 AM	4.11	2.49	3.72	1.29	0.00	0.00	0.00	0.78	11.61	85.70	1.20	44.45	2179	2491	1673	39	0	0	0	0	6381	149.38	19.86	7.04	23.01	24.36	26.23	42.00	1.12	34.88	11.03
9/24/2018 11:05:05 AM	4.24	2.96	4.50	0.57	0.00	0.00	0.00	0.83	12.27	85.84	1.29	44.52	2249	2961	2023	17	0	0	0	0	7250	149.62	20.07	6.40	24.19	25.45	26.61	43.22	1.13	34.95	11.03
9/24/2018 11:05:08 AM	4.80	2.51	3.25	1.45	0.00	0.00	0.00	0.80	12.01	85.79	1.34	44.71	2542	2508	1464	43	0	0	0	0	6558	149.54	19.70	7.10	23.54	24.95	27.05	42.96	1.13	35.01	11.06
9/24/2018 11:05:10 AM	4.13	2.77	4.22	0.91	0.00	0.00	0.00	0.85	12.04	85.63	1.40	44.71	2190	2771	1900	27	0	0	0	0	6889	149.27	20.30	7.17	24.02	25.51	26.45	43.28	1.14	35.08	11.06
9/24/2018 11:05:13 AM	4.27	2.71	4.15	1.09	0.00	0.00	0.00	0.74	12.23	86.09	1.45	44.65	2264	2710	1869	33	0	0	0	0	6875	150.06	20.43	7.26	24.13	24.71	26.89	43.29	1.14	35.14	11.09
9/24/2018 11:05:15 AM	4.70	2.56	3.73	1.25	0.00	0.00	0.00	0.78	12.24	86.21	1.49	44.59	2493	2562	1678	37	0	0	0	0	6770	150.28	20.15	7.15	23.74	25.17	26.86	43.76	1.15	35.20	11.07
9/24/2018 11:05:17 AM	5.92	2.83	3.32	1.27	0.00	0.00	0.00	0.64	13.34	86.20	1.53	44.51	3137	2827	1495	38	0	0	0	0	7498	150.26	19.83	7.48	25.58	25.01	28.54	44.96	1.15	35.26	11.08
9/24/2018 11:05:20 AM	4.87	2.35	3.39	1.73	0.00	0.00	0.00	0.74	12.34	85.92	1.58	44.47	2580	2350	1528	52	0	0	0	0	6510	149.76	20.70	7.18	23.57	25.10	27.81	44.54	1.16	35.34	11.09
9/24/2018 11:05:22 AM	5.19	2.48	3.41	1.57	0.00	0.00	0.00	0.71	12.65	86.01	1.60	44.66	2752	2477	1536	47	0	0	0	0	6812	149.92	20.44	7.36	24.14	25.06	27.85	44.74	1.16	35.39	11.10
9/24/2018 11:05:24 AM	4.43	2.83	4.16	1.00	0.00	0.00	0.00	0.76	12.42	85.92	1.62	44.81	2347	2829	1872	30	0	0	0	0	7078	149.77	20.42	7.09	24.53	25.05	27.31	43.61	1.16	35.46	11.11
9/24/2018 11:05:27 AM	4.83	2.88	3.97	1.23	0.00	0.00	0.00	0.75	12.90	85.76	1.66	44.71	2558	2875	1786	37	0	0	0	0	7256	149.49	20.90	7.86	25.58	25.62	28.28	44.99	1.16	35.52	11.11
9/24/2018 11:05:29 AM	4.85	2.88	4.41	0.81	0.00	0.00	0.00	0.76	12.95	85.89	1.70	44.69	2571	2883	1983	24	0	0	0	0	7460	149.71	20.69	7.26	25.00	25.85	27.26	45.26	1.17	35.59	11.10
9/24/2018 11:05:32 AM	4.14	2.64	3.81	1.28	0.00	0.00	0.00	0.80	11.87	85.96	1.76	44.73	2196	2637	1713	39	0	0	0	0	6584	149.83	20.24	7.10	23.73	24.83	27.02	42.66	1.17	35.65	11.11
9/24/2018 11:05:34 AM	4.33	2.60	4.00	1.23	0.00	0.00	0.00	0.76	12.16	86.22	1.82	44.81	2295	2603	1801	37	0	0	0	0	6735	150.28	20.53	7.03	23.76	24.95	27.06	43.58	1.18	35.71	11.15
9/24/2018 11:05:36 AM	4.15	2.37	3.36	1.71	0.00	0.00	0.00	0.85	11.60	86.55	1.87	44.86	2201	2373	1514	51	0	0	0	0	6138	150.86	20.43	7.33	23.14	25.15	27.11	42.91	1.18	35.78	11.14
9/24/2018 11:05:39 AM	4.06	2.71	4.09	1.08	0.00	0.00	0.00	0.79	11.94	85.62	1.92	44.89	2153	2713	1838	33	0	0	0	0	6737	149.24	20.25	7.18	23.89	24.78	26.67	42.67	1.19	35.84	11.13
9/24/2018 11:05:41 AM	4.72	2.52	3.64	1.25	0.00	0.00	0.00	0.77	12.13	86.22	1.98	44.90	2501	2517	1639	37	0	0	0	0	6695	150.29	19.89	7.24	23.54	24.93	26.50	43.36	1.19	35.90	11.15
9/24/2018 11:05:43 AM	4.44	2.44	3.38	1.60	0.00	0.00	0.00	0.77	11.87	86.12	2.01	44.93	2355	2444	1522	48	0	0	0	0	6369	150.12	20.19	6.99	23.33	24.64	27.39	42.85	1.20	35.98	11.16
9/24/2018 11:05:46 AM	4.39	2.58	3.90	1.15	0.00	0.00	0.00	0.74	12.01	86.30	2.04	44.90	2325	2585	1754	34	0	0	0	0	6698	150.43	19.96	7.03	23.49	24.44	26.46	42.73	1.20	36.00	11.15
9/24/2018 11:05:48 AM	4.47	2.16	3.27	1.73	0.00	0.00	0.00	0.74	11.63	86.36	2.08	44.86	2371	2159	1473	52	0	0	0	0	6054	150.54	19.95	7.82	22.62	24.16	26.00	42.65	1.20	36.05	11.17
9/24/2018 11:05:51 AM	4.67	2.46	3.51	1.40	0.00	0.00	0.00	0.78	12.05	86.20	2.12	44.78	2477	2464	1580	42	0	0	0	0	6563	150.25	20.03	7.02	23.35	24.98	26.89	43.37	1.21	36.13	11.19
9/24/2018 11:05:53 AM	4.23	3.16	4.78	0.50	0.00	0.00	0.00	0.73	12.67	86.29	2.16	44.66	2243	3160	2149	15	0	0	0	0	7568	150.42	20.39	7.10	25.36	24.92	27.10	43.38	1.21	36.19	11.18
9/24/2018 11:05:55 AM	4.72	2.92	4.06	0.75	0.00	0.00	0.00	0.78	12.45	86.23	2.20	44.61	2503	2916	1826	23	0	0	0	0	7267	150.30	19.63	7.55	24.77	25.12	26.40	43.17	1.22	36.25	11.20
9/24/2018 11:05:58 AM	4.64	2.69	4.00	0.96	0.00	0.00	0.00	0.73	12.29	86.16	2.24	44.56	2458	2688	1802	29	0	0	0	0	6977	150.19	19.85	6.87	23.81	24.62	26.54	43.16	1.22	36.30	11.19
9/24/2018 11:06:00 AM	4.52	2.46	3.50	1.43	0.00	0.00	0.00	0.79	11.91	86.14	2.30	44.53	2396	2462	1577	43	0	0	0	0	6477	150.15	20.03	6.93	23.24	24.87	26.92	43.03	1.23	36.34	11.20
9/24/2018 11:06:02 AM	4.90	2.50	3.78	1.15	0.00	0.00	0.00	0.68	12.32	85.97	2.35	44.54	2597	2496	1700	35	0	0	0	0	6828	149.86	19.75	7.10	23.44	24.28	26.28	43.35	1.23	36.41	11.20
9/24/2018 11:06:05 AM	3.90	2.72	4.53	0.67	0.00	0.00	0.00	0.71	11.83	86.19	2.39	44.58	2067	2724	2040	20	0	0	0	0	6852	150.24	19.75	6.71	23.24	23.83	25.43	41.72	1.23	36.47	11.21
9/24/2018 11:06:07 AM	4.63	2.45	3.64	1.21	0.00	0.00	0.00	0.73	11.94	86.04	2.43	44.66	2455	2454	1640	36	0	0	0	0	6585	149.97	19.56	7.01	23.04	24.22	26.04	42.53	1.24	36.51	11.23
9/24/2018 11:06:10 AM	4.13	2.75	4.14	0.91	0.00	0.00	0.00	0.75	11.93	86.23	2.44	44.70	2188	2754	1864	27	0	0	0	0	6833	150.30	19.81	7.09	23.80	24.30	26.20	42.07	1.24	36.56	11.23
9/24/2018 11:06:12 AM	4.30	2.59	3.72	1.12	0.00	0.00	0.00	0.73	11.73	86.33	2.49	44.66	2278	2592	1674	34	0	0	0	0	6577	150.47	19.40	6.86	23.19	23.89	26.15	41.50	1.24	36.64	11.24
9/24/2018 11:06:14 AM	4.35	2.50	3.39	1.41	0.00	0.00	0.00	0.76	11.65	86.04	2.55	44.63	2307	2499	1524	42	0	0	0	0	6372	149.98	19.49	7.42	23.31	24.08	26.37	41.63	1.25	36.70	11.24
9/24/2018 11:06:17 AM	4.92	2.47	3.40	1.17	0.00	0.00	0.00	0.70	11.97	86.12	2.59	44.60	2609	2473	1531	35	0	0	0	0	6648	150.11	18.99	6.76	22.96	23.91	26.02	42.04	1.25	36.75	11.26
9/24/2018 11:06:19 AM	4.36	2.61	3.89	0.94	0.00	0.00	0.00	0.75	11.81	86.11	2.64	44.58	2313	2610	1751	28	0	0	0	0	6702	150.10	19.37	6.41	22.97	24.16	25.95	41.84	1.26	36.78	11.26
9/24/2018 11:06:21 AM	4.60	2.63	3.80	0.93	0.00	0.00	0.00	0.77	11.96	85.92	2.68	44.56	2437	2630	1711	28	0	0	0	0	6806	149.76	19.30	6.94	23.36	24.54	25.81	42.31	1.26	36.82	11.26
9/24/2018 11:06:24 AM	4.70	2.34	2.99	1.52	0.00	0.00	0.00	0.78	11.56	85.85	2.75	44.52	2493	2343	1346	46	0	0	0	0	6228	149.65	19.05	6.86	22.59	24.17	26.29	41.60	1.27	36.89	11.28
9/24/2018 11:06:26 AM	4.47	2.55	3.55	1.02	0.00	0.00	0.00	0.76	11.59	86.06	2.79	44.57	2370	2546	1600	31	0	0	0	0	6546	150.00	18.81	6.66	22.75	23.88	25.53	41.05	1.27	36.95	11.28
9/24/2018 11:06:29 AM	4.41	2.39	3.50	1.13	0.00	0.00	0.00	0.73	11.44	86.10	2.83	44.64	2337	2388	1577	34	0	0	0	0	6337	150.08	18.81	6.54	22.15	23.49	25.25	40.86	1.28	37.00	11.29
9/24/2018 11:06:31 AM	4.25	2.54	3.83	1.16	0.00	0.00	0.00	0.75	11.77	86.22	2.87	44.61	2251	2539	1722	35	0	0	0	0	6546	150.28	19.76	6.65	23.01	24.20	26.31	42.09	1.28	37.04	11.29
9/24/2018 11:06:33 AM	4.55	2.17	2.92	1.70	0.00	0.00	0.00	0.79	11.34	86.13	2.92	44.60	2409	2170	1315	51	0	0	0	0	5946	150.14	19.28	6.92	22.06	24.18	26.10	41.67	1.29	37.09	11.29
9/24/2018 11:06:36 AM	4.37	2.45	3.58	1.28	0.00	0.00	0.00	0.74	11.68	86.02	2.95	44.59	2316	2451	1609	39	0	0	0	0	6414	149.95	19.50	6.99	22.89	24.01	26.05	41.83	1.29	37.14	11.33
9/24/2018 11:06:38 AM	4.23	2.28	3.43	1.35	0.00	0.00	0.00	0.72	11.29	85.96	2.96	44.65	2243	2280	1544	40	0	0	0	0	6108	149.84	19.09	6.69	21.94	23.31	25.40	40.79	1.29	37.19	11.33
9/24/2018 11:06:40 AM	4.33	2.49	3.88	0.95	0.00	0.00	0.00	0.74	11.66	85.80	3.03	44.59	2295	2494	1745	29	0	0	0	0	6563	149.56	19.19	6.76	22.61	23.90	25.18	41.57	1.30	37.24	11.31
9/24/2018 11:06:43 AM	4.06	2.67	3.49	0.88	0.00	0.00	0.00	0.75	11.09	86.06	3.08	44.62	2151	2668	1571	26	0	0	0	0	6416	150.01	18.04	6.62	22.60	22.98	24.96	38.82	1.30	37.28	11.31
9/24/2018 11:06:45 AM	3.98	2.44	3.15	1.03	0.00	0.00	0.00	0.70	10.60	86.01	3.11	44.70	2112	2438	1417	31	0	0	0	0	5998	149.92	17.34	6.11	21.36	21.84	24.32	37.24	1.31	37.33	11.34
9/24/2018 11:06:48 AM	3.90	2.48	3.18	0.88	0.00	0.00	0.00	0.74	10.45	86.07	3.16	44.69	2067	2484	1429	27	0	0	0	0	6007	150.02	17.05	6.12	21.27	21.99	23.84	36.82	1.31	37.39	11.33
9/24/2018 11:06:50 AM	3.80	2.40	3.12	1.09	0.00	0.00	0.00	0.67	10.40	86.24	3.20	44.66	2012	2398	1404	33	0	0	0	0	5847	150.32	17.21	6.41	21.23	21.27	24.00	36.50	1.31	37.43	11.36
9/24/2018 11:06:52 AM	4.00	2.38	3.03	1.02	0.00	0.00	0.00	0.74	10.43	86.13	3.25	44.61	2123	2379	1363	31	0	0	0	0	5895	150.13	17.10	6.11	21.03	22.02	23.89	37.05	1.32	37.47	11.36
9/24/2018 11:06:55 AM	3.68	2.48	3.23	0.88	0.00	0.00	0.00	0.71	10.28	86.13	3.30	44.58	1950	2484	1455	27	0	0	0	0	5915	150.13	16.96	6.16	21.15	21.42	23.66	36.08	1.32	37.52	11.36
9/24/2018 11:06:57 AM	3.68	2.43	2.85	1.14	0.00	0.00	0.00	0.76	10.09	86.16	3.35	44.60	1948	2426	1284	34	0	0	0	0	5692	150.18	16.94	6.36	21.13	21.74	24.00	35.94	1.33	37.55	11.38
9/24/2018 11:06:59 AM	3.66	2.67	3.35	0.80	0.00	0.00	0.00	0.72	10.48	85.95	3.39	44.60	1942	2665	1507	24	0	0	0	0	6138	149.82	17.16	6.20	21.86	21.73	24.25	36.35	1.33	37.61	11.36
9/24/2018 11:07:02 AM	3.13	2.55	3.08	0.62	0.00	0.00	0.00	0.75	9.37	86.07	3.45	44.56	1657	2546	1387	18	0	0	0	0	5608	150.02	15.59	5.85	20.26	20.43	22.17	32.85	1.34	37.66	11.38
9/24/2018 11:07:04 AM	1.98	2.53	2.72	0.49	0.00	0.00	0.00	0.71	7.72	85.88	3.48	44.51	1048	2533	1223	15	0	0	0	0	4819	149.70	13.51	5.33	18.56	17.50	20.21	26.66	1.34	37.70	11.38
9/24/2018 11:07:07 AM	1.85	2.33	1.88	0.54	0.00	0.00	0.00	0.73	6.60	85.92	3.54	44.49	980	2330	847	16	0	0	0	0	4173	149.76	11.49	4.53	16.71	15.99	18.73	22.86	1.35	37.75	11.39
9/24/2018 11:07:09 AM	1.91	2.55	2.10	0.25	0.00	0.00	0.00	0.71	6.81	85.96	3.59	44.42	1014	2547	945	8	0	0	0	0	4513	149.83	11.27	4.56	17.33	15.94	18.70	22.68	1.35	37.81	11.39
9/24/2018 11:07:11 AM	1.83	2.69	2.43	0.09	0.00	0.00	0.00	0.76	7.05	85.87	3.64	44.35	970	2693	1095	3	0	0	0	0	4760	149.67	11.77	4.58	17.89	16.73	19.04	23.64	1.36	37.84	11.41
9/24/2018 11:07:14 AM	2.26	2.43	2.17	0.51	0.00	0.00	0.00	0.75	7.37	85.98	3.69	44.30	1200	2428	977	15	0	0	0	0	4620	149.88	12.46	4.82	17.74	17.30	19.67	25.51	1.36	37.89	11.41
9/24/2018 11:07:16 AM	2.00	2.48	2.16	0.05	0.00	0.00	0.00	0.72	6.68	85.54	3.74	44.26	1059	2478	972	1	0	0	0	0	4510	149.10	10.80	4.02	16.59	15.80	17.89	22.35	1.37	37.92	11.41
9/24/2018 11:07:18 AM	2.19	2.25	1.64	0.37	0.00	0.00	0.00	0.67	6.45	85.54	3.80	44.21	1158	2253	738	11	0	0	0	0	4161	149.10	10.39	4.08	15.96	15.14	17.78	21.67	1.37	37.97	11.43
9/24/2018 11:07:21 AM	1.93	2.34	1.89	0.16	0.00	0.00	0.00	0.70	6.33	85.40	3.87	44.18	1024	2339	853	5	0	0	0	0	4221	148.86	10.31	3.98	15.92	15.13	17.36	21.25	1.38	38.01	11.43
9/24/2018 11:07:23 AM	1.84	2.23	1.23	0.12	0.00	0.00	0.00	0.82	5.41	82.56	3.95	44.14	974	2229	552	4	0	0	0	0	3758	143.91	8.74	3.82	14.74	14.98	15.85	18.78	1.39	38.06	11.42
9/24/2018 11:07:26 AM	1.63	2.19	1.28	0.00	0.00	0.00	0.00	0.80	5.10	82.30	4.03	44.06	865	2190	574	0	0	0	0	0	3629	143.46	8.31	3.36	14.19	14.36	15.08	17.66	1.39	38.09	11.43
9/24/2018 11:07:28 AM	1.57	2.20	1.39	0.00	0.00	0.00	0.00	0.78	5.16	82.65	4.08	43.93	831	2198	628	0	0	0	0	0	3657	144.06	8.51	3.28	14.24	14.21	15.24	17.78	1.40	38.12	11.47
9/24/2018 11:07:30 AM	1.58	2.24	1.36	0.00	0.00	0.00	0.00	0.80	5.18	82.36	4.11	43.84	837	2236	613	0	0	0	0	0	3686	143.56	8.50	3.55	14.54	14.39	15.19	17.83	1.40	38.18	11.44
9/24/2018 11:07:33 AM	1.60	2.14	1.38	0.00	0.00	0.00	0.00	0.78	5.12	82.36	4.15	43.88	846	2137	623	0	0	0	0	0	3605	143.57	8.46	3.22	14.19	14.17	14.77	17.78	1.41	38.21	11.47
9/24/2018 11:07:35 AM	1.56	2.02	1.36	0.00	0.00	0.00	0.00	0.77	4.93	82.55	4.22	43.77	825	2018	612	0	0	0	0	0	3455	143.90	8.23	3.33	13.47	13.91	14.29	17.46	1.41	38.23	11.49
9/24/2018 11:07:37 AM	1.76	1.83	1.19	0.00	0.00	0.00	0.00	0.75	4.78	82.34	4.23	43.67	934	1831	535	0	0	0	0	0	3301	143.54	7.76	2.82	12.67	13.52	13.47	17.11	1.41	38.27	11.49
9/24/2018 11:07:40 AM	1.56	1.89	1.42	0.00	0.00	0.00	0.00	0.76	4.87	82.68	4.28	43.69	828	1892	639	0	0	0	0	0	3359	144.13	8.25	3.16	12.98	13.80	13.83	17.60	1.42	38.32	11.47
9/24/2018 11:07:42 AM	1.65	1.80	1.27	0.00	0.00	0.00	0.00	0.77	4.72	82.39	4.30	43.70	874	1802	571	0	0	0	0	0	3246	143.63	7.88	3.02	12.42	13.70	13.44	17.26	1.42	38.36	11.49
9/24/2018 11:07:45 AM	1.64	1.76	1.32	0.01	0.00	0.00	0.00	0.75	4.72	82.31	4.34	43.68	867	1761	593	0	0	0	0	0	3221	143.49	7.94	3.00	12.18	13.61	13.44	17.34	1.43	38.40	11.49
9/24/2018 11:07:47 AM	1.49	1.76	1.36	0.00	0.00	0.00	0.00	0.79	4.62	82.53	4.40	43.69	791	1760	613	0	0	0	0	0	3164	143.86	8.06	3.03	12.33	13.85	13.12	17.35	1.43	38.41	11.54
9/24/2018 11:07:49 AM	1.61	1.72	1.13	0.00	0.00	0.00	0.00	0.82	4.46	82.31	4.39	43.68	851	1722	508	0	0	0	0	0	3081	143.47	7.61	2.77	11.96	13.85	12.91	16.88	1.43	38.49	11.50
9/24/2018 11:07:52 AM	1.51	1.71	1.33	0.00	0.00	0.00	0.00	0.78	4.55	82.35	4.48	43.70	798	1714	600	0	0	0	0	0	3112	143.54	7.93	3.09	12.24	13.68	12.72	17.16	1.44	38.47	11.56
9/24/2018 11:07:54 AM	1.35	1.54	1.26	0.00	0.00	0.00	0.00	0.81	4.15	82.18	4.47	43.68	715	1544	566	0	0	0	0	0	2825	143.25	7.60	2.63	11.21	13.47	11.93	16.48	1.44	38.53	11.53
9/24/2018 11:07:56 AM	1.51	1.45	1.32	0.00	0.00	0.00	0.00	0.77	4.29	82.35	4.53	43.66	800	1453	595	0	0	0	0	0	2848	143.54	7.66	2.75	10.77	13.40	11.93	16.99	1.44	38.53	11.54
9/24/2018 11:07:59 AM	1.48	1.48	1.27	0.00	0.00	0.00	0.00	0.78	4.24	82.56	4.57	43.66	787	1485	570	0	0	0	0	0	2842	143.91	7.57	2.70	10.91	13.38	11.93	16.74	1.45	38.58	11.58
9/24/2018 11:08:01 AM	1.45	1.43	1.35	0.00	0.00	0.00	0.00	0.74	4.23	83.22	4.63	43.62	767	1429	608	0	0	0	0	0	2804	145.05	7.59	2.59	10.66	12.98	11.76	16.62	1.45	38.61	11.55
9/24/2018 11:08:04 AM	1.40	1.43	1.44	0.00	0.00	0.00	0.00	0.71	4.27	83.41	4.67	43.61	741	1432	650	0	0	0	0	0	2823	145.40	7.69	2.81	10.71	12.77	11.80	16.64	1.46	38.63	11.59
9/24/2018 11:08:06 AM	1.46	1.45	1.31	0.00	0.00	0.00	0.00	0.74	4.22	83.63	4.72	43.54	776	1450	590	0	0	0	0	0	2815	145.77	7.50	2.76	10.77	12.92	11.75	16.48	1.46	38.67	11.61
9/24/2018 11:08:08 AM	1.44	1.47	1.30	0.00	0.00	0.00	0.00	0.73	4.21	83.58	4.76	43.42	764	1467	586	0	0	0	0	0	2817	145.69	7.47	2.69	10.74	12.82	11.89	16.33	1.47	38.73	11.55
9/24/2018 11:08:11 AM	1.39	1.52	1.29	0.00	0.00	0.00	0.00	0.74	4.21	83.38	4.79	43.32	737	1523	582	0	0	0	0	0	2842	145.34	7.52	2.69	11.06	12.93	11.96	16.26	1.47	38.72	11.58
9/24/2018 11:08:13 AM	2.10	1.72	1.42	0.04	0.00	0.00	0.00	0.75	5.29	83.03	4.86	43.25	1114	1724	638	1	0	0	0	0	3477	144.73	8.54	3.08	12.57	14.48	13.97	19.43	1.48	38.76	11.61
9/24/2018 11:08:15 AM	3.51	2.18	2.02	0.08	0.00	0.00	0.00	0.67	7.79	81.87	4.90	43.20	1860	2179	908	2	0	0	0	0	4949	142.71	11.10	4.10	16.49	17.10	17.78	26.28	1.48	38.82	11.56
9/24/2018 11:08:18 AM	3.50	2.16	1.96	0.00	0.00	0.00	0.00	0.69	7.62	82.00	4.96	43.20	1856	2158	880	0	0	0	0	0	4894	142.94	10.71	3.95	16.24	16.96	17.19	25.71	1.49	38.89	11.59
9/24/2018 11:08:20 AM	6.53	2.63	1.91	0.24	0.00	0.00	0.00	0.60	11.31	81.62	5.03	43.16	3461	2630	859	7	0	0	0	0	6957	142.28	13.29	5.33	21.37	21.03	22.58	35.73	1.49	38.89	11.57
9/24/2018 11:08:23 AM	8.82	3.62	2.80	0.25	0.00	0.00	0.00	0.67	15.49	81.17	5.08	42.95	4675	3620	1262	7	0	0	0	0	9565	141.49	17.82	6.80	28.60	27.36	29.84	47.99	1.50	38.89	11.56
9/24/2018 11:08:25 AM	10.48	4.63	3.15	0.00	0.00	0.00	0.00	0.78	18.26	80.96	5.12	42.97	5553	4629	1419	0	0	0	0	0	11600	141.13	19.99	7.98	34.75	31.76	34.51	54.96	1.50	38.92	11.58
9/24/2018 11:08:27 AM	10.36	4.20	2.87	0.41	0.00	0.00	0.00	0.80	17.84	81.06	5.16	43.09	5489	4204	1291	12	0	0	0	0	10997	141.30	20.23	7.65	32.94	31.68	34.53	55.15	1.51	38.95	11.56
9/24/2018 11:08:30 AM	11.41	5.01	3.16	0.00	0.00	0.00	0.00	0.75	19.58	81.18	5.20	43.06	6047	5006	1424	0	0	0	0	0	12477	141.51	20.86	8.31	37.68	33.09	36.44	57.88	1.51	38.96	11.67
9/24/2018 11:08:32 AM	12.52	5.69	3.33	0.00	0.00	0.00	0.00	0.84	21.54	81.50	5.25	42.99	6637	5689	1497	0	0	0	0	0	13823	142.06	22.72	8.87	41.71	36.37	40.73	63.11	1.51	39.01	11.74
9/24/2018 11:08:34 AM	11.56	5.12	3.30	0.00	0.00	0.00	0.00	0.86	19.98	81.48	5.28	42.76	6126	5125	1483	0	0	0	0	0	12734	142.03	21.60	8.34	37.77	34.72	38.10	59.86	1.52	39.01	11.61
9/24/2018 11:08:37 AM	10.97	5.08	2.95	0.00	0.00	0.00	0.00	0.87	19.00	81.33	5.33	42.47	5815	5077	1327	0	0	0	0	0	12219	141.77	20.44	7.93	36.82	33.39	36.95	56.53	1.52	39.08	11.61
9/24/2018 11:08:39 AM	10.93	5.07	2.90	0.00	0.00	0.00	0.00	0.86	18.90	81.17	5.38	42.25	5791	5075	1305	0	0	0	0	0	12171	141.50	20.27	7.85	36.68	33.14	36.89	56.10	1.53	39.08	11.66
9/24/2018 11:08:42 AM	9.98	5.29	2.44	0.00	0.00	0.00	0.00	0.99	17.71	81.31	5.43	42.05	5288	5287	1099	0	0	0	0	0	11674	141.74	19.14	7.80	36.85	32.45	36.12	52.11	1.53	39.09	11.73
9/24/2018 11:08:44 AM	9.26	4.95	2.00	0.00	0.00	0.00	0.00	1.10	16.21	81.05	5.44	41.81	4907	4954	900	0	0	0	0	0	10762	141.28	17.70	7.17	34.29	31.65	33.79	48.70	1.53	39.15	11.70
9/24/2018 11:08:46 AM	9.31	4.99	1.80	0.00	0.00	0.00	0.00	1.18	16.10	80.57	5.48	41.96	4935	4991	811	0	0	0	0	0	10737	140.44	17.51	7.00	34.55	32.19	33.63	48.61	1.54	39.15	11.64
9/24/2018 11:08:49 AM	9.31	4.87	1.68	0.00	0.00	0.00	0.00	1.19	15.87	80.61	5.50	41.83	4933	4874	758	0	0	0	0	0	10565	140.51	17.15	6.87	33.73	32.03	33.19	48.16	1.54	39.18	11.66
9/24/2018 11:08:51 AM	9.25	4.89	1.45	0.00	0.00	0.00	0.00	1.24	15.60	80.29	5.52	41.44	4904	4888	654	0	0	0	0	0	10447	139.96	16.71	6.85	33.68	32.05	32.82	47.34	1.54	39.15	11.67
9/24/2018 11:08:54 AM	9.66	4.88	1.54	0.00	0.00	0.00	0.00	1.21	16.08	80.12	5.55	41.41	5120	4880	694	0	0	0	0	0	10694	139.66	17.08	6.92	34.19	32.44	33.07	48.77	1.54	39.21	11.63
9/24/2018 11:08:56 AM	9.80	4.93	1.55	0.00	0.00	0.00	0.00	1.23	16.28	80.07	5.60	41.29	5192	4934	698	0	0	0	0	0	10825	139.57	17.28	6.99	34.54	32.90	33.47	49.44	1.55	39.21	11.78
9/24/2018 11:08:58 AM	10.25	5.05	1.40	0.00	0.00	0.00	0.00	1.28	16.70	79.95	5.63	41.17	5430	5046	632	0	0	0	0	0	11108	139.37	17.44	7.16	35.52	33.90	33.95	50.67	1.55	39.27	11.67
9/24/2018 11:09:01 AM	10.60	5.03	1.39	0.00	0.00	0.00	0.00	1.38	17.02	79.42	5.69	41.20	5620	5025	625	0	0	0	0	0	11271	138.44	17.84	7.24	35.61	35.36	34.37	52.53	1.56	39.23	11.69
9/24/2018 11:09:03 AM	10.82	4.88	1.38	0.00	0.00	0.00	0.00	1.40	17.08	79.30	5.74	41.02	5737	4876	622	0	0	0	0	0	11235	138.24	17.92	7.01	35.13	35.84	33.96	53.39	1.56	39.28	11.67
9/24/2018 11:09:05 AM	11.22	4.82	1.42	0.00	0.00	0.00	0.00	1.47	17.46	79.20	5.79	40.89	5946	4820	640	0	0	0	0	0	11406	138.06	18.35	7.10	35.13	37.08	34.29	55.32	1.57	39.28	11.72
9/24/2018 11:09:08 AM	11.19	4.89	1.38	0.00	0.00	0.00	0.00	1.50	17.46	78.84	5.82	40.51	5930	4892	620	0	0	0	0	0	11442	137.44	18.40	7.11	35.67	37.38	34.27	55.33	1.57	39.33	11.67
9/24/2018 11:09:10 AM	11.72	4.80	1.44	0.00	0.00	0.00	0.00	1.57	17.95	78.59	5.88	39.92	6209	4799	648	0	0	0	0	0	11656	137.00	18.95	7.14	35.64	38.83	34.59	57.79	1.58	39.35	11.70
9/24/2018 11:09:13 AM	12.61	4.80	1.46	0.00	0.00	0.00	0.00	1.67	18.88	78.53	5.94	39.59	6686	4804	657	0	0	0	0	0	12146	136.89	19.82	7.29	36.63	41.22	35.31	61.60	1.58	39.34	11.68
9/24/2018 11:09:15 AM	12.93	4.75	1.40	0.00	0.00	0.00	0.00	1.79	19.08	78.49	6.01	39.47	6853	4752	631	0	0	0	0	0	12236	136.82	20.11	7.42	36.50	42.71	35.52	63.28	1.59	39.42	11.72
9/24/2018 11:09:17 AM	13.51	4.72	1.54	0.00	0.00	0.00	0.00	1.84	19.77	78.20	6.06	39.25	7162	4721	691	0	0	0	0	0	12574	136.31	20.89	7.54	37.06	44.29	36.01	66.15	1.59	39.39	11.69
9/24/2018 11:09:20 AM	13.55	4.71	1.48	0.00	0.00	0.00	0.00	1.84	19.74	78.31	6.13	39.20	7180	4709	665	0	0	0	0	0	12555	136.51	20.76	7.47	36.89	44.22	36.03	66.00	1.60	39.44	11.72
9/24/2018 11:09:22 AM	14.09	4.76	1.44	0.00	0.00	0.00	0.00	1.87	20.30	78.20	6.16	38.96	7470	4765	648	0	0	0	0	0	12883	136.32	21.13	7.60	37.66	45.29	36.61	67.85	1.60	39.40	11.81
9/24/2018 11:09:24 AM	13.78	4.77	1.54	0.00	0.00	0.00	0.00	1.87	20.09	78.24	6.22	38.59	7304	4771	693	0	0	0	0	0	12768	136.39	21.19	7.57	37.50	45.03	36.52	67.29	1.61	39.40	11.78
9/24/2018 11:09:27 AM	14.37	4.72	1.44	0.00	0.00	0.00	0.00	1.94	20.53	77.94	6.25	38.35	7615	4723	649	0	0	0	0	0	12988	135.87	21.47	7.65	37.90	46.43	36.55	69.33	1.61	39.40	11.80
9/24/2018 11:09:29 AM	14.57	4.64	1.54	0.00	0.00	0.00	0.00	1.91	20.75	77.76	6.29	38.13	7721	4635	695	0	0	0	0	0	13051	135.55	21.65	7.48	37.50	46.42	36.73	70.09	1.62	39.41	11.83
9/24/2018 11:09:32 AM	14.69	4.61	1.57	0.00	0.00	0.00	0.00	1.95	20.87	77.94	6.35	37.94	7788	4607	705	0	0	0	0	0	13099	135.86	21.86	7.62	37.56	47.07	36.71	70.93	1.62	39.40	11.85
9/24/2018 11:09:34 AM	14.69	4.70	1.61	0.00	0.00	0.00	0.00	1.97	21.00	77.69	6.38	37.96	7784	4702	727	0	0	0	0	0	13212	135.43	22.10	7.72	37.99	47.42	37.22	71.31	1.62	39.43	11.80
9/24/2018 11:09:36 AM	14.91	4.57	1.56	0.00	0.00	0.00	0.00	1.99	21.03	77.69	6.43	38.12	7902	4565	700	0	0	0	0	0	13167	135.43	22.06	7.63	37.75	47.77	36.54	71.90	1.63	39.42	11.85
9/24/2018 11:09:39 AM	15.36	4.51	1.50	0.00	0.00	0.00	0.00	2.04	21.36	77.64	6.47	38.04	8141	4505	673	0	0	0	0	0	13320	135.34	22.24	7.67	37.62	48.74	36.84	73.45	1.63	39.43	11.78
9/24/2018 11:09:41 AM	15.56	4.54	1.51	0.00	0.00	0.00	0.00	2.02	21.61	77.52	6.52	37.62	8245	4540	681	0	0	0	0	0	13467	135.14	22.37	7.69	37.95	48.86	37.16	74.00	1.64	39.47	11.74
9/24/2018 11:09:43 AM	15.60	4.47	1.54	0.00	0.00	0.00	0.00	2.05	21.61	77.33	6.55	37.29	8268	4469	695	0	0	0	0	0	13432	134.81	22.48	7.71	37.61	49.22	37.05	74.48	1.64	39.43	11.79
9/24/2018 11:09:46 AM	15.77	4.52	1.48	0.00	0.00	0.00	0.00	2.05	21.77	77.48	6.56	37.27	8357	4518	668	0	0	0	0	0	13543	135.07	22.50	7.74	38.15	49.42	37.08	74.79	1.64	39.47	11.78
9/24/2018 11:09:48 AM	15.91	4.48	1.57	0.00	0.00	0.00	0.00	2.03	21.96	77.05	6.65	36.91	8431	4481	705	0	0	0	0	0	13618	134.31	22.71	7.81	38.19	49.57	37.10	75.47	1.65	39.44	11.79
9/24/2018 11:09:51 AM	16.12	4.37	1.47	0.00	0.00	0.00	0.00	2.07	21.96	77.10	6.69	36.51	8541	4372	662	0	0	0	0	0	13575	134.40	22.59	7.74	37.73	49.97	36.81	75.95	1.66	39.47	11.76
9/24/2018 11:09:53 AM	16.08	4.31	1.48	0.00	0.00	0.00	0.00	2.08	21.88	77.16	6.77	36.72	8523	4315	667	0	0	0	0	0	13505	134.51	22.57	7.69	37.31	50.00	36.71	75.96	1.66	39.45	11.80
9/24/2018 11:09:55 AM	16.20	4.45	1.48	0.00	0.00	0.00	0.00	2.06	22.12	77.15	6.84	36.73	8584	4450	665	0	0	0	0	0	13698	134.49	22.72	7.61	38.18	50.06	37.21	76.18	1.67	39.42	11.81
9/24/2018 11:09:58 AM	16.19	4.43	1.47	0.00	0.00	0.00	0.00	2.06	22.09	77.09	6.90	36.47	8578	4430	662	0	0	0	0	0	13670	134.38	22.66	7.76	38.07	50.00	37.08	76.10	1.68	39.47	11.80
9/24/2018 11:10:00 AM	16.29	4.29	1.39	0.00	0.00	0.00	0.00	2.07	21.97	77.12	6.96	36.37	8636	4286	624	0	0	0	0	0	13546	134.43	22.46	7.60	37.49	50.09	36.43	76.18	1.68	39.45	11.83
9/24/2018 11:10:02 AM	16.29	4.19	1.49	0.00	0.00	0.00	0.00	2.04	21.97	76.99	7.03	35.83	8632	4195	668	0	0	0	0	0	13495	134.21	22.52	7.56	37.03	49.86	36.26	76.31	1.69	39.45	11.79
9/24/2018 11:10:05 AM	16.31	4.28	1.39	0.00	0.00	0.00	0.00	2.04	21.97	76.97	7.09	35.49	8642	4276	627	0	0	0	0	0	13544	134.17	22.37	7.59	37.32	49.77	36.51	75.98	1.69	39.42	11.78
9/24/2018 11:10:07 AM	16.41	4.23	1.39	0.00	0.00	0.00	0.00	2.03	22.02	77.13	7.15	35.86	8696	4225	625	0	0	0	0	0	13546	134.45	22.36	7.50	37.29	49.73	36.25	76.16	1.70	39.45	11.81
9/24/2018 11:10:10 AM	16.27	4.19	1.45	0.00	0.00	0.00	0.00	2.05	21.90	77.15	7.20	36.12	8622	4185	652	0	0	0	0	0	13459	134.49	22.43	7.49	36.88	49.82	36.24	76.13	1.71	39.47	11.82
9/24/2018 11:10:12 AM	16.38	4.12	1.48	0.00	0.00	0.00	0.00	2.03	21.98	77.01	7.25	36.23	8683	4119	666	0	0	0	0	0	13468	134.25	22.48	7.38	36.64	49.84	36.16	76.50	1.71	39.40	11.91
9/24/2018 11:10:14 AM	16.21	4.18	1.49	0.00	0.00	0.00	0.00	2.04	21.89	77.27	7.27	36.17	8593	4185	673	0	0	0	0	0	13450	134.70	22.48	7.53	36.85	49.73	36.25	76.09	1.71	39.40	11.85
9/24/2018 11:10:17 AM	16.17	4.12	1.41	0.00	0.00	0.00	0.00	2.05	21.70	77.36	7.33	35.94	8572	4121	634	0	0	0	0	0	13327	134.86	22.24	7.45	36.55	49.60	35.76	75.66	1.72	39.39	11.85
9/24/2018 11:10:19 AM	16.08	4.09	1.48	0.00	0.00	0.00	0.00	2.03	21.66	77.24	7.39	35.97	8525	4092	666	0	0	0	0	0	13283	134.65	22.26	7.45	36.19	49.40	35.85	75.54	1.72	39.39	11.80
9/24/2018 11:10:21 AM	16.18	4.10	1.40	0.00	0.00	0.00	0.00	2.06	21.67	77.42	7.45	35.49	8573	4095	631	0	0	0	0	0	13300	134.95	22.23	7.38	36.50	49.65	35.59	75.68	1.73	39.35	11.94
9/24/2018 11:10:24 AM	16.18	4.03	1.42	0.00	0.00	0.00	0.00	2.04	21.64	77.36	7.43	35.00	8576	4032	641	0	0	0	0	0	13248	134.86	22.18	7.29	36.10	49.48	35.48	75.65	1.73	39.34	11.81
9/24/2018 11:10:26 AM	16.16	4.05	1.49	0.00	0.00	0.00	0.00	2.04	21.70	77.33	7.50	35.04	8565	4046	671	0	0	0	0	0	13281	134.80	22.32	7.37	36.12	49.53	35.68	75.84	1.73	39.34	11.92
9/24/2018 11:10:29 AM	16.24	4.06	1.44	0.00	0.00	0.00	0.00	2.08	21.74	77.16	7.52	34.91	8607	4060	649	0	0	0	0	0	13316	134.51	22.36	7.40	36.28	49.95	35.71	76.19	1.74	39.33	11.89
9/24/2018 11:10:31 AM	16.27	4.08	1.46	0.00	0.00	0.00	0.00	2.05	21.82	77.31	7.56	34.84	8625	4079	659	0	0	0	0	0	13363	134.78	22.38	7.47	36.34	49.82	35.89	76.22	1.74	39.31	11.87
9/24/2018 11:10:33 AM	16.53	4.14	1.54	0.00	0.00	0.00	0.00	2.08	22.20	77.24	7.62	34.79	8759	4139	691	0	0	0	0	0	13589	134.65	22.85	7.59	37.09	50.67	36.27	77.61	1.75	39.35	11.81
9/24/2018 11:10:36 AM	16.38	4.19	1.59	0.00	0.00	0.00	0.00	2.08	22.17	77.40	7.67	34.64	8683	4195	716	0	0	0	0	0	13594	134.92	22.94	7.57	37.21	50.57	36.52	77.40	1.75	39.28	11.87
9/24/2018 11:10:38 AM	16.62	4.14	1.58	0.00	0.00	0.00	0.00	2.10	22.34	77.04	7.73	34.40	8809	4138	712	0	0	0	0	0	13659	134.29	23.04	7.58	37.10	51.00	36.54	78.22	1.76	39.28	11.85
9/24/2018 11:10:40 AM	16.95	4.29	1.47	0.00	0.00	0.00	0.00	2.29	22.71	77.12	7.79	34.42	8983	4295	661	0	0	0	0	0	13939	134.43	23.61	7.76	38.18	53.39	37.35	80.38	1.76	39.22	11.89
9/24/2018 11:10:43 AM	17.25	4.66	1.87	0.00	0.00	0.00	0.00	2.52	23.77	76.62	7.85	34.46	9141	4658	841	0	0	0	0	0	14639	133.57	25.65	8.41	40.60	57.11	39.67	85.06	1.77	39.21	11.93
9/24/2018 11:10:45 AM	16.98	4.65	1.96	0.00	0.00	0.00	0.00	2.53	23.59	76.59	7.91	34.24	9000	4649	882	0	0	0	0	0	14531	133.51	25.72	8.37	40.35	56.98	39.61	84.68	1.77	39.21	11.81
9/24/2018 11:10:48 AM	16.98	4.58	1.92	0.00	0.00	0.00	0.00	2.52	23.49	76.52	7.96	33.99	9001	4585	865	0	0	0	0	0	14451	133.39	25.56	8.30	40.05	56.80	39.27	84.44	1.78	39.17	11.88
9/24/2018 11:10:50 AM	17.04	4.59	1.90	0.00	0.00	0.00	0.00	2.54	23.53	76.57	8.01	34.22	9030	4592	854	0	0	0	0	0	14476	133.47	25.59	8.31	40.09	57.03	39.36	84.67	1.78	39.15	11.81
9/24/2018 11:10:52 AM	17.20	4.63	1.81	0.00	0.00	0.00	0.00	2.58	23.64	76.58	8.06	34.14	9118	4626	815	0	0	0	0	0	14559	133.49	25.64	8.30	40.38	57.63	39.52	85.21	1.79	39.14	11.81
9/24/2018 11:10:55 AM	17.07	4.75	1.79	0.00	0.00	0.00	0.00	2.63	23.61	76.52	8.11	34.08	9049	4749	806	0	0	0	0	0	14603	133.38	25.74	8.37	40.94	57.95	39.81	85.08	1.79	39.15	11.84
9/24/2018 11:10:57 AM	17.03	4.76	1.73	0.00	0.00	0.00	0.00	2.73	23.52	76.63	8.15	34.00	9027	4763	777	0	0	0	0	0	14567	133.58	25.86	8.33	40.94	58.86	39.87	85.52	1.80	39.08	11.85
9/24/2018 11:10:59 AM	16.82	4.70	1.91	0.00	0.00	0.00	0.00	2.74	23.43	76.62	8.18	33.64	8916	4702	859	0	0	0	0	0	14477	133.56	26.13	8.38	40.57	58.94	39.73	85.71	1.80	39.02	11.84
