Date/Time	Green Algae	Bluegreen	Diatoms	Cryptophyta	#5	#6	#7	Yellow substances	Total conc.	Transmission	Depth	Temp. Sample	Green Algae	Bluegreen	Diatoms	Cryptophyta	#5	#6	#7	Yellow substances	Total cell count	Trans. 700 nm	LED 3 [525 nm]	LED 4 [570 nm]	LED 5 [610 nm]	LED 6 [370 nm]	LED 7 [590 nm]	LED 8 [470 nm]	Pressure	Temp. LEDs	Temp. Sensor
date	µg/l	µg/l	µg/l	µg/l	µg/l	µg/l	µg/l	r.u.	µg/l	%	m	°C	cells/ml	cells/ml	cells/ml	cells/ml	cells/ml	cells/ml	cells/ml	r.u.	cells/ml	digits	digits	digits	digits	digits	digits	digits	bar	°C	°C
4/23/2018 10:47:03 AM	0.76	0.85	0.00	0.00	0.00	0.00	0.00	0.21	1.61	77.72	0.09	43.57	402	854	0	0	0	0	0	0	1256	135.49	-2.09	3.77	4.35	4.57	8.72	4.24	1.01	35.57	11.13
4/23/2018 10:47:06 AM	0.00	1.26	0.00	0.00	0.00	0.00	0.00	0.16	1.26	75.36	0.09	43.49	0	1262	0	0	0	0	0	0	1262	131.37	0.50	2.35	4.79	3.73	10.32	0.10	1.01	35.66	11.13
4/23/2018 10:47:08 AM	0.00	0.84	0.00	0.00	0.00	0.00	0.00	0.02	0.84	75.96	0.09	43.40	0	840	0	0	0	0	0	0	840	132.42	-0.42	0.91	4.15	1.21	7.35	-0.11	1.01	35.74	11.11
4/23/2018 10:47:10 AM	0.00	1.12	0.00	0.00	0.00	0.00	0.00	0.00	1.12	77.32	0.09	43.37	0	1119	0	0	0	0	0	0	1119	134.78	-0.81	2.46	5.07	-2.55	9.30	0.84	1.01	35.83	11.15
4/23/2018 10:47:13 AM	0.00	1.07	0.00	0.00	0.00	0.00	0.00	0.00	1.07	75.22	0.09	43.33	0	1068	0	0	0	0	0	0	1068	131.12	-0.62	1.53	4.63	-1.58	9.42	-1.43	1.01	35.91	11.17
4/23/2018 10:47:15 AM	0.12	0.94	0.00	0.04	0.00	0.00	0.00	0.00	1.11	77.11	0.08	43.34	66	944	0	1	0	0	0	0	1011	134.42	-0.47	2.70	4.27	0.99	8.36	0.63	1.01	35.98	11.16
4/23/2018 10:47:18 AM	0.10	1.26	0.00	0.00	0.00	0.00	0.00	0.00	1.36	75.61	0.09	43.36	53	1263	0	0	0	0	0	0	1316	131.80	-0.28	0.84	7.51	-0.05	8.10	1.00	1.01	36.07	11.16
4/23/2018 10:47:20 AM	0.00	0.89	0.00	0.50	0.00	0.00	0.00	0.02	1.39	76.65	0.09	43.38	0	888	0	15	0	0	0	0	903	133.62	1.75	1.16	4.90	1.85	10.24	2.33	1.01	36.17	11.19
4/23/2018 10:47:22 AM	0.00	1.14	0.00	0.00	0.00	0.00	0.00	0.00	1.14	75.83	0.09	43.27	0	1141	0	0	0	0	0	0	1141	132.20	-0.74	2.64	7.21	1.00	6.68	0.03	1.01	36.23	11.21
4/23/2018 10:47:25 AM	0.00	0.97	0.00	0.00	0.00	0.00	0.00	0.00	0.97	78.19	0.09	43.19	0	975	0	0	0	0	0	0	975	136.30	2.96	1.88	6.24	-4.58	6.57	-0.45	1.01	36.29	11.20
4/23/2018 10:47:27 AM	0.00	0.90	0.00	0.17	0.00	0.00	0.00	0.24	1.07	79.39	0.09	42.87	0	903	0	5	0	0	0	0	908	138.39	2.03	-1.05	2.88	3.92	10.78	1.89	1.01	36.36	11.21
4/23/2018 10:47:29 AM	0.00	1.91	0.00	0.12	0.00	0.00	0.00	0.00	2.03	76.08	0.09	42.58	0	1913	0	4	0	0	0	0	1917	132.63	2.41	1.77	7.58	-1.99	14.50	0.70	1.01	36.43	11.20
4/23/2018 10:47:32 AM	0.00	1.50	0.00	0.00	0.00	0.00	0.00	0.00	1.50	76.53	0.09	42.53	0	1503	0	0	0	0	0	0	1503	133.41	2.50	-0.58	8.63	0.40	8.85	-2.23	1.01	36.49	11.21
4/23/2018 10:47:34 AM	0.00	1.48	0.00	0.00	0.00	0.00	0.00	0.00	1.48	77.12	0.09	42.36	0	1475	0	0	0	0	0	0	1475	134.44	-0.34	1.15	8.11	2.01	9.09	-2.53	1.01	36.57	11.22
4/23/2018 10:47:37 AM	0.00	0.80	0.00	0.00	0.00	0.00	0.00	0.05	0.80	75.94	0.09	42.12	0	804	0	0	0	0	0	0	804	132.37	2.01	0.06	2.95	1.81	8.05	-1.08	1.01	36.63	11.24
4/23/2018 10:47:39 AM	0.00	0.95	0.00	0.00	0.00	0.00	0.00	0.00	0.95	76.92	0.09	41.98	0	945	0	0	0	0	0	0	945	134.09	-0.37	1.09	4.87	-2.73	8.19	-0.59	1.01	36.69	11.22
4/23/2018 10:47:41 AM	0.00	1.03	0.00	0.45	0.00	0.00	0.00	0.00	1.49	77.24	0.10	41.84	0	1032	0	14	0	0	0	0	1046	134.65	5.33	2.44	8.15	-1.83	7.50	1.62	1.01	36.75	11.23
4/23/2018 10:47:44 AM	0.00	1.01	0.00	0.00	0.00	0.00	0.00	0.00	1.01	76.02	0.10	41.70	0	1011	0	0	0	0	0	0	1011	132.53	-2.47	-0.23	6.98	-1.31	7.27	-3.78	1.01	36.83	11.26
4/23/2018 10:47:46 AM	0.10	0.96	0.00	0.00	0.00	0.00	0.00	0.00	1.07	77.68	0.09	41.51	56	963	0	0	0	0	0	0	1018	135.42	-2.22	1.02	3.43	1.42	9.66	0.46	1.01	36.88	11.25
4/23/2018 10:47:48 AM	1.06	0.88	0.00	0.00	0.00	0.00	0.00	0.00	1.94	77.46	0.09	41.49	563	875	0	0	0	0	0	0	1438	135.03	0.75	0.48	6.44	1.64	7.22	3.60	1.01	36.94	11.26
4/23/2018 10:47:51 AM	0.00	0.74	0.00	0.00	0.00	0.00	0.00	0.00	0.74	78.03	0.09	41.46	0	741	0	0	0	0	0	0	741	136.01	-1.31	1.81	4.89	-3.11	6.55	-2.79	1.01	36.99	11.26
4/23/2018 10:47:53 AM	0.00	0.78	0.00	0.00	0.00	0.00	0.00	0.00	0.78	74.11	0.10	41.54	0	779	0	0	0	0	0	0	779	129.19	-2.09	1.62	3.69	-0.33	7.81	-2.40	1.01	37.04	11.27
4/23/2018 10:47:56 AM	0.24	0.98	0.00	0.00	0.00	0.00	0.00	0.00	1.22	76.82	0.10	41.63	127	982	0	0	0	0	0	0	1109	133.91	-3.43	0.11	3.72	0.55	10.33	1.49	1.01	37.09	11.28
4/23/2018 10:47:58 AM	0.00	1.36	0.00	0.00	0.00	0.00	0.00	0.00	1.36	77.14	0.09	41.65	0	1362	0	0	0	0	0	0	1362	134.46	-1.64	0.57	9.98	3.14	6.38	-4.24	1.01	37.16	11.30
4/23/2018 10:48:00 AM	0.00	1.52	0.00	0.00	0.00	0.00	0.00	0.00	1.52	76.33	0.09	41.74	0	1520	0	0	0	0	0	0	1520	133.06	0.06	4.23	6.63	2.59	10.23	-1.77	1.01	37.21	11.29
4/23/2018 10:48:03 AM	0.00	1.17	0.00	0.04	0.00	0.00	0.00	0.00	1.21	76.62	0.09	41.87	0	1170	0	1	0	0	0	0	1172	133.56	1.85	1.33	6.38	-0.21	8.05	0.13	1.01	37.27	11.30
4/23/2018 10:48:05 AM	0.00	0.70	0.00	0.00	0.00	0.00	0.00	0.00	0.70	77.58	0.10	41.91	0	697	0	0	0	0	0	0	697	135.23	-1.18	0.68	3.48	1.40	6.96	-2.42	1.01	37.33	11.31
4/23/2018 10:48:07 AM	0.00	0.51	0.00	0.63	0.00	0.00	0.00	0.00	1.14	76.21	0.10	41.99	0	511	0	19	0	0	0	0	530	132.85	1.10	2.70	3.47	-0.00	9.21	3.05	1.01	37.35	11.30
4/23/2018 10:48:10 AM	0.00	1.77	0.00	0.00	0.00	0.00	0.00	0.24	1.77	76.12	0.09	42.09	0	1770	0	0	0	0	0	0	1770	132.70	-0.15	2.12	9.30	5.04	10.58	1.27	1.01	37.41	11.33
4/23/2018 10:48:12 AM	0.00	1.31	0.00	0.00	0.00	0.00	0.00	0.16	1.31	76.23	0.09	42.19	0	1307	0	0	0	0	0	0	1307	132.89	-2.16	3.80	6.27	4.64	9.30	-0.22	1.01	37.48	11.32
4/23/2018 10:48:15 AM	0.00	1.27	0.00	0.00	0.00	0.00	0.00	0.00	1.27	78.28	0.09	42.24	0	1269	0	0	0	0	0	0	1269	136.45	-3.31	-1.50	6.67	-8.02	11.15	1.66	1.01	37.52	11.34
4/23/2018 10:48:17 AM	0.28	1.44	0.00	0.00	0.00	0.00	0.00	0.00	1.72	77.22	0.09	42.25	150	1439	0	0	0	0	0	0	1589	134.61	-3.93	1.27	6.86	1.50	11.14	1.69	1.01	37.57	11.32
4/23/2018 10:48:19 AM	0.00	1.25	0.00	0.00	0.00	0.00	0.00	0.00	1.25	76.04	0.09	42.26	0	1251	0	0	0	0	0	0	1251	132.55	-0.30	5.28	2.82	0.93	11.84	-1.77	1.01	37.63	11.35
4/23/2018 10:48:22 AM	0.00	1.21	0.00	0.00	0.00	0.00	0.00	0.00	1.21	76.38	0.09	42.30	0	1212	0	0	0	0	0	0	1212	133.15	-1.58	0.57	7.31	0.28	8.02	-1.41	1.01	37.67	11.36
4/23/2018 10:48:24 AM	0.00	0.64	0.00	0.00	0.00	0.00	0.00	0.02	0.64	77.38	0.09	42.31	0	636	0	0	0	0	0	0	636	134.88	-0.03	-1.16	3.66	1.52	6.26	-0.95	1.01	37.73	11.34
4/23/2018 10:48:26 AM	0.00	1.19	0.00	0.00	0.00	0.00	0.00	0.00	1.19	76.34	0.10	42.24	0	1189	0	0	0	0	0	0	1189	133.08	1.20	4.64	4.03	0.22	10.14	-4.00	1.01	37.75	11.35
4/23/2018 10:48:29 AM	0.00	1.81	0.00	0.00	0.00	0.00	0.00	0.00	1.81	75.00	0.10	42.09	0	1811	0	0	0	0	0	0	1811	130.74	1.47	1.40	8.16	0.85	11.95	-1.81	1.01	37.80	11.38
4/23/2018 10:48:31 AM	0.21	0.35	0.00	0.00	0.00	0.00	0.00	0.00	0.57	77.56	0.09	42.12	113	355	0	0	0	0	0	0	468	135.21	-2.08	2.17	1.90	-1.00	5.92	1.36	1.01	37.86	11.36
4/23/2018 10:48:34 AM	0.00	1.40	0.00	0.00	0.00	0.00	0.00	0.03	1.40	76.21	0.10	42.27	0	1399	0	0	0	0	0	0	1399	132.85	0.23	-2.33	7.21	1.57	9.82	0.31	1.01	37.90	11.38
4/23/2018 10:48:36 AM	0.00	2.01	0.00	0.00	0.00	0.00	0.00	0.00	2.01	75.90	0.10	42.38	0	2010	0	0	0	0	0	0	2010	132.32	1.35	-0.34	8.61	-1.37	13.97	-0.42	1.01	37.93	11.38
4/23/2018 10:48:38 AM	0.00	0.99	0.00	0.00	0.00	0.00	0.00	0.07	0.99	76.05	0.10	42.43	0	994	0	0	0	0	0	0	994	132.57	3.13	4.59	7.15	3.01	4.37	-2.23	1.01	37.97	11.39
4/23/2018 10:48:41 AM	0.00	1.00	0.00	0.00	0.00	0.00	0.00	0.00	1.00	76.06	0.09	42.38	0	999	0	0	0	0	0	0	999	132.58	1.55	0.68	4.07	-0.58	9.12	-4.02	1.01	38.03	11.38
4/23/2018 10:48:43 AM	0.00	1.07	0.00	0.00	0.00	0.00	0.00	0.10	1.07	76.88	0.09	42.32	0	1068	0	0	0	0	0	0	1068	134.02	-1.07	2.26	5.50	2.85	7.99	0.13	1.01	38.07	11.39
4/23/2018 10:48:45 AM	0.16	0.74	0.00	0.00	0.00	0.00	0.00	0.04	0.90	76.40	0.10	42.33	83	743	0	0	0	0	0	0	825	133.18	0.51	-2.68	5.43	1.32	5.98	0.71	1.01	38.11	11.41
4/23/2018 10:48:48 AM	0.00	1.26	0.00	0.00	0.00	0.00	0.00	0.26	1.26	78.21	0.09	42.34	0	1258	0	0	0	0	0	0	1258	136.34	0.42	1.73	6.61	4.43	8.72	1.53	1.01	38.13	11.39
4/23/2018 10:48:50 AM	0.00	1.20	0.00	0.00	0.00	0.00	0.00	0.00	1.20	76.83	0.11	42.24	0	1198	0	0	0	0	0	0	1198	133.93	-0.61	0.70	6.38	1.04	8.48	-0.96	1.01	38.18	11.41
4/23/2018 10:51:44 AM	0.00	1.21	0.00	0.00	0.00	0.00	0.00	0.16	1.21	75.82	0.11	42.33	0	1210	0	0	0	0	0	0	1210	132.17	2.34	4.04	5.23	4.00	8.73	-1.03	1.01	36.03	11.23
4/23/2018 10:51:47 AM	0.00	1.33	0.00	0.00	0.00	0.00	0.00	0.00	1.33	78.13	0.11	42.38	0	1335	0	0	0	0	0	0	1335	136.20	2.96	0.34	10.02	-4.43	6.21	0.45	1.01	36.11	11.26
4/23/2018 10:51:49 AM	0.00	1.46	0.41	0.29	0.00	0.00	0.00	0.00	2.16	77.99	0.11	42.46	0	1460	186	9	0	0	0	0	1654	135.94	4.72	-2.08	7.64	0.93	12.44	3.09	1.01	36.18	11.26
4/23/2018 10:51:52 AM	0.00	0.37	0.00	0.66	0.00	0.00	0.00	0.00	1.02	76.86	0.11	42.49	0	365	0	20	0	0	0	0	385	133.98	0.51	4.75	1.98	0.93	9.23	2.41	1.01	36.25	11.27
4/23/2018 10:51:54 AM	0.00	0.34	0.00	0.72	0.00	0.00	0.00	0.00	1.06	79.26	0.11	42.53	0	336	0	22	0	0	0	0	358	138.17	0.56	5.45	3.64	0.47	7.60	3.45	1.01	36.32	11.28
4/23/2018 10:51:56 AM	0.14	1.25	0.00	0.00	0.00	0.00	0.00	0.01	1.39	78.35	0.11	42.55	76	1246	0	0	0	0	0	0	1322	136.58	-0.59	1.46	12.27	1.72	2.80	0.58	1.01	36.39	11.27
4/23/2018 10:51:59 AM	0.00	1.91	0.00	0.00	0.00	0.00	0.00	0.00	1.91	77.98	0.12	42.57	0	1907	0	0	0	0	0	0	1907	135.93	0.46	3.50	7.71	2.64	12.78	-1.48	1.01	36.47	11.28
4/23/2018 10:52:01 AM	0.00	2.14	0.00	0.00	0.00	0.00	0.00	0.00	2.14	74.04	0.11	42.57	0	2143	0	0	0	0	0	0	2143	129.06	-1.93	3.50	12.11	-1.19	11.41	0.28	1.01	36.53	11.30
4/23/2018 10:52:03 AM	0.00	1.28	0.00	0.00	0.00	0.00	0.00	0.00	1.28	76.59	0.11	42.58	0	1284	0	0	0	0	0	0	1284	133.51	-0.80	0.38	7.05	-2.78	9.23	0.60	1.01	36.60	11.30
4/23/2018 10:52:06 AM	0.00	1.39	0.00	0.00	0.00	0.00	0.00	0.17	1.39	75.76	0.11	42.58	0	1391	0	0	0	0	0	0	1391	132.06	0.07	1.71	9.60	3.93	6.72	0.58	1.01	36.64	11.32
4/23/2018 10:52:08 AM	0.00	0.00	0.00	0.50	0.00	0.00	0.00	0.00	0.50	78.15	0.11	42.60	0	0	0	15	0	0	0	0	15	136.24	4.33	-1.37	0.99	-2.06	6.97	0.68	1.01	36.71	11.30
4/23/2018 10:52:11 AM	0.00	0.38	0.00	0.00	0.00	0.00	0.00	0.00	0.38	75.03	0.10	42.57	0	376	0	0	0	0	0	0	376	130.79	-3.00	3.16	0.65	-0.46	6.99	-0.89	1.01	36.77	11.30
4/23/2018 10:52:13 AM	0.00	1.10	0.00	0.00	0.00	0.00	0.00	0.00	1.10	76.88	0.11	42.52	0	1104	0	0	0	0	0	0	1104	134.03	-0.34	2.63	5.18	1.95	8.46	-3.34	1.01	36.82	11.32
4/23/2018 10:52:15 AM	0.92	0.67	0.00	0.00	0.00	0.00	0.00	0.00	1.59	77.60	0.11	42.49	486	674	0	0	0	0	0	0	1160	135.28	-0.76	3.76	5.22	1.01	6.07	3.33	1.01	36.88	11.33
4/23/2018 10:52:18 AM	0.00	1.35	0.00	0.48	0.00	0.00	0.00	0.00	1.83	78.87	0.12	42.42	0	1350	0	14	0	0	0	0	1365	137.49	2.17	2.74	6.63	0.79	12.35	2.08	1.01	36.94	11.34
4/23/2018 10:52:20 AM	1.18	0.69	0.00	0.00	0.00	0.00	0.00	0.00	1.87	78.92	0.11	42.35	624	690	0	0	0	0	0	0	1314	137.58	-2.11	-2.28	7.81	-0.45	5.64	5.17	1.01	36.98	11.34
4/23/2018 10:52:22 AM	0.00	1.16	0.00	0.23	0.00	0.00	0.00	0.02	1.39	76.26	0.12	42.36	0	1161	0	7	0	0	0	0	1168	132.95	1.46	0.82	2.31	2.75	13.51	-0.58	1.01	37.03	11.36
4/23/2018 10:52:25 AM	0.00	0.63	0.00	0.00	0.00	0.00	0.00	0.00	0.63	79.39	0.11	42.33	0	634	0	0	0	0	0	0	634	138.40	-1.00	-4.13	4.25	-3.00	7.14	-1.56	1.01	37.09	11.35
4/23/2018 10:52:27 AM	0.00	0.88	0.00	0.00	0.00	0.00	0.00	0.00	0.88	78.68	0.11	42.29	0	876	0	0	0	0	0	0	876	137.16	-0.90	-1.74	3.08	5.35	9.10	-6.86	1.01	37.14	11.36
4/23/2018 10:52:30 AM	0.00	1.62	0.00	0.00	0.00	0.00	0.00	0.00	1.62	77.50	0.11	42.21	0	1622	0	0	0	0	0	0	1622	135.09	0.16	-1.92	8.45	0.73	10.70	-1.09	1.01	37.19	11.34
4/23/2018 10:52:32 AM	0.07	1.32	0.00	0.00	0.00	0.00	0.00	0.00	1.39	76.25	0.12	42.08	39	1318	0	0	0	0	0	0	1357	132.92	1.24	-1.23	7.39	-1.35	8.98	1.25	1.01	37.22	11.36
4/23/2018 10:52:34 AM	0.00	1.45	0.00	0.00	0.00	0.00	0.00	0.00	1.45	76.21	0.12	41.98	0	1451	0	0	0	0	0	0	1451	132.84	3.31	5.63	7.40	-1.69	8.72	-2.45	1.01	37.28	11.38
4/23/2018 10:52:37 AM	0.00	1.18	0.00	0.00	0.00	0.00	0.00	0.00	1.18	77.62	0.11	41.90	0	1180	0	0	0	0	0	0	1180	135.32	-2.55	2.93	6.87	3.43	7.44	-2.10	1.01	37.33	11.38
4/23/2018 10:52:39 AM	0.00	1.09	0.00	0.00	0.00	0.00	0.00	0.00	1.09	75.79	0.12	41.81	0	1092	0	0	0	0	0	0	1092	132.12	0.54	1.00	4.97	0.42	8.79	-1.15	1.01	37.35	11.38
4/23/2018 10:52:41 AM	0.00	1.07	0.00	0.00	0.00	0.00	0.00	0.14	1.07	75.34	0.11	41.74	0	1073	0	0	0	0	0	0	1073	131.34	2.26	-1.55	7.12	3.63	6.52	-1.00	1.01	37.40	11.40
4/23/2018 10:52:44 AM	0.00	1.01	0.00	0.00	0.00	0.00	0.00	0.00	1.01	77.55	0.12	41.65	0	1010	0	0	0	0	0	0	1010	135.18	-0.41	-0.06	4.14	0.28	9.70	-6.34	1.01	37.44	11.39
4/23/2018 10:52:46 AM	0.00	1.76	0.00	0.00	0.00	0.00	0.00	0.00	1.76	77.56	0.10	41.65	0	1761	0	0	0	0	0	0	1761	135.21	-2.90	2.92	12.76	0.35	7.51	-3.93	1.01	37.48	11.38
4/23/2018 10:52:49 AM	0.00	0.99	0.15	0.05	0.00	0.00	0.00	0.09	1.20	77.34	0.10	41.69	0	993	70	2	0	0	0	0	1064	134.83	2.96	1.86	6.33	2.15	6.67	0.94	1.01	37.55	11.38
4/23/2018 10:52:51 AM	0.89	0.73	0.00	0.00	0.00	0.00	0.00	0.00	1.63	76.34	0.12	41.74	474	734	0	0	0	0	0	0	1208	133.08	-1.55	-2.63	4.74	0.28	8.51	3.72	1.01	37.57	11.38
4/23/2018 10:52:53 AM	0.00	1.06	0.00	0.00	0.00	0.00	0.00	0.00	1.06	78.55	0.11	41.85	0	1061	0	0	0	0	0	0	1061	136.93	-0.44	1.43	5.64	-0.71	7.99	0.53	1.01	37.65	11.39
4/23/2018 10:52:56 AM	0.00	1.10	0.00	0.00	0.00	0.00	0.00	0.00	1.10	76.68	0.11	41.90	0	1098	0	0	0	0	0	0	1098	133.68	-1.70	4.00	4.60	-3.06	9.56	0.93	1.01	37.64	11.39
4/23/2018 10:52:58 AM	0.00	1.08	0.00	0.17	0.00	0.00	0.00	0.00	1.26	77.48	0.12	41.93	0	1084	0	5	0	0	0	0	1089	135.06	-0.45	1.51	4.89	-3.68	10.69	2.61	1.01	37.71	11.41
4/23/2018 10:53:00 AM	0.00	1.14	0.05	0.00	0.00	0.00	0.00	0.00	1.19	77.88	0.12	41.98	0	1135	23	0	0	0	0	0	1159	135.76	2.93	1.18	6.85	-0.74	7.04	0.01	1.01	37.79	11.41
4/23/2018 10:53:03 AM	0.00	0.81	0.00	0.00	0.00	0.00	0.00	0.00	0.81	77.02	0.12	41.86	0	812	0	0	0	0	0	0	812	134.26	-1.39	3.71	5.45	0.60	5.57	-1.80	1.01	37.73	11.51
4/23/2018 10:53:05 AM	0.00	1.08	0.00	0.00	0.00	0.00	0.00	0.00	1.08	77.31	0.12	41.74	0	1077	0	0	0	0	0	0	1077	134.76	2.12	-1.27	4.31	-0.82	9.75	-2.08	1.01	37.79	11.43
4/23/2018 10:53:08 AM	0.00	2.31	0.00	0.00	0.00	0.00	0.00	0.00	2.31	76.15	0.12	41.62	0	2315	0	0	0	0	0	0	2315	132.74	2.55	1.55	9.54	-2.69	15.54	-0.99	1.01	37.80	11.43
4/23/2018 10:53:10 AM	0.00	1.27	0.00	0.00	0.00	0.00	0.00	0.00	1.27	76.86	0.12	41.46	0	1273	0	0	0	0	0	0	1273	133.98	-1.60	-0.23	6.82	-3.87	10.00	-1.64	1.01	37.85	11.51
4/23/2018 10:53:12 AM	0.00	1.33	0.00	0.00	0.00	0.00	0.00	0.00	1.33	75.44	0.12	41.25	0	1333	0	0	0	0	0	0	1333	131.51	-1.43	2.49	5.91	0.20	10.28	-1.96	1.01	37.86	11.43
4/23/2018 10:53:15 AM	0.00	1.09	0.00	0.00	0.00	0.00	0.00	0.00	1.09	75.95	0.12	41.00	0	1092	0	0	0	0	0	0	1092	132.40	5.35	-0.23	6.10	-3.22	7.83	-4.52	1.01	37.92	11.41
4/23/2018 10:53:17 AM	0.00	0.80	0.00	0.00	0.00	0.00	0.00	0.00	0.80	78.59	0.12	40.90	0	799	0	0	0	0	0	0	799	137.00	-2.80	-0.48	4.55	-1.21	7.67	-0.74	1.01	37.92	11.45
4/23/2018 10:53:19 AM	0.00	1.24	0.00	0.00	0.00	0.00	0.00	0.00	1.24	77.49	0.12	40.95	0	1237	0	0	0	0	0	0	1237	135.08	2.03	0.33	6.16	2.10	8.68	-3.99	1.01	37.99	11.43
4/23/2018 10:53:22 AM	0.00	0.98	0.29	0.00	0.00	0.00	0.00	0.00	1.27	76.73	0.12	40.93	0	985	130	0	0	0	0	0	1115	133.75	2.52	-1.90	7.26	-0.46	6.47	1.60	1.01	38.05	11.44
4/23/2018 10:53:24 AM	0.00	1.47	0.00	0.21	0.00	0.00	0.00	0.00	1.68	77.05	0.12	40.64	0	1472	0	6	0	0	0	0	1479	134.32	2.19	1.25	8.43	-1.62	10.16	1.99	1.01	38.01	11.44
4/23/2018 10:53:27 AM	0.52	0.73	0.00	0.00	0.00	0.00	0.00	0.00	1.25	77.35	0.12	40.36	275	727	0	0	0	0	0	0	1002	134.84	0.18	0.07	4.30	0.79	7.24	1.80	1.01	38.05	11.51
4/23/2018 10:53:29 AM	0.32	1.63	0.00	0.00	0.00	0.00	0.00	0.00	1.95	76.62	0.12	40.24	167	1634	0	0	0	0	0	0	1801	133.57	-0.37	1.76	8.61	1.30	10.50	1.56	1.01	38.11	11.48
4/23/2018 10:53:31 AM	0.00	1.25	0.00	0.00	0.00	0.00	0.00	0.00	1.25	75.85	0.16	37.63	0	1246	0	0	0	0	0	0	1246	132.22	-0.43	4.33	6.94	2.20	7.46	-1.14	1.02	38.12	11.48
4/23/2018 10:53:34 AM	3.54	0.45	0.18	0.00	0.00	0.00	0.00	0.45	4.17	73.89	0.71	32.74	1875	450	80	0	0	0	0	0	2405	128.80	4.52	1.73	7.72	10.25	6.82	15.50	1.07	38.16	11.48
4/23/2018 10:53:36 AM	2.62	0.00	0.65	0.00	0.00	0.00	0.00	0.77	3.27	84.83	0.65	32.07	1386	0	294	0	0	0	0	0	1680	147.86	5.41	1.95	4.33	12.61	5.86	17.12	1.06	38.18	11.46
4/23/2018 10:53:38 AM	3.18	0.00	0.74	0.00	0.00	0.00	0.00	0.67	3.92	84.86	0.68	32.34	1686	3	333	0	0	0	0	0	2022	147.92	5.75	2.29	5.60	12.61	5.77	18.44	1.07	38.20	11.47
4/23/2018 10:53:41 AM	3.62	0.00	0.84	0.00	0.00	0.00	0.00	0.52	4.46	85.25	0.70	32.12	1921	0	378	0	0	0	0	0	2298	148.61	5.70	2.81	5.06	11.73	6.15	19.48	1.07	38.20	11.48
4/23/2018 10:53:43 AM	2.71	0.00	0.77	0.31	0.00	0.00	0.00	0.57	3.79	84.66	0.79	32.24	1438	0	348	9	0	0	0	0	1794	147.57	6.20	2.88	5.45	11.54	6.84	17.73	1.08	38.25	11.47
4/23/2018 10:53:46 AM	4.01	0.10	0.03	0.21	0.00	0.00	0.00	0.56	4.35	85.15	0.77	32.51	2128	100	14	6	0	0	0	0	2248	148.43	4.98	2.46	6.17	11.92	7.18	18.10	1.08	38.19	11.53
4/23/2018 10:53:48 AM	1.97	0.00	1.85	0.00	0.00	0.00	0.00	0.51	3.81	85.14	0.77	32.78	1044	0	831	0	0	0	0	0	1874	148.41	7.19	1.66	4.27	10.96	6.64	18.43	1.08	38.25	11.47
4/23/2018 10:53:50 AM	4.53	0.00	0.00	0.00	0.00	0.00	0.00	0.56	4.53	84.82	0.78	32.79	2403	0	0	0	0	0	0	0	2403	147.85	4.50	2.26	3.88	11.74	6.57	19.22	1.08	38.21	11.52
4/23/2018 10:53:53 AM	2.13	0.00	1.43	0.00	0.00	0.00	0.00	0.64	3.56	85.21	0.80	32.96	1130	0	644	0	0	0	0	0	1773	148.54	6.69	2.26	5.41	11.88	4.89	18.16	1.08	38.22	11.49
4/23/2018 10:53:55 AM	2.91	0.00	0.81	0.11	0.00	0.00	0.00	0.57	3.83	85.28	0.78	33.44	1543	0	366	3	0	0	0	0	1912	148.66	5.83	1.72	4.77	11.51	6.84	17.68	1.08	38.24	11.52
4/23/2018 10:53:57 AM	2.19	0.00	1.04	0.22	0.00	0.00	0.00	0.70	3.45	84.38	0.79	33.86	1159	0	469	7	0	0	0	0	1635	147.08	6.63	2.32	4.80	12.41	6.84	17.94	1.08	38.24	11.51
4/23/2018 10:54:00 AM	3.98	0.03	0.00	0.08	0.00	0.00	0.00	0.69	4.09	91.59	1.44	32.87	2108	29	0	2	0	0	0	0	2140	159.65	4.65	1.68	5.17	12.87	6.91	18.30	1.14	38.24	11.52
4/23/2018 10:54:02 AM	3.67	0.00	0.51	0.00	0.00	0.00	0.00	0.60	4.19	94.61	1.74	31.64	1947	0	231	0	0	0	0	0	2178	164.90	5.33	1.03	4.77	12.11	6.58	18.70	1.17	38.24	11.51
4/23/2018 10:54:05 AM	2.71	0.09	1.11	0.00	0.00	0.00	0.00	0.57	3.91	94.59	1.67	31.62	1439	94	498	0	0	0	0	0	2030	164.88	6.21	2.07	5.95	11.62	6.15	17.80	1.16	38.24	11.51
4/23/2018 10:54:07 AM	3.14	0.00	0.96	0.06	0.00	0.00	0.00	0.49	4.17	94.47	1.67	31.71	1666	0	432	2	0	0	0	0	2101	164.66	5.89	2.20	4.71	11.13	6.94	18.31	1.16	38.24	11.47
4/23/2018 10:54:09 AM	4.29	0.00	0.50	0.11	0.00	0.00	0.00	0.36	4.90	94.69	1.67	31.84	2272	0	227	3	0	0	0	0	2502	165.05	5.40	1.57	5.68	10.75	7.53	18.97	1.16	38.24	11.53
4/23/2018 10:54:12 AM	3.22	0.20	1.03	0.00	0.00	0.00	0.00	0.48	4.44	94.50	1.68	32.27	1704	201	462	0	0	0	0	0	2367	164.71	6.20	1.56	6.49	11.34	7.24	18.36	1.16	38.24	11.47
4/23/2018 10:54:14 AM	3.31	0.00	1.08	0.01	0.00	0.00	0.00	0.52	4.40	94.39	1.68	32.87	1755	0	488	0	0	0	0	0	2243	164.53	6.15	2.41	4.80	11.71	6.98	19.37	1.16	38.30	11.49
4/23/2018 10:54:16 AM	3.73	0.00	0.65	0.00	0.00	0.00	0.00	0.53	4.38	94.87	1.68	33.34	1976	0	294	0	0	0	0	0	2270	165.36	5.38	1.83	4.70	11.55	6.42	19.03	1.16	38.23	11.48
4/23/2018 10:54:19 AM	3.10	0.00	0.67	0.00	0.00	0.00	0.00	0.61	3.77	94.60	1.68	33.55	1643	0	301	0	0	0	0	0	1944	164.88	5.35	1.34	4.38	11.66	6.42	17.56	1.16	38.28	11.50
4/23/2018 10:54:21 AM	3.52	0.00	1.03	0.00	0.00	0.00	0.00	0.45	4.55	94.57	1.68	33.73	1865	0	463	0	0	0	0	0	2329	164.84	5.95	3.06	5.48	11.29	6.46	19.19	1.17	38.23	11.49
4/23/2018 10:54:24 AM	3.17	0.10	1.07	0.07	0.00	0.00	0.00	0.53	4.41	94.96	1.69	33.82	1680	96	483	2	0	0	0	0	2261	165.52	6.52	1.34	5.66	11.91	7.72	19.10	1.17	38.19	11.56
4/23/2018 10:54:26 AM	4.24	0.00	0.78	0.22	0.00	0.00	0.00	0.34	5.23	94.86	1.69	33.76	2245	0	349	7	0	0	0	0	2601	165.33	6.31	1.75	6.07	11.16	8.27	20.36	1.17	38.21	11.50
4/23/2018 10:54:28 AM	3.20	0.17	1.04	0.00	0.00	0.00	0.00	0.55	4.41	94.39	1.69	33.79	1697	172	468	0	0	0	0	0	2337	164.52	6.37	1.90	6.49	12.08	7.00	18.95	1.17	38.19	11.51
4/23/2018 10:54:31 AM	2.81	0.28	1.07	0.00	0.00	0.00	0.00	0.63	4.16	95.01	1.69	33.90	1487	278	484	0	0	0	0	0	2248	165.59	6.55	1.71	6.95	12.41	6.98	18.46	1.17	38.19	11.49
4/23/2018 10:54:33 AM	2.34	0.02	1.24	0.00	0.00	0.00	0.00	0.73	3.60	95.22	1.70	33.90	1239	18	558	0	0	0	0	0	1816	165.97	6.70	1.56	5.51	12.87	5.83	18.41	1.17	38.18	11.53
4/23/2018 10:54:35 AM	3.24	0.00	1.45	0.00	0.00	0.00	0.00	0.45	4.69	94.80	1.70	33.87	1716	0	652	0	0	0	0	0	2368	165.23	6.95	1.48	5.79	11.56	6.64	20.17	1.17	38.18	11.51
4/23/2018 10:54:38 AM	3.25	0.07	1.14	0.00	0.00	0.00	0.00	0.56	4.46	94.77	1.70	33.83	1724	70	511	0	0	0	0	0	2305	165.18	6.60	1.25	5.95	12.29	7.06	19.55	1.17	38.12	11.54
4/23/2018 10:54:40 AM	3.32	0.00	0.95	0.00	0.00	0.00	0.00	0.55	4.27	94.83	1.71	33.86	1762	0	426	0	0	0	0	0	2188	165.29	5.90	1.40	4.27	11.64	6.56	19.35	1.17	38.11	11.54
4/23/2018 10:54:43 AM	2.91	0.00	1.33	0.00	0.00	0.00	0.00	0.56	4.24	94.72	1.71	33.89	1544	0	597	0	0	0	0	0	2141	165.09	6.76	2.23	6.13	12.13	5.81	19.35	1.17	38.10	11.52
4/23/2018 10:54:45 AM	3.74	0.17	0.52	0.00	0.00	0.00	0.00	0.61	4.43	95.19	1.71	33.92	1982	173	232	0	0	0	0	0	2387	165.91	5.55	1.89	6.11	12.57	7.28	18.87	1.17	38.10	11.55
4/23/2018 10:54:47 AM	3.79	0.00	0.59	0.07	0.00	0.00	0.00	0.60	4.45	95.01	1.71	33.92	2006	0	268	2	0	0	0	0	2276	165.60	5.72	2.08	5.12	12.56	7.10	19.60	1.17	38.05	11.53
4/23/2018 10:54:50 AM	3.13	0.16	1.13	0.00	0.00	0.00	0.00	0.57	4.42	94.49	1.72	33.87	1658	162	508	0	0	0	0	0	2327	164.69	6.60	1.35	6.11	12.30	7.49	19.26	1.17	38.06	11.52
4/23/2018 10:54:52 AM	3.45	0.00	1.06	0.08	0.00	0.00	0.00	0.50	4.59	95.04	1.72	33.80	1827	0	478	2	0	0	0	0	2307	165.66	6.48	1.43	5.17	11.84	7.68	19.76	1.17	38.03	11.51
4/23/2018 10:54:54 AM	3.85	0.00	0.75	0.12	0.00	0.00	0.00	0.54	4.72	94.71	1.72	33.74	2038	0	339	4	0	0	0	0	2380	165.08	6.21	1.53	5.45	12.39	7.74	20.16	1.17	37.99	11.53
4/23/2018 10:54:57 AM	2.94	0.00	1.36	0.00	0.00	0.00	0.00	0.56	4.29	94.79	1.72	33.71	1556	0	610	0	0	0	0	0	2166	165.22	6.72	1.53	4.71	11.95	6.33	20.00	1.17	37.97	11.53
4/23/2018 10:54:59 AM	3.24	0.00	1.02	0.00	0.00	0.00	0.00	0.56	4.26	94.69	1.62	33.15	1715	0	460	0	0	0	0	0	2175	165.04	5.90	2.12	3.53	11.67	7.03	19.53	1.16	37.95	11.51
4/23/2018 10:55:02 AM	3.07	0.18	0.93	0.11	0.00	0.00	0.00	0.50	4.28	94.50	1.07	32.11	1626	177	418	3	0	0	0	0	2224	164.72	6.20	1.75	6.02	11.34	7.74	18.09	1.10	37.93	11.50
4/23/2018 10:55:04 AM	3.75	0.00	0.66	0.20	0.00	0.00	0.00	0.40	4.60	94.43	0.92	31.67	1985	0	296	6	0	0	0	0	2287	164.58	5.75	1.60	4.98	10.75	7.96	18.73	1.09	37.89	11.53
4/23/2018 10:55:06 AM	3.23	0.00	0.92	0.15	0.00	0.00	0.00	0.44	4.30	95.08	0.97	31.64	1710	0	412	5	0	0	0	0	2127	165.73	6.03	2.44	5.57	10.83	6.88	18.21	1.09	37.86	11.50
4/23/2018 10:55:09 AM	3.58	0.00	0.83	0.00	0.00	0.00	0.00	0.51	4.41	94.18	1.01	31.69	1897	0	375	0	0	0	0	0	2272	164.16	5.68	2.10	4.64	11.58	6.96	19.08	1.10	37.85	11.53
4/23/2018 10:55:11 AM	2.32	0.10	1.58	0.00	0.00	0.00	0.00	0.48	4.00	95.11	1.06	31.76	1229	105	710	0	0	0	0	0	2044	165.78	6.91	1.38	5.67	10.94	6.90	17.88	1.10	37.79	11.55
4/23/2018 10:55:13 AM	4.04	0.08	0.00	0.20	0.00	0.00	0.00	0.61	4.31	94.84	1.11	31.81	2140	78	0	6	0	0	0	0	2224	165.31	4.77	1.81	5.51	12.35	7.78	18.36	1.11	37.81	11.49
4/23/2018 10:55:16 AM	4.20	0.00	0.15	0.00	0.00	0.00	0.00	0.61	4.35	94.96	1.15	31.83	2225	0	68	0	0	0	0	0	2293	165.51	4.90	1.38	6.30	12.38	5.47	18.64	1.11	37.74	11.53
4/23/2018 10:55:18 AM	3.25	0.00	0.72	0.07	0.00	0.00	0.00	0.59	4.03	94.89	1.18	31.81	1721	0	323	2	0	0	0	0	2046	165.39	5.69	1.93	4.85	11.88	6.80	18.29	1.12	37.74	11.49
4/23/2018 10:55:21 AM	3.09	0.00	1.04	0.19	0.00	0.00	0.00	0.44	4.32	94.94	1.20	31.81	1635	0	470	6	0	0	0	0	2111	165.47	6.35	2.33	5.40	10.89	7.24	18.51	1.12	37.70	11.49
4/23/2018 10:55:23 AM	3.31	0.00	1.59	0.00	0.00	0.00	0.00	0.27	4.90	94.46	1.22	32.07	1756	0	715	0	0	0	0	0	2471	164.64	6.68	2.01	4.66	9.97	7.56	19.76	1.12	37.67	11.49
4/23/2018 10:55:25 AM	3.27	0.15	1.28	0.00	0.00	0.00	0.00	0.49	4.70	94.90	1.24	32.38	1734	146	576	0	0	0	0	0	2456	165.41	6.81	1.97	6.61	11.97	7.22	19.76	1.12	37.63	11.49
4/23/2018 10:55:28 AM	3.03	0.08	0.69	0.00	0.00	0.00	0.00	0.72	3.80	94.39	1.28	32.59	1605	81	312	0	0	0	0	0	1997	164.53	5.83	1.21	5.48	12.86	6.48	18.17	1.12	37.60	11.50
4/23/2018 10:55:30 AM	2.34	0.00	0.77	0.58	0.00	0.00	0.00	0.62	3.69	95.30	1.31	32.67	1241	0	348	17	0	0	0	0	1606	166.10	6.98	2.94	5.78	11.96	7.74	18.08	1.13	37.57	11.49
4/23/2018 10:55:32 AM	3.46	0.04	1.09	0.00	0.00	0.00	0.00	0.54	4.60	94.58	1.35	32.65	1834	41	492	0	0	0	0	0	2367	164.85	6.49	1.83	6.08	12.26	6.81	19.84	1.13	37.54	11.49
4/23/2018 10:55:35 AM	1.63	0.00	2.15	0.00	0.00	0.00	0.00	0.57	3.77	95.34	1.39	32.57	862	0	966	0	0	0	0	0	1828	166.18	8.12	0.01	5.28	11.58	5.90	19.14	1.14	37.50	11.48
4/23/2018 10:55:37 AM	4.60	0.08	0.66	0.00	0.00	0.00	0.00	0.36	5.34	95.01	1.43	32.52	2436	77	299	0	0	0	0	0	2812	165.60	5.80	0.73	6.69	11.33	7.51	20.17	1.14	37.48	11.45
4/23/2018 10:55:40 AM	2.96	0.00	1.11	0.33	0.00	0.00	0.00	0.47	4.39	94.69	1.48	32.35	1567	0	499	10	0	0	0	0	2076	165.04	7.04	1.53	5.35	11.44	8.36	19.29	1.14	37.46	11.49
4/23/2018 10:55:42 AM	3.30	0.00	0.94	0.00	0.00	0.00	0.00	0.67	4.24	94.77	1.52	32.19	1750	0	424	0	0	0	0	0	2174	165.18	6.17	2.19	4.68	12.93	6.41	20.11	1.15	37.41	11.49
4/23/2018 10:55:44 AM	4.70	0.04	0.66	0.00	0.00	0.00	0.00	0.36	5.40	94.76	1.56	32.27	2490	41	299	0	0	0	0	0	2830	165.16	5.71	1.94	6.44	11.52	7.43	20.54	1.15	37.39	11.47
4/23/2018 10:55:47 AM	2.99	0.14	1.36	0.00	0.00	0.00	0.00	0.49	4.49	95.06	1.59	32.39	1584	140	611	0	0	0	0	0	2335	165.69	6.81	2.03	6.44	11.66	7.01	19.17	1.16	37.35	11.47
4/23/2018 10:55:49 AM	4.33	0.08	0.71	0.00	0.00	0.00	0.00	0.45	5.13	94.83	1.64	32.48	2297	80	321	0	0	0	0	0	2699	165.29	6.06	0.68	6.93	12.01	7.05	20.30	1.16	37.31	11.47
4/23/2018 10:55:51 AM	4.31	0.04	0.30	0.45	0.00	0.00	0.00	0.52	5.09	94.77	1.68	32.25	2284	38	133	13	0	0	0	0	2469	165.19	6.42	2.48	6.79	12.76	8.62	20.93	1.17	37.28	11.47
4/23/2018 10:55:54 AM	3.11	0.00	1.46	0.00	0.00	0.00	0.00	0.46	4.57	94.92	1.74	32.18	1651	0	656	0	0	0	0	0	2306	165.44	6.75	2.98	5.44	11.50	6.58	19.89	1.17	37.26	11.44
4/23/2018 10:55:56 AM	3.24	0.00	1.07	0.00	0.00	0.00	0.00	0.50	4.31	95.11	1.79	32.28	1718	0	481	0	0	0	0	0	2199	165.77	6.14	1.27	5.24	11.34	6.33	18.92	1.18	37.22	11.46
4/23/2018 10:55:59 AM	4.95	0.00	0.48	0.00	0.00	0.00	0.00	0.37	5.43	94.94	1.84	32.18	2622	0	216	0	0	0	0	0	2838	165.48	5.19	1.53	4.60	11.20	7.48	21.14	1.18	37.20	11.46
4/23/2018 10:56:01 AM	3.70	0.00	0.93	0.06	0.00	0.00	0.00	0.45	4.68	95.13	1.88	32.17	1960	0	417	2	0	0	0	0	2379	165.81	6.05	1.93	5.06	11.45	7.47	19.59	1.18	37.16	11.45
4/23/2018 10:56:03 AM	4.01	0.00	0.69	0.08	0.00	0.00	0.00	0.56	4.78	94.97	1.90	32.21	2127	0	311	2	0	0	0	0	2440	165.54	5.98	2.20	5.17	12.58	7.55	20.51	1.19	37.13	11.44
4/23/2018 10:56:06 AM	4.12	0.00	0.83	0.00	0.00	0.00	0.00	0.41	4.95	94.88	1.95	32.35	2185	0	372	0	0	0	0	0	2557	165.38	5.96	1.17	6.39	11.41	6.48	19.83	1.19	37.08	11.44
4/23/2018 10:56:08 AM	3.18	0.00	0.85	0.13	0.00	0.00	0.00	0.65	4.15	94.97	2.02	32.32	1686	0	381	4	0	0	0	0	2070	165.54	6.35	2.03	5.37	12.84	7.02	19.38	1.20	37.07	11.43
4/23/2018 10:56:10 AM	3.58	0.09	0.83	0.00	0.00	0.00	0.00	0.57	4.50	94.36	2.06	32.14	1898	91	375	0	0	0	0	0	2364	164.47	6.05	1.92	5.91	12.42	7.11	19.41	1.20	37.02	11.45
4/23/2018 10:56:13 AM	3.35	0.08	1.19	0.00	0.00	0.00	0.00	0.45	4.62	94.96	2.11	32.09	1777	80	535	0	0	0	0	0	2392	165.51	6.50	1.11	5.89	11.38	7.41	19.21	1.21	36.98	11.45
4/23/2018 10:56:15 AM	3.90	0.07	0.91	0.00	0.00	0.00	0.00	0.47	4.88	94.71	2.16	31.94	2065	73	409	0	0	0	0	0	2547	165.07	6.14	1.89	6.29	11.88	7.15	19.88	1.21	36.95	11.43
4/23/2018 10:56:18 AM	3.60	0.00	1.09	0.26	0.00	0.00	0.00	0.43	4.96	94.69	2.21	31.71	1909	0	492	8	0	0	0	0	2409	165.05	7.04	2.25	6.18	11.80	8.06	20.62	1.22	36.89	11.42
4/23/2018 10:56:20 AM	3.17	0.02	0.94	0.00	0.00	0.00	0.00	0.64	4.13	94.69	2.26	31.70	1677	24	425	0	0	0	0	0	2127	165.05	6.32	1.50	6.42	12.70	5.64	19.09	1.22	36.89	11.42
4/23/2018 10:56:22 AM	4.14	0.00	0.68	0.00	0.00	0.00	0.00	0.47	4.81	94.72	2.32	31.83	2193	0	304	0	0	0	0	0	2498	165.09	5.68	1.00	5.39	11.70	7.19	19.72	1.23	36.83	11.41
4/23/2018 10:56:25 AM	3.43	0.00	1.27	0.00	0.00	0.00	0.00	0.53	4.70	94.70	2.36	31.80	1818	0	570	0	0	0	0	0	2389	165.06	6.80	1.64	5.69	12.27	6.29	20.82	1.23	36.82	11.43
4/23/2018 10:56:27 AM	2.95	0.13	1.05	0.00	0.00	0.00	0.00	0.63	4.14	94.67	2.43	31.84	1564	132	474	0	0	0	0	0	2170	165.01	6.36	2.41	6.07	12.53	6.68	18.83	1.24	36.77	11.42
4/23/2018 10:56:29 AM	3.52	0.18	0.75	0.00	0.00	0.00	0.00	0.63	4.45	95.06	2.49	32.00	1867	176	338	0	0	0	0	0	2381	165.69	6.05	2.11	6.41	12.87	7.11	19.36	1.24	36.76	11.41
4/23/2018 10:56:32 AM	3.62	0.17	0.57	0.00	0.00	0.00	0.00	0.67	4.35	94.99	2.54	32.18	1918	166	256	0	0	0	0	0	2340	165.56	5.83	0.80	5.66	13.08	7.84	19.20	1.25	36.71	11.38
4/23/2018 10:56:34 AM	3.54	0.00	0.67	0.44	0.00	0.00	0.00	0.49	4.65	95.16	2.59	32.27	1877	0	301	13	0	0	0	0	2191	165.86	6.72	2.21	6.10	11.95	8.37	19.85	1.25	36.69	11.39
4/23/2018 10:56:37 AM	3.48	0.03	1.41	0.00	0.00	0.00	0.00	0.60	4.92	95.07	2.64	32.21	1844	29	633	0	0	0	0	0	2506	165.70	7.47	1.13	5.92	13.52	7.80	21.84	1.26	36.64	11.37
4/23/2018 10:56:39 AM	3.47	0.09	1.11	0.15	0.00	0.00	0.00	0.59	4.83	94.51	2.69	32.02	1841	91	502	5	0	0	0	0	2438	164.74	7.18	2.12	6.39	13.17	8.04	21.10	1.26	36.62	11.41
4/23/2018 10:56:41 AM	3.74	0.00	1.16	0.00	0.00	0.00	0.00	0.60	4.89	95.02	2.74	31.89	1981	0	520	0	0	0	0	0	2501	165.61	6.88	2.49	6.06	13.45	7.02	21.58	1.27	36.58	11.38
4/23/2018 10:56:44 AM	3.76	0.04	1.24	0.00	0.00	0.00	0.00	0.58	5.04	94.36	2.78	31.87	1990	44	557	0	0	0	0	0	2592	164.46	7.17	1.28	6.14	13.40	7.77	21.81	1.27	36.56	11.36
4/23/2018 10:56:46 AM	3.02	0.00	1.92	0.00	0.00	0.00	0.00	0.66	4.95	94.53	2.88	31.80	1602	0	866	0	0	0	0	0	2468	164.76	8.48	1.86	5.90	14.26	7.75	23.11	1.28	36.51	11.37
4/23/2018 10:56:48 AM	4.11	0.00	1.60	0.05	0.00	0.00	0.00	0.56	5.76	94.34	2.96	31.79	2181	0	719	2	0	0	0	0	2901	164.43	8.16	1.98	5.82	14.24	8.88	24.74	1.29	36.49	11.38
4/23/2018 10:56:51 AM	3.71	0.00	2.31	0.00	0.00	0.00	0.00	0.47	6.02	94.53	3.00	31.82	1967	0	1041	0	0	0	0	0	3007	164.77	9.33	2.28	6.94	14.02	8.51	25.50	1.29	36.45	11.38
4/23/2018 10:56:53 AM	4.43	0.02	1.85	0.00	0.00	0.00	0.00	0.54	6.30	94.81	3.05	31.47	2346	22	831	0	0	0	0	0	3200	165.25	8.86	2.05	7.15	14.94	8.87	26.29	1.30	36.43	11.36
4/23/2018 10:56:56 AM	4.34	0.00	1.59	0.08	0.00	0.00	0.00	0.67	6.00	94.54	3.09	31.27	2300	0	714	2	0	0	0	0	3016	164.78	8.69	2.62	6.99	15.87	8.55	26.32	1.30	36.38	11.35
4/23/2018 10:56:58 AM	4.13	0.01	2.16	0.00	0.00	0.00	0.00	0.57	6.30	94.73	3.15	31.44	2189	14	972	0	0	0	0	0	3175	165.11	9.53	2.17	7.66	15.35	8.43	26.94	1.31	36.36	11.34
4/23/2018 10:57:00 AM	3.41	0.00	2.59	0.00	0.00	0.00	0.00	0.57	5.99	95.20	3.22	31.59	1806	0	1165	0	0	0	0	0	2970	165.94	10.07	2.55	7.14	15.07	8.37	26.57	1.32	36.32	11.35
4/23/2018 10:57:03 AM	4.65	0.00	1.96	0.00	0.00	0.00	0.00	0.65	6.61	94.98	3.27	31.47	2464	0	883	0	0	0	0	0	3347	165.54	9.49	2.23	7.20	16.51	9.20	28.42	1.32	36.30	11.37
4/23/2018 10:57:05 AM	4.74	0.00	1.99	0.00	0.00	0.00	0.00	0.68	6.73	94.32	3.34	31.36	2511	0	898	0	0	0	0	0	3408	164.39	9.74	1.79	7.45	16.92	8.51	29.43	1.33	36.29	11.34
4/23/2018 10:57:07 AM	3.87	0.01	2.39	0.00	0.00	0.00	0.00	0.74	6.27	93.92	3.37	31.30	2050	10	1077	0	0	0	0	0	3136	163.69	10.39	1.81	7.22	17.18	9.18	28.55	1.33	36.23	11.34
4/23/2018 10:57:10 AM	3.77	0.07	2.65	0.04	0.00	0.00	0.00	0.70	6.52	93.63	3.42	31.33	1998	69	1191	1	0	0	0	0	3260	163.20	10.93	3.08	8.03	17.21	9.25	29.23	1.34	36.20	11.35
4/23/2018 10:57:12 AM	4.09	0.00	2.69	0.00	0.00	0.00	0.00	0.63	6.78	93.88	3.49	31.30	2167	0	1211	0	0	0	0	0	3378	163.63	10.84	2.43	7.47	16.70	9.16	29.80	1.34	36.17	11.33
4/23/2018 10:57:15 AM	4.19	0.04	2.51	0.00	0.00	0.00	0.00	0.63	6.75	94.41	3.56	31.05	2223	44	1132	0	0	0	0	0	3399	164.55	10.58	2.36	7.98	16.68	9.31	29.20	1.35	36.14	11.33
4/23/2018 10:57:17 AM	4.28	0.15	2.34	0.00	0.00	0.00	0.00	0.75	6.76	94.32	3.65	30.81	2267	152	1051	0	0	0	0	0	3470	164.39	10.62	2.39	8.46	17.84	9.67	29.70	1.36	36.10	11.33
4/23/2018 10:57:19 AM	4.21	0.07	2.56	0.00	0.00	0.00	0.00	0.75	6.84	94.53	3.71	30.89	2231	70	1152	0	0	0	0	0	3453	164.77	11.06	2.40	8.15	18.12	9.64	30.49	1.36	36.06	11.30
4/23/2018 10:57:22 AM	4.22	0.19	2.43	0.00	0.00	0.00	0.00	0.75	6.84	94.22	3.78	30.64	2239	186	1094	0	0	0	0	0	3520	164.22	10.81	2.72	8.65	17.93	9.85	29.95	1.37	36.05	11.31
4/23/2018 10:57:24 AM	4.33	0.14	2.07	0.00	0.00	0.00	0.00	0.88	6.54	94.44	3.81	30.07	2295	140	930	0	0	0	0	0	3365	164.60	10.33	2.20	7.95	18.80	9.79	29.75	1.37	36.01	11.31
4/23/2018 10:57:26 AM	4.67	0.01	2.18	0.16	0.00	0.00	0.00	0.68	7.02	94.56	3.88	29.73	2477	9	981	5	0	0	0	0	3471	164.81	10.65	2.71	8.16	17.59	9.96	30.39	1.38	35.98	11.30
4/23/2018 10:57:29 AM	4.67	0.11	2.08	0.07	0.00	0.00	0.00	0.77	6.93	94.41	3.94	29.29	2478	106	934	2	0	0	0	0	3520	164.55	10.46	2.42	8.23	18.29	10.12	30.33	1.39	35.93	11.28
4/23/2018 10:57:31 AM	4.77	0.20	2.15	0.00	0.00	0.00	0.00	0.74	7.12	94.38	4.03	29.08	2530	200	968	0	0	0	0	0	3698	164.51	10.48	2.52	8.81	18.20	10.17	30.45	1.39	35.91	11.30
4/23/2018 10:57:34 AM	5.24	0.14	2.05	0.04	0.00	0.00	0.00	0.74	7.48	94.33	4.08	29.12	2780	142	923	1	0	0	0	0	3846	164.42	10.57	2.66	8.83	18.69	10.47	31.66	1.40	35.87	11.28
4/23/2018 10:57:36 AM	5.20	0.11	2.19	0.12	0.00	0.00	0.00	0.76	7.62	94.12	4.16	28.68	2758	108	987	3	0	0	0	0	3856	164.06	11.14	3.09	9.09	19.25	10.58	32.68	1.41	35.81	11.28
4/23/2018 10:57:38 AM	5.27	0.23	2.40	0.00	0.00	0.00	0.00	0.81	7.90	94.45	4.21	28.24	2794	226	1081	0	0	0	0	0	4101	164.63	11.56	2.86	9.54	20.05	11.09	33.71	1.41	35.79	11.28
4/23/2018 10:57:41 AM	5.86	0.24	2.20	0.00	0.00	0.00	0.00	0.76	8.29	94.16	4.27	28.33	3105	239	989	0	0	0	0	0	4332	164.12	11.33	2.97	10.32	20.05	10.89	34.30	1.42	35.76	11.29
4/23/2018 10:57:43 AM	6.12	0.26	2.21	0.00	0.00	0.00	0.00	0.84	8.58	93.93	4.32	28.37	3241	257	995	0	0	0	0	0	4494	163.72	11.71	3.16	10.55	21.23	11.35	35.80	1.42	35.72	11.28
4/23/2018 10:57:45 AM	6.04	0.20	2.12	0.17	0.00	0.00	0.00	0.86	8.54	94.08	4.37	28.38	3203	204	952	5	0	0	0	0	4364	163.98	11.98	3.13	10.23	21.47	12.05	36.09	1.43	35.67	11.26
4/23/2018 10:57:48 AM	6.43	0.28	2.57	0.08	0.00	0.00	0.00	0.96	9.36	93.95	4.46	27.90	3407	278	1158	2	0	0	0	0	4846	163.76	13.33	3.42	11.20	23.68	12.85	39.74	1.44	35.64	11.26
4/23/2018 10:57:50 AM	7.12	0.37	2.72	0.04	0.00	0.00	0.00	0.91	10.25	93.61	4.51	27.78	3776	365	1226	1	0	0	0	0	5368	163.16	13.92	3.71	12.26	24.47	13.71	42.12	1.44	35.61	11.26
4/23/2018 10:57:53 AM	7.39	0.36	3.04	0.09	0.00	0.00	0.00	1.07	10.88	94.10	4.60	27.97	3918	363	1367	3	0	0	0	0	5651	164.01	15.40	3.83	12.91	27.08	14.67	45.84	1.45	35.56	11.25
4/23/2018 10:57:55 AM	7.75	0.31	2.88	0.13	0.00	0.00	0.00	1.05	11.07	93.90	4.65	27.19	4109	308	1297	4	0	0	0	0	5718	163.68	15.27	3.79	12.88	27.14	14.73	46.30	1.46	35.53	11.24
4/23/2018 10:57:57 AM	7.83	0.39	3.10	0.00	0.00	0.00	0.00	1.01	11.32	93.69	4.71	26.89	4151	388	1396	0	0	0	0	0	5935	163.29	15.39	4.02	13.34	27.07	14.66	46.67	1.46	35.47	11.24
4/23/2018 10:58:00 AM	8.36	0.29	3.16	0.00	0.00	0.00	0.00	0.97	11.81	93.81	4.77	27.21	4429	290	1424	0	0	0	0	0	6142	163.52	15.69	3.88	13.30	27.47	14.85	48.30	1.47	35.44	11.23
4/23/2018 10:58:02 AM	8.49	0.34	3.23	0.00	0.00	0.00	0.00	0.99	12.07	93.91	4.82	27.34	4501	345	1453	0	0	0	0	0	6299	163.69	16.03	4.09	13.86	28.04	15.13	49.22	1.47	35.39	11.24
4/23/2018 10:58:04 AM	8.56	0.41	3.31	0.00	0.00	0.00	0.00	1.06	12.28	94.12	4.90	27.12	4536	414	1489	0	0	0	0	0	6440	164.05	16.50	4.17	14.53	28.99	15.42	50.32	1.48	35.36	11.20
4/23/2018 10:58:07 AM	8.68	0.45	3.35	0.00	0.00	0.00	0.00	1.11	12.47	94.01	4.96	26.60	4598	450	1506	0	0	0	0	0	6554	163.85	16.85	3.96	14.68	29.81	15.97	51.32	1.49	35.32	11.22
4/23/2018 10:58:09 AM	8.86	0.48	3.56	0.00	0.00	0.00	0.00	1.10	12.90	93.83	5.04	26.32	4696	477	1602	0	0	0	0	0	6776	163.55	17.43	4.54	15.30	30.32	16.26	52.76	1.49	35.29	11.22
4/23/2018 10:58:12 AM	9.31	0.51	3.51	0.06	0.00	0.00	0.00	1.17	13.38	93.89	5.11	25.24	4933	506	1581	2	0	0	0	0	7021	163.66	17.96	4.46	15.61	31.71	17.34	54.81	1.50	35.24	11.20
4/23/2018 10:58:14 AM	9.48	0.50	4.26	0.01	0.00	0.00	0.00	1.18	14.25	94.11	5.18	24.61	5025	499	1917	0	0	0	0	0	7441	164.04	19.71	5.07	16.51	33.27	17.91	58.54	1.51	35.21	11.20
4/23/2018 10:58:16 AM	9.82	0.59	4.54	0.00	0.00	0.00	0.00	1.26	14.95	93.42	5.25	24.17	5205	592	2041	0	0	0	0	0	7837	162.84	20.88	5.06	17.70	35.11	18.73	61.47	1.51	35.15	11.18
4/23/2018 10:58:19 AM	10.10	0.64	4.62	0.00	0.00	0.00	0.00	1.30	15.36	93.85	5.30	23.94	5353	642	2079	0	0	0	0	0	8073	163.57	21.35	5.49	18.28	36.08	19.23	63.06	1.52	35.12	11.20
4/23/2018 10:58:21 AM	10.11	0.67	4.87	0.00	0.00	0.00	0.00	1.35	15.65	93.22	5.35	24.33	5358	665	2192	0	0	0	0	0	8215	162.49	22.15	5.42	18.66	37.11	19.69	64.66	1.52	35.08	11.19
4/23/2018 10:58:23 AM	10.61	0.64	4.88	0.00	0.00	0.00	0.00	1.32	16.14	93.54	5.40	25.06	5626	645	2195	0	0	0	0	0	8465	163.05	22.34	5.50	18.89	37.45	20.11	66.01	1.53	35.02	11.18
4/23/2018 10:58:26 AM	10.15	0.80	5.12	0.00	0.00	0.00	0.00	1.41	16.06	93.42	5.48	24.89	5377	797	2305	0	0	0	0	0	8479	162.82	23.03	5.77	19.54	38.32	20.60	66.41	1.54	34.97	11.17
4/23/2018 10:58:28 AM	10.44	0.73	5.34	0.00	0.00	0.00	0.00	1.39	16.51	93.43	5.57	24.31	5536	728	2402	0	0	0	0	0	8665	162.84	23.66	5.48	19.90	38.84	20.62	68.12	1.55	34.93	11.17
4/23/2018 10:58:31 AM	10.08	0.74	5.52	0.00	0.00	0.00	0.00	1.42	16.33	93.42	5.68	23.58	5340	738	2484	0	0	0	0	0	8562	162.83	23.91	5.92	19.77	38.88	20.56	67.94	1.56	34.88	11.18
4/23/2018 10:58:33 AM	10.42	0.82	5.11	0.00	0.00	0.00	0.00	1.40	16.35	93.63	5.75	23.09	5523	817	2300	0	0	0	0	0	8640	163.20	23.15	5.86	19.98	38.55	20.74	67.13	1.56	34.81	11.18
4/23/2018 10:58:35 AM	9.74	0.74	5.39	0.00	0.00	0.00	0.00	1.43	15.87	93.54	5.87	22.89	5163	736	2426	0	0	0	0	0	8325	163.04	23.42	5.73	19.14	38.30	20.37	66.40	1.58	34.78	11.13
4/23/2018 10:58:38 AM	9.95	0.81	5.42	0.00	0.00	0.00	0.00	1.40	16.17	93.46	5.95	22.68	5273	806	2437	0	0	0	0	0	8517	162.91	23.59	5.79	19.70	38.38	20.80	66.95	1.58	34.76	11.13
4/23/2018 10:58:40 AM	9.96	0.75	5.33	0.00	0.00	0.00	0.00	1.40	16.04	93.37	6.09	22.65	5281	747	2399	0	0	0	0	0	8428	162.74	23.38	5.64	19.45	38.28	20.39	66.66	1.60	34.70	11.13
4/23/2018 10:58:42 AM	9.90	0.72	5.37	0.00	0.00	0.00	0.00	1.40	15.99	93.69	6.20	22.52	5249	723	2415	0	0	0	0	0	8386	163.29	23.42	5.50	19.34	38.24	20.29	66.61	1.61	34.64	11.12
4/23/2018 10:58:45 AM	9.93	0.80	5.34	0.00	0.00	0.00	0.00	1.41	16.07	93.64	6.31	22.58	5265	795	2403	0	0	0	0	0	8464	163.21	23.44	5.69	19.70	38.37	20.54	66.68	1.62	34.56	11.12
4/23/2018 10:58:47 AM	9.94	0.86	5.38	0.00	0.00	0.00	0.00	1.44	16.19	93.70	6.37	22.49	5269	865	2422	0	0	0	0	0	8556	163.32	23.71	5.61	20.08	38.84	20.93	67.17	1.62	34.51	11.13
4/23/2018 10:58:50 AM	9.94	0.85	5.29	0.00	0.00	0.00	0.00	1.41	16.08	93.68	6.43	22.67	5271	846	2378	0	0	0	0	0	8495	163.28	23.37	5.59	19.94	38.31	20.66	66.47	1.63	34.48	11.11
4/23/2018 10:58:52 AM	10.27	0.84	5.24	0.00	0.00	0.00	0.00	1.41	16.35	93.76	6.45	22.82	5445	838	2359	0	0	0	0	0	8642	163.42	23.45	5.70	20.14	38.69	20.84	67.33	1.63	34.44	11.08
4/23/2018 10:58:54 AM	9.96	0.84	5.33	0.00	0.00	0.00	0.00	1.45	16.14	93.61	6.48	23.12	5279	842	2401	0	0	0	0	0	8522	163.16	23.57	5.84	19.96	38.79	20.74	67.03	1.63	34.38	11.10
4/23/2018 10:58:57 AM	10.37	0.97	5.52	0.00	0.00	0.00	0.00	1.50	16.87	93.49	6.54	23.04	5497	974	2486	0	0	0	0	0	8957	162.95	24.55	6.23	21.49	40.41	21.48	69.70	1.64	34.33	11.07
4/23/2018 10:58:59 AM	10.12	0.91	5.74	0.00	0.00	0.00	0.00	1.49	16.78	93.60	6.63	22.86	5362	914	2585	0	0	0	0	0	8861	163.14	24.83	6.04	20.87	40.23	21.65	69.72	1.65	34.25	11.09
4/23/2018 10:59:01 AM	10.50	0.90	5.34	0.00	0.00	0.00	0.00	1.52	16.74	93.81	6.71	23.02	5562	903	2404	0	0	0	0	0	8870	163.51	24.17	5.92	20.82	40.37	21.43	69.40	1.66	34.22	11.05
4/23/2018 10:59:04 AM	10.03	0.88	5.54	0.00	0.00	0.00	0.00	1.48	16.45	93.53	6.81	23.24	5318	880	2491	0	0	0	0	0	8690	163.02	24.20	6.02	20.34	39.61	21.28	68.44	1.67	34.14	11.07
4/23/2018 10:59:06 AM	9.28	0.85	5.39	0.00	0.00	0.00	0.00	1.43	15.52	93.86	6.90	23.32	4917	850	2425	0	0	0	0	0	8191	163.60	23.27	5.63	19.52	37.74	20.21	64.93	1.68	34.11	11.03
4/23/2018 10:59:09 AM	9.65	0.92	5.32	0.00	0.00	0.00	0.00	1.47	15.90	93.88	6.96	22.99	5117	923	2395	0	0	0	0	0	8435	163.63	23.48	5.93	20.19	38.60	20.68	66.18	1.68	34.04	11.07
4/23/2018 10:59:11 AM	9.76	0.97	5.40	0.00	0.00	0.00	0.00	1.49	16.14	93.88	7.02	22.69	5175	970	2431	0	0	0	0	0	8575	163.62	23.83	6.11	20.63	39.18	21.01	67.09	1.69	34.00	11.05
4/23/2018 10:59:13 AM	9.67	1.07	5.48	0.00	0.00	0.00	0.00	1.52	16.22	93.83	7.04	22.57	5126	1068	2468	0	0	0	0	0	8662	163.54	24.13	6.36	21.15	39.59	21.38	67.45	1.69	33.94	10.99
4/23/2018 10:59:16 AM	9.66	1.05	5.47	0.00	0.00	0.00	0.00	1.54	16.18	93.76	7.07	22.70	5120	1053	2462	0	0	0	0	0	8635	163.43	24.14	6.17	21.04	39.73	21.35	67.49	1.69	33.88	11.01
4/23/2018 10:59:18 AM	9.62	1.06	5.59	0.00	0.00	0.00	0.00	1.53	16.27	93.84	7.09	22.94	5097	1063	2517	0	0	0	0	0	8677	163.57	24.37	6.42	21.27	39.75	21.35	67.79	1.70	33.83	11.00
4/23/2018 10:59:20 AM	9.50	1.07	5.59	0.00	0.00	0.00	0.00	1.50	16.16	93.96	7.12	23.18	5037	1074	2514	0	0	0	0	0	8625	163.77	24.27	6.27	21.29	39.37	21.21	67.23	1.70	33.78	10.99
4/23/2018 10:59:23 AM	9.95	1.02	5.53	0.00	0.00	0.00	0.00	1.51	16.51	93.84	7.16	23.41	5276	1023	2489	0	0	0	0	0	8788	163.56	24.38	6.27	21.44	39.95	21.26	68.47	1.70	33.72	10.97
4/23/2018 10:59:25 AM	10.28	1.04	5.38	0.00	0.00	0.00	0.00	1.54	16.69	93.68	7.20	23.69	5446	1039	2420	0	0	0	0	0	8905	163.28	24.31	6.21	21.85	40.41	21.23	69.02	1.71	33.66	10.97
4/23/2018 10:59:28 AM	9.97	1.05	5.33	0.00	0.00	0.00	0.00	1.56	16.35	93.77	7.27	23.76	5285	1045	2400	0	0	0	0	0	8731	163.44	24.05	6.18	21.17	40.13	21.41	68.04	1.71	33.59	10.96
4/23/2018 10:59:30 AM	9.47	1.04	5.44	0.00	0.00	0.00	0.00	1.51	15.95	93.89	7.35	23.40	5021	1037	2448	0	0	0	0	0	8506	163.65	23.85	6.20	20.64	39.10	21.19	66.52	1.72	33.52	10.97
4/23/2018 10:59:32 AM	9.27	1.06	5.47	0.00	0.00	0.00	0.00	1.53	15.80	93.73	7.44	23.27	4914	1064	2460	0	0	0	0	0	8439	163.38	23.89	6.13	20.68	39.09	21.14	66.17	1.73	33.47	10.96
4/23/2018 10:59:35 AM	8.61	0.99	5.11	0.00	0.00	0.00	0.00	1.45	14.71	93.85	7.56	22.87	4561	995	2301	0	0	0	0	0	7857	163.57	22.37	5.82	19.32	36.69	19.95	61.83	1.74	33.44	10.94
4/23/2018 10:59:37 AM	7.78	0.98	5.17	0.00	0.00	0.00	0.00	1.35	13.92	93.65	7.70	22.16	4124	976	2324	0	0	0	0	0	7424	163.23	21.68	5.69	18.27	34.48	19.44	58.54	1.75	33.35	10.93
4/23/2018 10:59:39 AM	8.09	0.98	5.28	0.00	0.00	0.00	0.00	1.39	14.35	93.67	7.75	22.09	4287	981	2375	0	0	0	0	0	7643	163.27	22.26	5.80	18.67	35.60	19.89	60.40	1.76	33.30	10.94
4/23/2018 10:59:42 AM	8.48	1.12	5.27	0.00	0.00	0.00	0.00	1.48	14.87	93.72	7.81	22.36	4497	1115	2373	0	0	0	0	0	7985	163.36	22.82	6.23	19.91	37.14	20.52	62.38	1.77	33.26	10.88
4/23/2018 10:59:44 AM	8.14	1.05	5.15	0.00	0.00	0.00	0.00	1.46	14.34	93.78	7.88	22.42	4312	1053	2319	0	0	0	0	0	7684	163.46	22.23	5.94	19.17	36.20	19.89	60.57	1.77	33.21	10.89
4/23/2018 10:59:47 AM	7.87	1.12	5.27	0.00	0.00	0.00	0.00	1.50	14.25	93.96	7.92	22.27	4169	1117	2372	0	0	0	0	0	7658	163.77	22.52	5.92	19.35	36.49	20.12	60.57	1.78	33.13	10.88
4/23/2018 10:59:49 AM	8.07	1.20	5.28	0.00	0.00	0.00	0.00	1.51	14.55	93.67	7.96	22.18	4277	1200	2374	0	0	0	0	0	7851	163.26	22.75	6.14	20.11	36.93	20.41	61.33	1.78	33.07	10.86
4/23/2018 10:59:51 AM	8.08	1.14	5.22	0.00	0.00	0.00	0.00	1.49	14.45	93.47	8.02	22.27	4283	1141	2351	0	0	0	0	0	7774	162.92	22.53	6.02	19.73	36.61	20.18	60.96	1.79	33.01	10.85
4/23/2018 10:59:54 AM	8.04	1.08	5.42	0.00	0.00	0.00	0.00	1.51	14.54	93.19	8.06	22.43	4261	1081	2440	0	0	0	0	0	7782	162.43	22.95	6.17	19.37	37.03	20.37	61.83	1.79	32.94	10.86
4/23/2018 10:59:56 AM	8.22	1.22	5.43	0.00	0.00	0.00	0.00	1.53	14.87	93.69	8.10	22.50	4358	1224	2442	0	0	0	0	0	8024	163.30	23.27	6.32	20.46	37.66	20.87	62.69	1.79	32.88	10.85
4/23/2018 10:59:58 AM	8.29	1.26	5.22	0.00	0.00	0.00	0.00	1.49	14.77	93.78	8.16	22.68	4393	1257	2351	0	0	0	0	0	8000	163.46	22.76	6.36	20.75	37.01	20.47	61.67	1.80	32.82	10.84
4/23/2018 11:00:01 AM	8.26	1.30	5.20	0.00	0.00	0.00	0.00	1.49	14.76	93.67	8.21	22.94	4380	1297	2340	0	0	0	0	0	8017	163.26	22.73	6.38	20.84	36.99	20.64	61.52	1.80	32.75	10.82
4/23/2018 11:00:03 AM	7.97	1.22	5.41	0.00	0.00	0.00	0.00	1.51	14.61	93.84	8.24	23.12	4225	1221	2437	0	0	0	0	0	7883	163.56	23.03	6.29	20.31	37.02	20.50	61.62	1.81	32.70	10.81
4/23/2018 11:00:06 AM	8.05	1.08	5.23	0.00	0.00	0.00	0.00	1.46	14.36	93.89	8.31	22.98	4265	1081	2355	0	0	0	0	0	7701	163.64	22.40	6.05	19.39	36.24	19.91	60.65	1.81	32.64	10.81
4/23/2018 11:00:08 AM	8.03	1.16	5.16	0.00	0.00	0.00	0.00	1.48	14.35	93.93	8.38	22.87	4256	1159	2322	0	0	0	0	0	7737	163.72	22.34	5.95	19.64	36.36	20.21	60.46	1.82	32.58	10.80
4/23/2018 11:00:10 AM	8.13	1.21	4.99	0.00	0.00	0.00	0.00	1.51	14.33	93.90	8.47	22.78	4307	1210	2246	0	0	0	0	0	7762	163.66	22.12	6.09	20.03	36.56	20.06	60.28	1.83	32.54	10.79
4/23/2018 11:00:13 AM	7.89	1.12	4.99	0.00	0.00	0.00	0.00	1.48	14.00	93.75	8.55	22.39	4183	1119	2247	0	0	0	0	0	7548	163.40	21.80	5.94	19.05	35.85	19.85	59.27	1.84	32.47	10.76
4/23/2018 11:00:15 AM	7.52	1.17	5.04	0.00	0.00	0.00	0.00	1.42	13.73	93.44	8.63	22.05	3984	1172	2270	0	0	0	0	0	7425	162.86	21.58	6.07	19.03	34.82	19.72	57.82	1.85	32.42	10.75
4/23/2018 11:00:17 AM	6.78	1.19	5.11	0.00	0.00	0.00	0.00	1.46	13.08	93.40	8.69	22.01	3594	1187	2299	0	0	0	0	0	7081	162.80	21.42	5.92	18.46	34.31	19.39	56.08	1.85	32.36	10.77
4/23/2018 11:00:20 AM	6.53	1.10	4.78	0.00	0.00	0.00	0.00	1.42	12.41	93.61	8.81	22.13	3462	1101	2152	0	0	0	0	0	6714	163.15	20.30	5.58	17.47	32.86	18.48	53.44	1.86	32.28	10.73
4/23/2018 11:00:22 AM	6.45	1.00	4.71	0.04	0.00	0.00	0.00	1.39	12.20	93.58	8.92	21.74	3417	998	2120	1	0	0	0	0	6536	163.10	20.04	5.48	16.87	32.30	18.13	52.76	1.87	32.23	10.73
4/23/2018 11:00:25 AM	5.87	1.02	4.65	0.00	0.00	0.00	0.00	1.36	11.53	93.71	9.04	21.40	3110	1017	2091	0	0	0	0	0	6219	163.33	19.35	5.23	16.28	30.99	17.50	50.20	1.89	32.16	10.73
4/23/2018 11:00:27 AM	5.81	1.04	4.45	0.00	0.00	0.00	0.00	1.35	11.30	93.68	9.14	21.45	3077	1038	2004	0	0	0	0	0	6119	163.28	18.84	5.22	16.18	30.51	17.24	49.09	1.90	32.11	10.71
4/23/2018 11:00:29 AM	5.80	1.09	4.44	0.00	0.00	0.00	0.00	1.35	11.33	93.76	9.24	21.40	3076	1091	1997	0	0	0	0	0	6163	163.42	18.85	5.33	16.55	30.49	17.26	49.00	1.90	32.03	10.71
4/23/2018 11:00:32 AM	5.48	1.07	4.32	0.00	0.00	0.00	0.00	1.34	10.86	93.88	9.33	21.33	2902	1072	1942	0	0	0	0	0	5917	163.63	18.35	5.16	16.07	29.78	16.78	47.39	1.91	32.00	10.67
4/23/2018 11:00:34 AM	5.93	1.15	4.36	0.00	0.00	0.00	0.00	1.34	11.44	93.82	9.42	21.62	3144	1152	1960	0	0	0	0	0	6256	163.53	18.78	5.38	16.94	30.55	17.44	49.04	1.92	31.92	10.67
4/23/2018 11:00:36 AM	5.89	1.28	4.50	0.00	0.00	0.00	0.00	1.40	11.68	94.00	9.50	21.69	3121	1282	2027	0	0	0	0	0	6430	163.85	19.34	5.88	17.80	31.40	17.95	50.04	1.93	31.85	10.67
4/23/2018 11:00:39 AM	5.69	1.20	4.63	0.00	0.00	0.00	0.00	1.44	11.52	93.94	9.55	21.63	3015	1198	2084	0	0	0	0	0	6297	163.74	19.56	5.71	17.21	31.68	17.82	50.26	1.94	31.79	10.65
4/23/2018 11:00:41 AM	5.68	1.19	4.52	0.00	0.00	0.00	0.00	1.41	11.39	93.92	9.62	21.70	3008	1192	2035	0	0	0	0	0	6235	163.69	19.20	5.70	17.05	31.15	17.63	49.49	1.94	31.74	10.61
4/23/2018 11:00:44 AM	5.62	1.05	4.41	0.10	0.00	0.00	0.00	1.34	11.18	93.77	9.67	21.59	2978	1053	1982	3	0	0	0	0	6016	163.44	18.92	5.38	16.25	30.27	17.51	48.67	1.95	31.70	10.61
4/23/2018 11:00:46 AM	5.65	1.27	4.48	0.00	0.00	0.00	0.00	1.36	11.40	93.68	9.75	21.57	2993	1266	2018	0	0	0	0	0	6277	163.28	19.04	5.82	17.39	30.68	17.74	48.92	1.96	31.64	10.61
4/23/2018 11:00:48 AM	5.51	1.22	4.39	0.00	0.00	0.00	0.00	1.36	11.12	93.84	9.80	21.71	2919	1221	1974	0	0	0	0	0	6115	163.56	18.67	5.66	16.91	30.22	17.40	47.98	1.96	31.58	10.58
4/23/2018 11:00:51 AM	5.44	1.14	4.21	0.00	0.00	0.00	0.00	1.32	10.79	93.84	9.86	21.85	2885	1139	1895	0	0	0	0	0	5919	163.56	18.04	5.39	16.23	29.32	16.86	46.63	1.97	31.51	10.59
4/23/2018 11:00:53 AM	5.15	1.10	4.18	0.07	0.00	0.00	0.00	1.35	10.50	93.90	9.92	21.67	2729	1101	1881	2	0	0	0	0	5713	163.67	18.05	5.34	15.82	29.24	16.87	46.08	1.97	31.45	10.56
4/23/2018 11:00:55 AM	5.19	1.14	4.29	0.00	0.00	0.00	0.00	1.33	10.62	93.82	9.97	21.52	2751	1141	1929	0	0	0	0	0	5822	163.53	18.11	5.26	16.01	29.25	16.88	46.27	1.98	31.39	10.55
4/23/2018 11:00:58 AM	5.23	1.21	4.11	0.00	0.00	0.00	0.00	1.31	10.55	93.70	10.06	21.62	2771	1211	1850	0	0	0	0	0	5832	163.31	17.71	5.42	16.34	28.82	16.79	45.45	1.99	31.33	10.55
4/23/2018 11:01:00 AM	5.15	1.15	3.81	0.00	0.00	0.00	0.00	1.26	10.11	93.75	10.14	21.76	2730	1147	1713	0	0	0	0	0	5590	163.41	16.78	5.12	15.72	27.68	16.04	43.49	1.99	31.25	10.56
4/23/2018 11:01:03 AM	4.81	1.06	3.91	0.00	0.00	0.00	0.00	1.23	9.78	93.58	10.22	21.87	2550	1056	1762	0	0	0	0	0	5367	163.12	16.64	5.02	14.87	26.95	15.72	42.55	2.00	31.20	10.53
4/23/2018 11:01:05 AM	4.68	0.93	3.74	0.12	0.00	0.00	0.00	1.25	9.47	93.64	10.29	21.72	2479	931	1681	4	0	0	0	0	5094	163.21	16.50	4.77	14.22	26.82	15.54	42.04	2.01	31.16	10.54
4/23/2018 11:01:07 AM	4.60	0.91	3.56	0.22	0.00	0.00	0.00	1.26	9.29	93.65	10.35	21.58	2436	913	1602	7	0	0	0	0	4957	163.23	16.35	4.92	14.17	26.68	15.53	41.51	2.01	31.10	10.53
4/23/2018 11:01:10 AM	4.66	1.06	3.70	0.02	0.00	0.00	0.00	1.25	9.45	93.43	10.41	21.68	2471	1065	1664	1	0	0	0	0	5201	162.84	16.17	4.95	14.62	26.63	15.51	41.40	2.02	31.03	10.52
4/23/2018 11:01:12 AM	4.55	1.16	3.86	0.00	0.00	0.00	0.00	1.25	9.56	93.62	10.45	21.76	2410	1158	1737	0	0	0	0	0	5304	163.18	16.50	5.19	15.18	26.79	15.74	41.68	2.02	31.00	10.50
4/23/2018 11:01:14 AM	4.52	1.01	3.53	0.00	0.00	0.00	0.00	1.18	9.06	93.68	10.53	21.89	2395	1014	1587	0	0	0	0	0	4996	163.29	15.40	4.77	14.08	25.38	14.79	39.54	2.03	30.93	10.48
4/23/2018 11:01:17 AM	4.34	0.87	3.32	0.21	0.00	0.00	0.00	1.20	8.75	93.63	10.63	21.78	2302	871	1495	6	0	0	0	0	4674	163.19	15.40	4.80	13.52	25.23	14.76	39.12	2.04	30.87	10.43
4/23/2018 11:01:19 AM	4.43	0.89	3.46	0.09	0.00	0.00	0.00	1.21	8.88	93.70	10.69	21.30	2349	891	1559	3	0	0	0	0	4802	163.31	15.46	4.61	13.50	25.48	14.67	39.56	2.05	30.81	10.46
4/23/2018 11:01:22 AM	4.46	0.95	3.45	0.04	0.00	0.00	0.00	1.18	8.90	93.58	10.77	21.34	2363	953	1551	1	0	0	0	0	4869	163.12	15.25	4.70	13.70	25.18	14.65	39.16	2.05	30.78	10.42
4/23/2018 11:01:24 AM	4.39	0.96	3.33	0.00	0.00	0.00	0.00	1.16	8.67	93.51	10.85	21.62	2325	958	1497	0	0	0	0	0	4780	162.98	14.73	4.49	13.46	24.52	14.28	37.99	2.06	30.71	10.42
4/23/2018 11:01:26 AM	4.44	0.98	3.28	0.00	0.00	0.00	0.00	1.18	8.70	93.60	10.89	21.54	2354	980	1477	0	0	0	0	0	4810	163.14	14.73	4.57	13.65	24.76	14.28	38.14	2.07	30.64	10.40
4/23/2018 11:01:29 AM	4.14	0.97	3.31	0.02	0.00	0.00	0.00	1.18	8.44	93.48	10.96	21.40	2195	970	1490	1	0	0	0	0	4655	162.94	14.67	4.53	13.30	24.45	14.23	37.43	2.07	30.60	10.39
4/23/2018 11:01:31 AM	4.08	0.90	3.22	0.07	0.00	0.00	0.00	1.14	8.27	93.32	11.03	21.36	2161	903	1451	2	0	0	0	0	4518	162.66	14.41	4.35	12.90	23.76	14.04	36.66	2.08	30.56	10.37
4/23/2018 11:01:33 AM	4.25	1.08	3.26	0.12	0.00	0.00	0.00	1.12	8.72	91.71	11.08	21.67	2254	1084	1469	4	0	0	0	0	4811	159.85	14.89	4.43	13.94	24.13	15.30	37.54	2.09	30.48	10.39
4/23/2018 11:01:36 AM	4.75	2.21	3.59	0.00	0.00	0.00	0.00	0.87	10.55	89.36	11.13	21.84	2519	2206	1614	0	0	0	0	0	6339	155.75	15.87	5.25	19.38	23.50	20.15	38.44	2.09	30.41	10.38
4/23/2018 11:01:38 AM	6.18	3.90	4.66	0.00	0.00	0.00	0.00	0.60	14.74	91.06	11.13	21.69	3275	3902	2095	0	0	0	0	0	9272	158.71	20.16	6.99	30.83	25.90	27.77	46.11	2.09	30.37	10.35
4/23/2018 11:01:41 AM	5.86	4.62	6.50	0.00	0.00	0.00	0.00	0.10	16.98	25.58	11.08	21.63	3104	4619	2926	0	0	0	0	0	10648	44.66	23.70	7.85	35.46	24.00	32.20	49.41	2.09	30.31	10.35
4/23/2018 11:01:43 AM	5.96	4.80	5.02	0.00	0.00	0.00	0.00	0.00	15.79	14.99	11.06	21.70	3160	4801	2261	0	0	0	0	0	10222	26.22	20.19	7.37	36.28	20.40	29.90	42.58	2.08	30.27	10.33
4/23/2018 11:01:45 AM	5.44	4.97	5.37	0.00	0.00	0.00	0.00	0.00	15.78	9.90	11.15	21.86	2882	4971	2417	0	0	0	0	0	10271	17.33	20.74	7.28	36.22	19.87	31.47	42.70	2.09	30.19	10.33
4/23/2018 11:01:48 AM	3.83	5.11	4.15	0.00	0.00	0.00	0.00	0.00	13.09	-0.05	11.07	21.97	2031	5109	1866	0	0	0	0	0	9006	0.01	16.85	6.13	35.13	13.93	28.80	32.88	2.08	30.13	10.33
4/23/2018 11:01:50 AM	3.03	4.66	3.44	0.00	0.00	0.00	0.00	0.00	11.14	-0.10	11.07	22.09	1609	4664	1549	0	0	0	0	0	7822	-0.08	14.29	5.23	31.11	11.40	26.16	27.00	2.09	30.08	10.30
4/23/2018 11:01:52 AM	3.39	4.79	3.14	0.00	0.00	0.00	0.00	0.00	11.33	0.51	11.06	22.17	1798	4794	1415	0	0	0	0	0	8007	0.98	13.92	5.15	32.36	11.17	26.06	27.02	2.08	30.04	10.29
4/23/2018 11:01:55 AM	3.21	5.06	2.52	0.00	0.00	0.00	0.00	0.00	10.79	4.08	11.04	22.25	1704	5063	1132	0	0	0	0	0	7899	7.20	12.55	4.94	33.69	9.54	25.50	23.97	2.08	29.94	10.32
4/23/2018 11:01:57 AM	3.77	4.67	2.57	0.00	0.00	0.00	0.00	0.00	11.00	7.93	11.05	22.30	1996	4670	1155	0	0	0	0	0	7821	13.91	12.75	4.64	31.51	11.13	25.19	25.40	2.08	29.89	10.31
4/23/2018 11:02:00 AM	3.68	4.77	2.38	0.00	0.00	0.00	0.00	0.00	10.83	11.88	11.05	22.36	1952	4768	1071	0	0	0	0	0	7791	20.78	12.32	4.84	31.91	10.70	25.08	24.38	2.08	29.84	10.28
4/23/2018 11:02:02 AM	4.38	4.47	2.34	0.00	0.00	0.00	0.00	0.00	11.19	16.72	11.05	22.42	2322	4465	1053	0	0	0	0	0	7840	29.22	12.36	4.68	30.75	11.39	24.71	26.35	2.08	29.76	10.27
4/23/2018 11:02:04 AM	3.84	4.63	1.13	0.00	0.00	0.00	0.00	0.00	9.60	15.74	11.05	22.45	2036	4633	507	0	0	0	0	0	7176	27.52	9.40	3.62	31.72	8.02	21.85	19.58	2.08	29.71	10.24
4/23/2018 11:02:07 AM	3.51	4.64	0.67	0.00	0.00	0.00	0.00	0.00	8.82	13.67	11.06	22.50	1859	4639	303	0	0	0	0	0	6801	23.91	8.08	3.63	31.16	6.59	20.94	16.58	2.08	29.63	10.27
4/23/2018 11:02:09 AM	3.34	4.90	0.66	0.00	0.00	0.00	0.00	0.00	8.90	17.12	11.06	22.54	1770	4904	295	0	0	0	0	0	6969	29.92	8.19	3.39	32.62	6.17	21.57	16.20	2.08	29.58	10.26
4/23/2018 11:02:11 AM	3.88	5.04	0.87	0.00	0.00	0.00	0.00	0.00	9.79	19.93	11.06	22.54	2055	5037	393	0	0	0	0	0	7485	34.82	9.28	3.46	34.21	7.99	22.43	18.68	2.08	29.53	10.24
4/23/2018 11:02:14 AM	3.89	5.16	0.92	0.00	0.00	0.00	0.00	0.00	9.97	16.73	11.06	22.56	2062	5163	414	0	0	0	0	0	7639	29.24	9.54	3.48	35.12	8.25	22.72	18.94	2.08	29.47	10.24
4/23/2018 11:02:16 AM	3.74	5.15	1.11	0.00	0.00	0.00	0.00	0.00	10.00	19.77	11.06	22.57	1982	5147	499	0	0	0	0	0	7628	34.53	9.83	3.56	34.90	8.03	23.00	19.42	2.08	29.43	10.21
4/23/2018 11:02:19 AM	3.28	5.36	1.18	0.00	0.00	0.00	0.00	0.00	9.82	22.10	11.06	22.58	1736	5360	531	0	0	0	0	0	7627	38.59	9.89	3.47	35.75	7.33	23.46	18.45	2.08	29.35	10.24
4/23/2018 11:02:21 AM	3.25	5.17	0.82	0.00	0.00	0.00	0.00	0.00	9.24	12.70	11.06	22.61	1722	5167	371	0	0	0	0	0	7259	22.22	8.77	3.23	34.52	5.93	22.31	16.98	2.08	29.31	10.19
4/23/2018 11:02:23 AM	2.63	5.51	0.78	0.00	0.00	0.00	0.00	0.00	8.91	2.70	11.06	22.64	1392	5507	351	0	0	0	0	0	7249	4.80	8.67	3.36	36.78	5.09	21.83	14.95	2.08	29.24	10.22
4/23/2018 11:02:26 AM	2.19	4.80	0.23	0.00	0.00	0.00	0.00	0.00	7.22	-0.04	11.06	22.63	1159	4799	105	0	0	0	0	0	6063	0.03	6.59	3.01	32.40	4.01	17.90	10.47	2.08	29.19	10.20
4/23/2018 11:02:28 AM	1.17	3.47	0.00	0.00	0.00	0.00	0.00	0.00	4.64	-0.15	11.06	22.63	622	3465	0	0	0	0	0	0	4087	-0.16	3.54	2.24	24.09	2.06	12.33	5.47	2.08	29.14	10.19
4/23/2018 11:02:30 AM	0.58	2.03	0.00	0.00	0.00	0.00	0.00	0.00	2.62	-0.10	11.06	22.65	310	2031	0	0	0	0	0	0	2341	-0.08	1.82	0.93	15.18	0.91	7.75	2.80	2.08	29.08	10.18
4/23/2018 11:02:33 AM	1.45	3.11	0.00	0.00	0.00	0.00	0.00	0.00	4.56	-0.16	11.09	22.63	771	3106	0	0	0	0	0	0	3877	-0.19	3.84	2.30	21.44	2.18	12.23	6.19	2.09	29.04	10.15
4/23/2018 11:02:35 AM	1.71	2.68	0.71	0.00	0.00	0.00	0.00	0.00	5.10	-0.16	11.00	22.51	904	2682	320	0	0	0	0	0	3905	-0.18	5.41	2.52	19.18	3.64	12.67	9.88	2.08	28.99	10.17
4/23/2018 11:02:38 AM	0.44	0.00	0.02	0.00	0.00	0.00	0.00	0.00	0.47	0.09	10.38	21.57	235	0	10	0	0	0	0	0	245	0.25	0.75	0.33	2.61	0.44	1.90	1.19	2.02	28.95	10.14
4/23/2018 11:02:40 AM	0.62	0.17	0.00	0.00	0.00	0.00	0.00	0.00	0.80	0.30	9.65	20.98	330	172	0	0	0	0	0	0	502	0.63	0.91	0.48	3.79	0.64	2.64	1.75	1.95	28.92	10.13
4/23/2018 11:02:42 AM	4.33	2.43	2.26	0.00	0.00	0.00	0.00	0.27	9.02	20.88	8.89	21.04	2294	2432	1016	0	0	0	0	0	5742	36.46	11.24	4.03	19.91	14.64	17.41	26.44	1.87	28.89	10.08
4/23/2018 11:02:45 AM	3.70	2.54	1.81	0.00	0.00	0.00	0.00	0.00	8.06	11.94	8.42	21.15	1964	2544	813	0	0	0	0	0	5321	20.90	9.19	3.52	19.63	10.09	16.42	20.34	1.82	28.84	10.10
4/23/2018 11:02:47 AM	5.93	1.44	4.17	0.00	0.00	0.00	0.00	1.19	11.53	71.07	7.45	21.25	3142	1436	1876	0	0	0	0	0	6454	123.90	18.20	5.19	17.96	28.91	18.39	47.11	1.73	28.78	10.09
4/23/2018 11:02:49 AM	5.79	2.58	3.59	0.00	0.00	0.00	0.00	0.59	11.95	36.23	7.10	21.33	3066	2581	1614	0	0	0	0	0	7261	63.20	16.20	5.35	23.06	22.37	21.13	39.59	1.70	28.76	10.04
4/23/2018 11:02:52 AM	7.39	1.77	4.40	0.00	0.00	0.00	0.00	1.13	13.56	62.61	6.40	21.47	3917	1774	1980	0	0	0	0	0	7671	109.16	19.81	5.44	21.23	31.02	20.98	52.45	1.63	28.74	10.04
4/23/2018 11:02:54 AM	8.73	1.03	5.02	0.00	0.00	0.00	0.00	1.69	14.78	88.31	5.51	21.87	4625	1033	2259	0	0	0	0	0	7917	153.93	22.89	5.82	19.69	39.17	20.19	63.72	1.54	28.68	10.03
4/23/2018 11:02:57 AM	9.04	0.96	4.89	0.00	0.00	0.00	0.00	1.67	14.89	89.48	4.88	22.22	4789	958	2202	0	0	0	0	0	7949	155.97	22.66	5.46	19.25	39.12	20.27	63.97	1.48	28.64	10.02
4/23/2018 11:02:59 AM	9.07	0.72	4.14	0.00	0.00	0.00	0.00	1.45	13.93	92.37	4.07	23.09	4806	720	1862	0	0	0	0	0	7388	161.00	20.04	5.24	17.16	35.42	18.46	58.89	1.40	28.59	10.00
4/23/2018 11:03:01 AM	6.61	0.16	1.82	0.50	0.00	0.00	0.00	1.11	9.09	93.46	3.33	26.27	3502	160	820	15	0	0	0	0	4497	162.90	13.22	4.06	11.28	24.84	13.21	40.01	1.33	28.57	9.99
4/23/2018 11:03:04 AM	5.31	0.28	1.59	0.13	0.00	0.00	0.00	0.96	7.30	93.98	2.55	28.83	2812	283	714	4	0	0	0	0	3813	163.81	10.43	3.28	9.55	20.49	10.81	32.00	1.25	28.54	9.98
4/23/2018 11:03:06 AM	2.89	0.48	1.62	0.00	0.00	0.00	0.00	1.01	4.99	93.25	1.78	30.03	1530	481	730	0	0	0	0	0	2741	162.54	8.97	3.17	8.42	17.58	8.86	24.31	1.17	28.51	9.97
4/23/2018 11:03:08 AM	2.79	0.28	0.43	0.00	0.00	0.00	0.00	1.08	3.50	93.74	1.14	30.74	1480	279	194	0	0	0	0	0	1953	163.38	6.12	1.65	5.83	15.96	7.28	19.25	1.11	28.49	9.96
4/23/2018 11:03:11 AM	0.00	0.35	0.59	0.00	0.00	0.00	0.00	0.33	0.95	69.77	0.49	30.69	0	353	268	0	0	0	0	0	621	121.63	3.33	0.51	4.42	4.68	4.15	4.85	1.05	28.48	9.95
4/23/2018 11:03:13 AM	0.00	0.25	0.00	0.05	0.00	0.00	0.00	0.14	0.30	73.97	0.38	30.08	0	253	0	1	0	0	0	0	254	128.96	2.29	0.83	2.47	1.95	3.80	0.11	1.04	28.46	9.94
4/23/2018 11:03:16 AM	0.00	0.08	0.00	0.00	0.00	0.00	0.00	0.20	0.08	76.25	0.38	29.35	0	82	0	0	0	0	0	0	82	132.92	1.15	0.65	2.62	2.32	2.06	0.72	1.04	28.44	9.91
4/23/2018 11:03:18 AM	0.00	0.65	0.00	0.00	0.00	0.00	0.00	0.00	0.65	74.63	0.37	28.79	0	652	0	0	0	0	0	0	652	130.10	-0.48	-0.52	3.45	-0.45	6.83	-0.47	1.04	28.41	9.89
4/23/2018 11:03:20 AM	0.00	0.25	0.00	0.00	0.00	0.00	0.00	0.00	0.25	74.38	0.37	28.23	0	249	0	0	0	0	0	0	249	129.67	-1.66	-2.06	2.72	-2.08	4.54	0.58	1.04	28.39	9.90
4/23/2018 11:03:23 AM	0.00	0.18	0.00	0.14	0.00	0.00	0.00	0.00	0.33	75.41	0.37	27.65	0	184	0	4	0	0	0	0	188	131.46	0.79	0.68	1.61	-0.74	5.00	0.32	1.04	28.37	9.89
4/23/2018 11:03:25 AM	0.42	0.05	0.00	0.00	0.00	0.00	0.00	0.00	0.47	74.84	0.37	27.27	222	48	0	0	0	0	0	0	270	130.46	-0.03	0.81	1.53	0.70	3.52	1.01	1.04	28.35	9.87
4/23/2018 11:03:27 AM	0.00	0.27	0.00	0.00	0.00	0.00	0.00	0.02	0.27	76.13	0.37	26.97	0	272	0	0	0	0	0	0	272	132.72	-0.71	0.69	2.95	0.71	3.47	-0.29	1.04	28.33	9.85
4/23/2018 11:03:30 AM	0.00	0.45	0.00	0.16	0.00	0.00	0.00	0.00	0.61	76.32	0.37	26.72	0	453	0	5	0	0	0	0	458	133.04	0.89	1.96	3.70	-1.25	5.27	0.94	1.04	28.30	9.85
